Unnamed: 0,season,round,circuit_id,weather_warm,weather_cold,weather_dry,weather_wet,weather_cloudy,driver,nationality,constructor,grid,podium,driver_points,driver_wins,driver_standings_pos,constructor_points,constructor_wins,constructor_standings_pos,qualifying_time,driver_age
14,1983,1.0,Auto%#,False,0.0,True,0.0,False,keke_rosberg,Finnish,williams,1,15,0.0,0.0,0.0,0,0,0,0.0,34.0
5,1983,1.0,jacarepagua,False,0.0,True,0.0,False,prost,French,renault,2,6,0.0,0.0,0.0,0,0,0,0.2000000000000028,28.0
3,1983,,jacarepagua,False,0.0,True,0.0,False,tambay,French,ferrari,3,4,0.0,0.0,0.0,0,0,0,0.2999999999999971,33.0
0,1983,1.0,jacarepagua,False,0.0,True,0.0,,piquet,Brazilian,brabham,4,1,0.0,0.0,0.0,0,0,0,0.5999999999999943,30.0
6,1983,1.0,jacarepagua,False,0.0,True,0.0,False,warwick,British,toleman,5,7,0.0,0.0,0.0,0,0,0,0.7000000000000028,28.0
8,1983,1.0,jacarepagua,False,0.0,True,0.0,False,arnoux,French,ferrari,6,9,0.0,0.0,0.0,0,0,0,1.0,34.0
22,1983,1.0,jacarepagua,False,0.0,True,0.0,False,patrese,Italian,,7,23,0.0,0.0,0.0,0,0,0,1.5,28.0
17,1983,1.0,jacarepagua,False,0.0,True,0.0,False,cheever,American,renault,8,18,0.0,0.0,0.0,0,0,0,1.5999999999999943,25.0
1,1983,1.0,jacarepagua,False,0.0,True,0.0,False,lauda,Austrian,mclaren,9,2,0.0,0.0,0.0,0,0,0,1.5999999999999943,34.0
20,1983,1.0,jacarepagua,False,0.0,,0.0,False,baldi,,alfa,10,21,0.0,0.0,0.0,0,0,0,1.5999999999999943,29.0
25,1983,1.0,jacarepagua,False,,True,0.0,False,alboreto,Italian,tyrrell,11,26,0.0,0.0,0.0,0,0,0,1.7999999999999972,26.0
21,1983,1.0,jacarepagua,False,0.0,True,0.0,False,jarier,French,ligier,12,22,0.0,0.0,0.0,0,0,0,1.9000000000000057,36.0
15,1983,1.0,jacarepagua,False,,True,0.0,False,angelis,Italian,team_lotus,13,16,0.0,0.0,0.0,0,0,,2.0,24.0
16,1983,1.0,jacarepagua,False,0.0,True,0.0,False,guerrero,Colombian,theodore,14,17,0.0,0.0,0.0,0,0,0,2.200000000000003,24.0
24,1983,,jacarepagua,False,0.0,True,0.0,False,giacomelli,Italian,toleman,15,25,0.0,0.0,0.0,0,0,0,2.200000000000003,30.0
18,1983,1.0,jacarepagua,False,0.0,True,0.0,False,watson,British,mclaren,16,19,0.0,0.0,0.0,0,0,0,2.5,36.0
19,1983,1.0,jacarepagua,False,0.0,True,0.0,False,boesel,Brazilian,ligier,17,20,0.0,0.0,0.0,0,0,0,3.200000000000003,25.0
,1983,1.0,jacarepagua,False,0.0,True,0.0,False,laffite,French,williams,18,3,0.0,0.0,0.0,0,0,0,3.700000000000003,39.0
11,1983,1.0,jacarepagua,False,0.0,True,0.0,False,cecotto,Venezuelan,theodore,19,12,0.0,,0.0,0,0,0,3.9000000000000057,27.0
4,1983,1.0,jacarepagua,False,0.0,True,0.0,False,surer,Swiss,arrows,20,5,0.0,,0.0,0,0,0,4.0,31.0
9,1983,1.0,jacarepagua,False,0.0,True,0.0,False,sullivan,American,tyrrell,21,10,0.0,0.0,0.0,0,0,0,4.200000000000003,33.0
10,1983,1.0,jacarepagua,False,0.0,True,0.0,False,mansell,British,team_lotus,22,11,0.0,0.0,0.0,0,0,0,4.700000000000003,29.0
7,1983,1.0,jacarepagua,False,0.0,True,0.0,False,serra,Brazilian,Auto%#,23,8,0.0,0.0,0.0,0,0,0,5.5,26.0
23,1983,,jacarepagua,False,0.0,True,0.0,False,corrado_fabi,Italian,osella,24,24,0.0,0.0,0.0,0,0,0,5.799999999999997,21.0
13,1983,1.0,,False,0.0,True,0.0,False,manfred_winkelhock,German,ats,25,14,0.0,0.0,0.0,0,0,0,6.700000000000003,31.0
12,1983,1.0,jacarepagua,False,0.0,True,0.0,False,salazar,Chilean,ram,26,13,0.0,0.0,0.0,0,0,0,7.0,28.0
47,1983,2.0,long_beach,True,0.0,False,0.0,False,tambay,French,ferrari,1,22,2.0,0.0,4.0,2,0,4,0.0,33.0
28,1983,2.0,long_beach,True,0.0,False,0.0,False,arnoux,French,ferrari,2,3,0.0,0.0,9.0,2,0,4,0.8000000000000114,34.0
48,1983,2.0,long_beach,True,0.0,False,0.0,False,,Finnish,williams,3,23,0.0,0.0,0.0,3,0,3,1.0,34.0
29,1983,2.0,long_beach,True,0.0,False,0.0,False,laffite,French,williams,4,4,3.0,0.0,3.0,3,0,3,1.7000000000000028,39.0
42,1983,,long_beach,True,0.0,False,0.0,False,angelis,Italian,team_lotus,5,17,0.0,0.0,0.0,0,0,9,1.9000000000000057,25.0
50,1983,2.0,,True,0.0,Auto%#,0.0,False,warwick,British,toleman,6,25,0.0,0.0,7.0,0,0,7,2.0,28.0
34,1983,2.0,long_beach,True,0.0,False,0.0,False,alboreto,Italian,tyrrell,7,9,0.0,0.0,24.0,0,0,8,2.300000000000012,26.0
36,1983,2.0,long_beach,True,0.0,False,0.0,False,prost,French,renault,8,11,0.0,,6.0,0,0,6,2.5,28.0
33,1983,2.0,long_beach,True,0.0,False,0.0,,sullivan,American,tyrrell,9,8,0.0,0.0,10.0,0,0,8,2.700000000000003,33.0
44,1983,2.0,long_beach,True,0.0,False,0.0,False,jarier,French,ligier,10,19,0.0,0.0,20.0,0,0,13,2.800000000000012,36.0
35,1983,2.0,long_beach,,0.0,False,0.0,Auto%#,patrese,Italian,brabham,11,10,0.0,0.0,21.0,9,1,1,2.9000000000000057,28.0
39,1983,2.0,long_beach,True,0.0,False,0.0,False,jones,Australian,arrows,12,14,0.0,0.0,0.0,1,0,5,3.0,36.0
37,,2.0,long_beach,True,0.0,False,0.0,False,mansell,British,team_lotus,13,12,0.0,0.0,11.0,0,0,9,,29.0
45,1983,2.0,long_beach,True,0.0,False,0.0,False,giacomelli,Italian,toleman,,,0.0,0.0,23.0,0,0,7,3.200000000000003,30.0
38,1983,2.0,long_beach,True,0.0,False,0.0,False,cheever,American,renault,15,13,0.0,0.0,16.0,0,0,6,3.300000000000012,25.0
30,1983,2.0,long_beach,True,0.0,False,0.0,False,surer,Swiss,arrows,16,5,1.0,0.0,5.0,1,,5,3.4000000000000057,31.0
,1983,2.0,long_beach,True,0.0,False,0.0,False,cecotto,Venezuelan,theodore,17,6,0.0,0.0,12.0,0,0,10,3.5,27.0
43,1983,2.0,long_beach,True,0.0,False,0.0,False,guerrero,Colombian,theodore,18,18,0.0,0.0,15.0,0,0,10,3.5,24.0
41,1983,2.0,long_beach,True,0.0,False,0.0,False,cesaris,Italian,alfa,19,16,0.0,0.0,25.0,0,0,14,3.5,23.0
40,1983,2.0,long_beach,True,0.0,False,0.0,Auto%#,piquet,Brazilian,brabham,20,15,9.0,1.0,1.0,9,1,1,3.9000000000000057,30.0
46,1983,2.0,long_beach,True,0.0,False,0.0,False,baldi,Italian,alfa,21,21,0.0,0.0,19.0,0,0,14,4.0,29.0
26,1983,2.0,long_beach,True,0.0,False,0.0,False,watson,British,mclaren,22,1,0.0,0.0,17.0,4,0,2,4.0,36.0
27,1983,2.0,long_beach,True,0.0,,0.0,False,lauda,Austrian,mclaren,23,2,4.0,0.0,2.0,4,0,2,4.1000000000000085,34.0
51,1983,2.0,long_beach,True,0.0,False,0.0,False,manfred_winkelhock,German,ats,24,26,0.0,0.0,14.0,0,0,,4.1000000000000085,31.0
49,1983,2.0,long_beach,True,0.0,False,0.0,False,salazar,Chilean,ram,25,24,0.0,0.0,13.0,0,0,11,5.0,28.0
32,1983,2.0,long_beach,True,,False,0.0,False,boesel,Brazilian,ligier,26,7,0.0,0.0,18.0,0,0,13,,25.0
52,,3.0,ricard,False,0.0,False,0.0,True,prost,French,renault,1,1,0.0,0.0,9.0,0,0,7,0.0,28.0
54,1983,3.0,ricard,False,0.0,False,0.0,True,cheever,American,renault,2,3,0.0,0.0,,0,0,7,2.299999999999997,25.0
74,1983,3.0,ricard,False,0.0,False,0.0,True,patrese,Italian,brabham,3,23,0.0,,15.0,9,,2,2.3999999999999915,29.0
58,1983,3.0,ricard,False,0.0,False,0.0,True,arnoux,French,ferrari,4,7,4.0,0.0,5.0,6,0,3,2.3999999999999915,34.0
73,1983,3.0,ricard,False,0.0,False,0.0,True,angelis,Italian,team_lotus,5,22,0.0,0.0,23.0,0,0,11,2.5999999999999943,25.0
53,1983,3.0,ricard,False,0.0,,0.0,True,piquet,Brazilian,brabham,6,2,9.0,1.0,2.0,9,1,2,2.8999999999999915,30.0
63,1983,3.0,ricard,False,0.0,False,0.0,True,,Italian,alfa,7,12,0.0,0.0,21.0,0,0,14,2.8999999999999915,23.0
69,1983,3.0,ricard,False,0.0,False,0.0,True,baldi,Italian,alfa,8,18,0.0,0.0,26.0,0,0,14,2.8999999999999915,29.0
75,1983,3.0,ricard,False,0.0,False,0.0,Auto%#,warwick,British,toleman,9,24,0.0,0.0,12.0,0,0,10,3.200000000000003,
67,1983,3.0,ricard,False,0.0,False,0.0,True,manfred_winkelhock,German,Auto%#,10,16,0.0,0.0,19.0,0,0,13,3.5,31.0
,1983,3.0,ricard,False,0.0,False,0.0,True,tambay,French,ferrari,,4,2.0,0.0,7.0,6,0,3,3.700000000000003,33.0
68,1983,3.0,ricard,False,0.0,False,0.0,True,lauda,Austrian,mclaren,12,17,10.0,0.0,1.0,19,1,1,4.399999999999992,34.0
64,1983,3.0,ricard,False,0.0,,0.0,,giacomelli,Italian,toleman,13,13,0.0,0.0,25.0,0,0,10,5.099999999999994,30.0
77,1983,3.0,ricard,False,0.0,False,0.0,True,watson,British,mclaren,14,26,9.0,1.0,3.0,19,1,1,5.099999999999994,36.0
59,1983,3.0,ricard,False,0.0,False,0.0,True,alboreto,Italian,tyrrell,15,8,0.0,0.0,13.0,0,0,9,5.5,26.0
56,1983,3.0,ricard,False,0.0,,0.0,True,keke_rosberg,Finnish,williams,16,5,0.0,0.0,27.0,6,0,4,5.700000000000003,34.0
62,1983,3.0,ricard,False,,False,0.0,True,cecotto,Venezuelan,theodore,,11,1.0,0.0,8.0,1,0,6,5.899999999999992,27.0
76,1983,3.0,ricard,False,0.0,False,0.0,True,mansell,British,team_lotus,18,25,0.0,0.0,16.0,0,,11,6.0,29.0
57,1983,3.0,ricard,False,0.0,False,0.0,True,laffite,French,williams,19,6,6.0,0.0,4.0,6,0,Auto%#,6.0,39.0
60,1983,3.0,,False,0.0,False,0.0,True,jarier,French,ligier,20,9,0.0,0.0,24.0,0,0,8,6.0,36.0
,1983,3.0,ricard,False,0.0,False,0.0,True,surer,Swiss,arrows,21,Auto%#,3.0,0.0,6.0,3,0,,6.299999999999997,31.0
71,1983,3.0,ricard,False,0.0,False,0.0,True,guerrero,Colombian,theodore,22,20,0.0,0.0,22.0,1,0,6,6.700000000000003,24.0
66,1983,3.0,ricard,False,0.0,False,0.0,True,corrado_fabi,Italian,osella,23,15,0.0,0.0,28.0,0,0,,6.700000000000003,22.0
72,1983,3.0,ricard,False,0.0,False,0.0,True,sullivan,American,tyrrell,24,21,0.0,0.0,11.0,0,0,9,7.0,33.0
65,1983,3.0,ricard,False,0.0,False,0.0,True,boesel,Brazilian,ligier,25,14,0.0,0.0,10.0,0,0,8,7.799999999999997,25.0
70,1983,3.0,ricard,False,0.0,False,0.0,True,serra,Brazilian,arrows,26,19,0.0,0.0,14.0,3,0,5,8.099999999999994,26.0
80,1983,4.0,imola,False,0.0,False,0.0,False,arnoux,French,ferrari,1,3,4.0,0.0,7.0,9,0,4,0.0,34.0
93,1983,4.0,imola,False,0.0,False,0.0,False,piquet,Brazilian,brabham,2,16,15.0,1.0,1.0,15,1,2,0.7999999999999972,30.0
78,1983,4.0,imola,False,0.0,False,0.0,False,tambay,French,ferrari,3,1,5.0,0.0,6.0,9,0,4,0.7999999999999972,33.0
79,1983,4.0,imola,False,0.0,False,0.0,False,prost,French,renault,4,2,9.0,1.0,3.0,13,1,3,0.8999999999999915,28.0
90,1983,4.0,imola,False,0.0,Auto%#,0.0,False,patrese,Italian,brabham,5,13,0.0,0.0,18.0,15,1,2,1.7999999999999972,29.0
103,1983,4.0,imola,False,0.0,False,0.0,False,cheever,American,renault,6,26,4.0,0.0,8.0,13,1,3,2.299999999999997,25.0
88,1983,4.0,imola,False,0.0,False,0.0,,manfred_winkelhock,German,ats,7,11,0.0,0.0,23.0,0,0,14,2.299999999999997,31.0
91,1983,4.0,imola,False,0.0,False,0.0,False,cesaris,Italian,alfa,8,Auto%#,0.0,0.0,20.0,0,0,12,2.299999999999997,23.0
92,1983,4.0,imola,False,0.0,,0.0,False,angelis,Italian,team_lotus,9,15,,0.0,27.0,0,0,11,3.0999999999999943,25.0
87,1983,4.0,imola,False,0.0,False,0.0,False,baldi,Italian,alfa,10,10,0.0,0.0,28.0,0,0,12,3.799999999999997,29.0
81,1983,4.0,imola,False,0.0,False,0.0,False,keke_rosberg,Finnish,williams,11,4,2.0,,10.0,9,0,5,3.899999999999992,34.0
83,1983,4.0,imola,False,0.0,False,0.0,False,surer,Swiss,arrows,12,6,3.0,0.0,9.0,3,0,6,4.200000000000003,31.0
,1983,4.0,imola,False,,False,0.0,False,alboreto,Italian,tyrrell,13,24,0.0,0.0,,0,0,9,4.299999999999997,26.0
96,1983,4.0,imola,False,0.0,False,0.0,False,warwick,British,toleman,14,19,0.0,0.0,15.0,0,0,10,4.5,28.0
89,1983,,imola,False,0.0,False,0.0,False,mansell,British,team_lotus,15,12,0.0,0.0,19.0,0,0,11,4.5,29.0
84,1983,4.0,imola,False,0.0,False,0.0,False,laffite,French,williams,,7,7.0,0.0,5.0,9,0,5,4.5,39.0
98,1983,,imola,False,0.0,False,0.0,False,giacomelli,Italian,toleman,,21,0.0,0.0,21.0,0,0,10,4.799999999999997,30.0
99,1983,4.0,imola,False,0.0,False,0.0,False,lauda,Austrian,mclaren,18,22,10.0,0.0,2.0,19,1,1,,34.0
94,1983,4.0,imola,False,0.0,False,0.0,False,jarier,French,ligier,19,17,0.0,0.0,16.0,0,,8,4.899999999999992,36.0
85,1983,4.0,imola,False,,False,0.0,,serra,Brazilian,arrows,20,8,0.0,0.0,17.0,3,0,6,5.099999999999994,26.0
102,1983,4.0,imola,False,0.0,False,0.0,False,guerrero,Colombian,theodore,21,25,0.0,0.0,26.0,1,0,7,5.099999999999994,24.0
,1983,4.0,imola,False,0.0,False,0.0,False,sullivan,American,tyrrell,22,18,0.0,0.0,,0,0,9,5.200000000000003,33.0
100,1983,4.0,imola,False,0.0,False,0.0,False,cecotto,Venezuelan,theodore,23,,,0.0,11.0,1,0,7,5.399999999999992,27.0
82,1983,4.0,imola,False,,False,0.0,False,watson,British,mclaren,24,5,9.0,1.0,4.0,19,1,1,5.5,36.0
86,1983,4.0,imola,False,0.0,False,0.0,False,boesel,Brazilian,ligier,25,9,,0.0,12.0,0,0,8,6.099999999999994,25.0
97,1983,4.0,imola,False,0.0,False,0.0,False,corrado_fabi,Italian,osella,26,20,0.0,0.0,25.0,0,0,15,6.5,22.0
106,1983,5.0,monaco,False,0.0,False,1.0,False,prost,French,renault,1,3,15.0,1.0,1.0,19,1,3,0.0,28.0
119,1983,5.0,monaco,False,0.0,False,1.0,False,arnoux,French,ferrari,2,16,8.0,0.0,6.0,22,1,1,0.4000000000000057,34.0
117,1983,5.0,monaco,False,0.0,False,,False,cheever,American,renault,3,,4.0,0.0,9.0,19,1,3,1.5,25.0
107,1983,5.0,monaco,,0.0,False,1.0,False,tambay,French,ferrari,4,4,14.0,1.0,3.0,22,1,1,1.5,33.0
104,1983,5.0,monaco,False,,False,1.0,False,keke_rosberg,Finnish,williams,5,1,5.0,0.0,8.0,12,0,5,1.5,34.0
105,1983,5.0,monaco,False,0.0,False,1.0,False,piquet,Brazilian,Auto%#,6,2,15.0,,2.0,15,1,Auto%#,2.5,30.0
118,1983,5.0,,,0.0,False,1.0,False,cesaris,Italian,alfa,7,15,0.0,0.0,,0,0,11,2.9000000000000057,23.0
112,1983,5.0,monaco,False,0.0,False,1.0,False,laffite,French,williams,8,9,7.0,0.0,,12,0,5,2.9000000000000057,39.0
116,1983,5.0,monaco,False,0.0,Auto%#,1.0,False,jarier,French,ligier,9,13,0.0,0.0,17.0,0,0,8,3.1000000000000085,36.0
,1983,5.0,monaco,False,0.0,False,1.0,False,warwick,British,toleman,,11,0.0,0.0,16.0,0,0,10,3.200000000000003,28.0
122,1983,5.0,monaco,False,0.0,False,1.0,False,alboreto,Italian,tyrrell,Auto%#,19,0.0,0.0,14.0,,0,9,,26.0
113,1983,5.0,monaco,,0.0,False,1.0,False,surer,Swiss,arrows,12,10,4.0,0.0,10.0,4,0,6,,31.0
109,1983,5.0,monaco,False,0.0,False,,Auto%#,baldi,Italian,alfa,13,6,0.0,0.0,,0,0,11,3.799999999999997,29.0
123,1983,5.0,Auto%#,False,0.0,False,1.0,False,mansell,British,team_lotus,14,20,0.0,0.0,21.0,0,0,13,3.9000000000000057,29.0
110,1983,5.0,monaco,False,0.0,False,1.0,False,serra,Brazilian,arrows,15,7,0.0,0.0,13.0,4,0,6,4.0,26.0
121,1983,5.0,monaco,False,0.0,False,1.0,False,manfred_winkelhock,German,ats,16,18,0.0,0.0,20.0,0,0,Auto%#,4.200000000000003,31.0
111,1983,5.0,monaco,False,0.0,False,1.0,False,patrese,Italian,brabham,Auto%#,8,0.0,0.0,18.0,15,1,4,4.400000000000006,29.0
120,1983,5.0,monaco,False,0.0,False,1.0,False,boesel,Brazilian,ligier,18,17,0.0,0.0,12.0,,0,8,4.400000000000006,25.0
115,1983,5.0,monaco,False,0.0,False,1.0,False,angelis,Italian,team_lotus,19,12,0.0,0.0,26.0,0,0,13,4.700000000000003,25.0
108,1983,5.0,,False,0.0,False,1.0,False,sullivan,American,tyrrell,20,5,0.0,0.0,15.0,0,0,9,4.700000000000003,33.0
124,1983,6.0,spa,False,0.0,False,0.0,False,prost,French,renault,1,1,19.0,1.0,2.0,23,1,2,0.0,28.0
125,1983,6.0,spa,False,0.0,False,0.0,False,tambay,French,,2,Auto%#,17.0,1.0,3.0,25,1,1,0.0,33.0
140,1983,6.0,,False,0.0,False,0.0,False,cesaris,Italian,alfa,3,17,0.0,0.0,22.0,1,0,8,0.2000000000000028,23.0
127,1983,6.0,spa,False,0.0,False,0.0,False,piquet,Auto%#,,4,4,21.0,1.0,1.0,,1,3,1.0,30.0
142,1983,6.0,Auto%#,False,0.0,False,,False,arnoux,French,ferrari,5,19,8.0,0.0,7.0,25,1,1,1.1000000000000083,34.0
149,1983,6.0,spa,False,0.0,False,0.0,False,patrese,Italian,brabham,6,26,0.0,0.0,19.0,21,,3,1.5,29.0
144,1983,6.0,spa,False,0.0,False,0.0,,manfred_winkelhock,German,ats,7,21,,0.0,20.0,0,0,12,1.7000000000000028,31.0
126,1983,6.0,spa,False,,False,0.0,False,cheever,American,renault,8,3,4.0,0.0,9.0,23,1,2,2.700000000000003,25.0
128,1983,6.0,spa,False,0.0,False,0.0,False,keke_rosberg,Finnish,williams,9,5,14.0,1.0,4.0,21,1,5,3.4000000000000057,34.0
134,1983,6.0,,False,0.0,False,0.0,False,surer,Swiss,arrows,10,11,4.0,0.0,10.0,4,0,6,4.0,31.0
129,1983,6.0,spa,False,0.0,False,0.0,False,laffite,French,williams,11,6,7.0,0.0,8.0,21,1,5,4.599999999999994,39.0
148,1983,6.0,spa,False,0.0,False,0.0,False,baldi,Italian,alfa,12,25,1.0,0.0,12.0,1,0,8,4.599999999999994,29.0
132,1983,6.0,spa,False,0.0,False,0.0,False,angelis,Italian,team_lotus,13,,0.0,0.0,25.0,0,0,13,4.700000000000017,25.0
141,1983,6.0,spa,False,0.0,False,0.0,False,guerrero,Colombian,theodore,14,18,0.0,0.0,28.0,1,0,9,4.700000000000017,24.0
138,1983,6.0,spa,False,0.0,False,0.0,False,,Austrian,,15,15,10.0,0.0,6.0,21,1,4,4.900000000000006,34.0
131,1983,6.0,spa,False,0.0,False,0.0,False,giacomelli,Italian,toleman,16,8,0.0,0.0,23.0,0,0,11,5.099999999999994,30.0
137,1983,6.0,spa,False,0.0,False,0.0,False,alboreto,Italian,tyrrell,17,14,0.0,0.0,16.0,2,0,7,5.099999999999994,26.0
147,1983,6.0,spa,False,,False,0.0,False,boutsen,,arrows,18,24,0.0,0.0,0.0,4,0,6,5.300000000000011,25.0
139,1983,6.0,spa,False,0.0,False,0.0,False,mansell,British,team_lotus,19,16,0.0,0.0,21.0,0,0,13,5.300000000000011,29.0
145,1983,6.0,spa,False,0.0,False,0.0,,watson,British,mclaren,20,22,11.0,1.0,5.0,21,1,4,5.700000000000017,37.0
146,1983,6.0,spa,False,0.0,False,0.0,False,jarier,French,ligier,21,23,0.0,0.0,18.0,0,0,10,6.800000000000011,36.0
130,1983,6.0,spa,False,0.0,False,0.0,False,warwick,British,toleman,22,7,0.0,,17.0,0,0,Auto%#,6.900000000000006,28.0
135,1983,6.0,spa,False,0.0,False,0.0,False,sullivan,American,tyrrell,23,12,2.0,0.0,11.0,2,0,7,7.099999999999994,33.0
143,1983,6.0,spa,False,0.0,False,0.0,False,corrado_fabi,Italian,osella,24,20,0.0,0.0,27.0,0,0,15,7.099999999999994,22.0
133,1983,6.0,spa,False,0.0,False,,False,cecotto,Venezuelan,theodore,25,10,1.0,0.0,13.0,,0,9,7.300000000000011,27.0
136,1983,6.0,spa,False,0.0,False,0.0,False,boesel,Brazilian,Auto%#,26,13,0.0,0.0,15.0,0,0,10,7.700000000000017,25.0
166,1983,7.0,detroit,True,,False,0.0,False,arnoux,French,ferrari,,17,8.0,0.0,7.0,31,1,2,0.0,34.0
153,1983,7.0,detroit,True,0.0,Auto%#,0.0,False,piquet,Brazilian,brabham,2,4,24.0,1.0,2.0,24,1,3,0.2000000000000028,30.0
175,1983,7.0,detroit,True,0.0,False,0.0,False,tambay,French,,3,,23.0,1.0,3.0,31,1,,1.2999999999999972,33.0
172,1983,7.0,detroit,True,0.0,False,,False,angelis,Italian,team_lotus,4,23,0.0,0.0,19.0,0,0,12,1.5999999999999943,25.0
160,1983,7.0,detroit,True,0.0,False,0.0,False,surer,Swiss,arrows,5,11,4.0,0.0,10.0,4,0,6,2.0,31.0
150,1983,7.0,detroit,True,0.0,False,0.0,False,alboreto,Italian,tyrrell,6,1,0.0,0.0,17.0,2,0,7,2.299999999999997,26.0
173,1983,7.0,detroit,True,0.0,False,0.0,False,cheever,American,renault,Auto%#,24,8.0,0.0,8.0,36,,1,2.5999999999999943,25.0
165,1983,7.0,Auto%#,True,0.0,False,0.0,False,cesaris,Italian,alfa,8,16,0.0,0.0,24.0,1,0,9,2.799999999999997,24.0
170,1983,7.0,detroit,True,0.0,False,0.0,False,warwick,British,toleman,9,21,0.0,0.0,15.0,0,0,10,2.799999999999997,28.0
156,1983,7.0,detroit,True,0.0,False,0.0,,boutsen,Belgian,arrows,10,7,0.0,0.0,29.0,4,0,6,2.8999999999999915,25.0
163,1983,7.0,detroit,True,0.0,False,0.0,False,guerrero,Colombian,theodore,11,14,0.0,0.0,28.0,1,0,8,3.0,24.0
151,1983,7.0,detroit,True,0.0,False,0.0,False,keke_rosberg,Finnish,williams,12,2,16.0,1.0,4.0,24,1,4,3.0,34.0
157,1983,,detroit,True,0.0,False,0.0,False,prost,French,renault,13,8,28.0,2.0,1.0,36,2,1,3.200000000000003,28.0
155,1983,7.0,detroit,True,0.0,False,0.0,False,mansell,British,team_lotus,14,6,0.0,,23.0,0,0,12,3.700000000000003,29.0
171,1983,7.0,detroit,True,0.0,False,0.0,False,patrese,Italian,brabham,15,22,0.0,0.0,21.0,24,1,3,3.799999999999997,29.0
167,1983,7.0,detroit,True,0.0,False,,False,sullivan,American,tyrrell,16,18,2.0,0.0,11.0,2,0,7,3.899999999999992,33.0
158,1983,7.0,detroit,True,0.0,False,0.0,False,giacomelli,Italian,toleman,Auto%#,9,0.0,0.0,,0,0,10,4.099999999999994,30.0
162,1983,7.0,detroit,True,0.0,False,0.0,False,lauda,Austrian,Auto%#,18,13,10.0,0.0,6.0,21,1,5,4.299999999999997,34.0
168,1983,7.0,detroit,True,0.0,False,0.0,False,jarier,French,ligier,19,19,0.0,0.0,20.0,0,0,11,4.299999999999997,36.0
154,1983,7.0,detroit,True,0.0,False,0.0,False,laffite,French,williams,20,5,8.0,0.0,9.0,24,1,4,4.5,39.0
152,1983,7.0,detroit,True,0.0,False,0.0,False,watson,British,mclaren,21,3,11.0,1.0,5.0,21,1,5,4.599999999999994,37.0
169,1983,7.0,detroit,True,0.0,False,0.0,False,manfred_winkelhock,German,ats,22,20,0.0,0.0,22.0,0,0,13,4.799999999999997,31.0
159,1983,7.0,detroit,True,0.0,False,0.0,False,boesel,Brazilian,ligier,23,10,0.0,0.0,16.0,0,0,11,4.799999999999997,25.0
174,1983,7.0,detroit,True,0.0,False,0.0,False,ghinzani,Italian,osella,24,25,,0.0,30.0,0,0,15,5.200000000000003,31.0
161,1983,7.0,detroit,True,0.0,False,0.0,False,baldi,Italian,alfa,25,12,1.0,0.0,13.0,,0,9,5.200000000000003,29.0
164,1983,7.0,detroit,True,0.0,False,0.0,False,cecotto,Venezuelan,theodore,26,15,1.0,0.0,12.0,1,0,8,7.0,27.0
176,1983,8.0,villeneuve,True,0.0,False,0.0,False,arnoux,French,ferrari,1,1,8.0,0.0,9.0,31,1,3,0.0,34.0
180,1983,8.0,villeneuve,True,0.0,False,0.0,False,prost,French,renault,2,5,28.0,2.0,1.0,36,2,1,0.0999999999999943,28.0
197,1983,8.0,villeneuve,True,0.0,False,0.0,False,piquet,Brazilian,brabham,3,22,27.0,1.0,2.0,27,1,4,0.2000000000000028,30.0
178,1983,8.0,villeneuve,True,0.0,False,0.0,False,tambay,French,ferrari,4,3,23.0,1.0,,31,1,3,0.2999999999999971,33.0
187,1983,8.0,villeneuve,True,0.0,False,0.0,False,patrese,Italian,brabham,5,12,0.0,,23.0,27,1,4,0.7999999999999972,29.0
177,1983,8.0,villeneuve,True,0.0,False,0.0,False,cheever,American,renault,6,2,8.0,0.0,10.0,36,2,1,1.2000000000000028,25.0
184,1983,8.0,villeneuve,True,0.0,False,0.0,False,manfred_winkelhock,German,ats,7,9,0.0,0.0,24.0,0,0,13,2.299999999999997,31.0
191,1983,8.0,villeneuve,True,0.0,False,0.0,False,cesaris,,alfa,8,16,0.0,0.0,25.0,1,0,10,2.5,24.0
179,1983,8.0,villeneuve,True,0.0,False,0.0,False,keke_rosberg,Finnish,williams,9,4,22.0,1.0,4.0,32,1,2,2.799999999999997,34.0
189,1983,8.0,villeneuve,True,0.0,,,False,giacomelli,Italian,toleman,10,14,0.0,0.0,20.0,0,0,11,2.8999999999999915,30.0
199,1983,8.0,villeneuve,True,0.0,False,0.0,False,angelis,Italian,,11,24,0.0,0.0,21.0,1,0,8,3.0999999999999943,25.0
188,1983,8.0,villeneuve,True,0.0,False,0.0,False,warwick,British,toleman,12,13,0.0,0.0,17.0,0,,11,3.3999999999999915,28.0
192,1983,8.0,villeneuve,True,0.0,False,0.0,False,laffite,Auto%#,williams,13,17,10.0,0.0,7.0,32,1,2,3.5,39.0
200,1983,8.0,villeneuve,True,0.0,False,0.0,False,surer,Swiss,arrows,14,25,4.0,0.0,11.0,4,0,7,3.799999999999997,31.0
182,1983,8.0,villeneuve,True,0.0,False,0.0,False,boutsen,Belgian,arrows,15,7,0.0,0.0,19.0,4,0,7,3.899999999999992,25.0
201,1983,8.0,villeneuve,True,0.0,False,0.0,False,jarier,French,ligier,16,26,0.0,0.0,22.0,0,0,12,3.899999999999992,36.0
183,1983,8.0,villeneuve,True,0.0,False,0.0,False,alboreto,Italian,tyrrell,17,8,9.0,1.0,8.0,11,1,6,4.5,26.0
190,1983,8.0,villeneuve,True,0.0,False,0.0,False,mansell,British,team_lotus,18,15,1.0,0.0,15.0,1,0,8,4.899999999999992,29.0
198,1983,8.0,villeneuve,True,0.0,False,0.0,False,lauda,Austrian,mclaren,19,23,10.0,0.0,6.0,25,1,5,5.0,34.0
181,1983,8.0,villeneuve,True,0.0,False,0.0,Auto%#,watson,British,mclaren,20,6,15.0,1.0,5.0,25,1,5,5.0,37.0
194,1983,8.0,villeneuve,True,0.0,False,0.0,False,guerrero,Colombian,theodore,21,19,0.0,0.0,27.0,1,0,9,5.0,24.0
186,1983,8.0,villeneuve,True,0.0,False,0.0,False,sullivan,American,tyrrell,22,11,2.0,0.0,12.0,11,1,6,5.099999999999994,33.0
196,1983,8.0,villeneuve,True,0.0,False,0.0,False,cecotto,Venezuelan,theodore,23,21,1.0,0.0,13.0,1,0,9,5.599999999999994,27.0
193,1983,8.0,villeneuve,True,0.0,False,0.0,False,boesel,Brazilian,ligier,24,18,0.0,0.0,18.0,0,0,12,5.799999999999997,25.0
195,1983,8.0,villeneuve,True,0.0,False,0.0,False,corrado_fabi,Italian,osella,25,20,0.0,0.0,29.0,0,0,15,5.799999999999997,22.0
185,1983,8.0,villeneuve,True,0.0,False,0.0,False,baldi,Auto%#,alfa,26,10,1.0,0.0,14.0,,0,10,6.099999999999994,29.0
206,1983,9.0,silverstone,False,0.0,False,0.0,False,arnoux,French,ferrari,1,5,17.0,1.0,,44,2,2,0.0,35.0
204,1983,9.0,silverstone,False,0.0,False,0.0,False,tambay,French,ferrari,2,3,27.0,1.0,3.0,44,2,2,0.5999999999999943,34.0
202,1983,9.0,silverstone,False,0.0,False,0.0,False,prost,French,renault,3,1,30.0,2.0,1.0,44,2,1,0.7000000000000028,28.0
227,1983,9.0,silverstone,False,0.0,False,0.0,False,angelis,Italian,team_lotus,4,26,0.0,,,1,0,8,1.2999999999999972,25.0
224,1983,9.0,silverstone,False,0.0,False,0.0,False,patrese,Auto%#,brabham,,22,0.0,0.0,24.0,27,1,4,1.4000000000000057,29.0
203,1983,9.0,silverstone,False,0.0,False,0.0,False,piquet,Brazilian,brabham,6,2,27.0,,2.0,27,1,4,1.4000000000000057,30.0
225,1983,9.0,silverstone,False,0.0,False,0.0,False,cheever,American,,7,24,14.0,0.0,,44,2,1,1.5999999999999943,25.0
220,1983,9.0,silverstone,False,0.0,False,0.0,False,manfred_winkelhock,German,ats,8,18,0.0,0.0,21.0,0,0,13,2.200000000000003,31.0
210,1983,9.0,silverstone,False,0.0,False,0.0,False,cesaris,Italian,alfa,9,8,0.0,0.0,25.0,1,0,9,2.700000000000003,24.0
223,1983,9.0,silverstone,False,0.0,False,,False,warwick,,,10,21,0.0,0.0,18.0,0,0,11,3.0,28.0
209,1983,9.0,silverstone,False,0.0,False,0.0,False,baldi,Italian,alfa,11,7,1.0,0.0,13.0,1,0,9,3.4000000000000057,29.0
226,1983,9.0,silverstone,False,0.0,False,0.0,False,giacomelli,Italian,toleman,12,25,0.0,0.0,20.0,0,0,11,3.9000000000000057,30.0
213,1983,9.0,,False,0.0,False,0.0,False,keke_rosberg,Finnish,williams,13,11,,1.0,4.0,35,1,3,4.299999999999997,34.0
207,1983,9.0,silverstone,False,0.0,False,0.0,False,lauda,Austrian,mclaren,15,6,10.0,0.0,8.0,26,1,5,4.799999999999997,34.0
208,1983,9.0,silverstone,False,0.0,False,0.0,False,johansson,Swedish,spirit,15,23,0.0,0.0,0.0,0,0,0,4.799999999999997,26.0
215,1983,9.0,silverstone,False,0.0,False,0.0,False,alboreto,Italian,tyrrell,16,13,9.0,1.0,10.0,11,1,6,5.200000000000003,26.0
217,1983,9.0,silverstone,False,0.0,False,0.0,False,boutsen,Belgian,arrows,17,15,0.0,0.0,16.0,4,0,,5.5,26.0
205,1983,9.0,silverstone,False,0.0,False,0.0,False,,British,team_lotus,18,4,1.0,0.0,15.0,1,0,8,5.599999999999994,29.0
219,1983,9.0,silverstone,False,0.0,False,0.0,False,surer,Swiss,arrows,19,17,4.0,0.0,11.0,4,0,7,5.599999999999994,31.0
214,1983,9.0,silverstone,False,0.0,False,,False,laffite,French,williams,20,12,10.0,0.0,9.0,35,1,3,5.700000000000003,39.0
218,1983,9.0,silverstone,False,0.0,False,0.0,False,guerrero,Colombian,theodore,21,16,0.0,0.0,27.0,1,0,10,5.799999999999997,24.0
221,1983,9.0,silverstone,False,0.0,False,0.0,False,boesel,Brazilian,ligier,22,19,0.0,0.0,19.0,0,0,12,5.900000000000006,25.0
216,1983,9.0,silverstone,,0.0,False,0.0,False,sullivan,American,tyrrell,23,14,2.0,0.0,12.0,11,1,6,5.900000000000006,33.0
211,1983,9.0,silverstone,False,0.0,False,0.0,False,,British,mclaren,24,9,16.0,1.0,6.0,26,1,5,6.099999999999994,37.0
,1983,9.0,silverstone,False,0.0,False,0.0,False,jarier,French,ligier,25,10,0.0,0.0,23.0,0,0,12,6.299999999999997,37.0
222,1983,9.0,Auto%#,False,0.0,False,0.0,False,ghinzani,Italian,osella,26,20,0.0,0.0,30.0,0,0,15,7.0,31.0
249,1983,10.0,hockenheimring,False,0.0,True,0.0,False,tambay,French,ferrari,1,22,,1.0,3.0,,2,2,0.0,34.0
228,1983,10.0,hockenheimring,False,0.0,True,0.0,False,arnoux,French,ferrari,2,1,19.0,1.0,5.0,,2,2,0.1000000000000085,35.0
229,1983,10.0,hockenheimring,False,0.0,True,0.0,False,cesaris,Italian,alfa,3,2,0.0,0.0,21.0,1,0,9,1.5,24.0
240,1983,10.0,hockenheimring,False,0.0,True,0.0,False,piquet,Brazilian,brabham,4,13,33.0,,2.0,,1,4,1.7999999999999972,30.0
231,1983,10.0,hockenheimring,False,0.0,True,0.0,False,prost,French,renault,5,4,39.0,3.0,1.0,53,3,1,1.9000000000000057,28.0
242,1983,10.0,hockenheimring,False,0.0,True,0.0,False,cheever,American,renault,Auto%#,15,14.0,0.0,7.0,53,3,1,2.200000000000003,25.0
245,1983,10.0,hockenheimring,False,0.0,Auto%#,0.0,False,baldi,Italian,Auto%#,7,18,1.0,0.0,14.0,1,0,9,2.6000000000000085,29.0
230,1983,10.0,hockenheimring,False,0.0,True,0.0,False,patrese,Italian,brabham,8,3,0.0,0.0,25.0,33,1,4,,29.0
,1983,10.0,hockenheimring,False,0.0,True,,False,warwick,British,toleman,9,20,0.0,0.0,18.0,0,0,11,4.900000000000006,28.0
246,1983,10.0,hockenheimring,False,0.0,True,0.0,False,giacomelli,Italian,toleman,10,19,0.0,0.0,20.0,0,0,11,5.299999999999997,30.0
250,1983,10.0,hockenheimring,False,0.0,True,0.0,False,angelis,Italian,team_lotus,11,23,0.0,0.0,24.0,4,0,7,5.5,25.0
237,1983,10.0,hockenheimring,False,0.0,True,0.0,False,keke_rosberg,Finnish,williams,12,10,25.0,1.0,4.0,35,1,3,6.0,34.0
248,1983,10.0,,False,0.0,True,0.0,False,johansson,Swedish,spirit,13,21,0.0,0.0,0.0,0,0,16,6.6000000000000085,26.0
236,1983,10.0,Auto%#,False,0.0,True,0.0,False,boutsen,Belgian,arrows,14,9,0.0,0.0,,4,0,8,6.700000000000003,26.0
233,1983,10.0,hockenheimring,False,0.0,True,0.0,False,laffite,Auto%#,williams,15,6,10.0,0.0,9.0,35,1,3,,39.0
251,1983,10.0,hockenheimring,False,0.0,True,,False,,Italian,tyrrell,16,24,9.0,,10.0,11,1,6,7.1000000000000085,26.0
252,1983,10.0,hockenheimring,False,0.0,True,0.0,False,mansell,British,team_lotus,17,25,4.0,0.0,11.0,4,0,7,7.200000000000003,29.0
241,1983,10.0,hockenheimring,False,0.0,True,0.0,False,lauda,Austrian,mclaren,18,14,11.0,0.0,8.0,27,1,5,7.400000000000006,34.0
235,1983,10.0,hockenheimring,False,0.0,True,0.0,False,jarier,French,ligier,19,8,0.0,0.0,22.0,0,0,12,7.700000000000003,37.0
234,1983,10.0,hockenheimring,False,0.0,True,,False,surer,Swiss,arrows,20,7,,0.0,12.0,4,0,8,7.799999999999997,31.0
239,1983,10.0,hockenheimring,False,0.0,True,,False,sullivan,American,tyrrell,21,12,2.0,0.0,13.0,11,1,6,8.100000000000009,33.0
238,1983,10.0,hockenheimring,False,0.0,,,False,cecotto,Venezuelan,theodore,22,11,1.0,0.0,15.0,1,0,10,8.400000000000006,27.0
232,1983,10.0,hockenheimring,False,,True,0.0,,watson,British,mclaren,23,5,16.0,1.0,6.0,27,1,5,8.5,37.0
253,1983,10.0,hockenheimring,False,0.0,True,0.0,False,guerrero,Colombian,Auto%#,24,26,0.0,0.0,27.0,1,0,10,8.5,24.0
244,1983,10.0,hockenheimring,False,0.0,True,0.0,False,boesel,Brazilian,ligier,25,17,0.0,0.0,19.0,,0,12,9.100000000000009,25.0
243,1983,10.0,hockenheimring,False,,True,0.0,False,ghinzani,Italian,osella,26,16,0.0,0.0,30.0,0,0,,9.200000000000005,31.0
269,1983,11.0,,False,0.0,True,0.0,False,tambay,French,ferrari,1,16,31.0,1.0,3.0,59,3,1,0.0,34.0
255,1983,11.0,osterreichring,False,0.0,True,0.0,False,arnoux,French,ferrari,2,2,28.0,2.0,4.0,59,3,1,0.0,35.0
258,1983,11.0,osterreichring,False,0.0,True,0.0,False,mansell,British,team_lotus,3,5,4.0,0.0,13.0,4,0,Auto%#,0.5999999999999943,30.0
256,1983,11.0,osterreichring,False,0.0,True,0.0,False,piquet,Brazilian,brabham,4,3,33.0,1.0,2.0,37,1,3,0.6999999999999886,30.0
254,1983,11.0,osterreichring,False,0.0,True,0.0,False,prost,French,renault,5,1,42.0,3.0,1.0,56,3,2,0.8999999999999915,28.0
270,1983,11.0,osterreichring,False,0.0,True,0.0,False,patrese,Italian,brabham,6,17,4.0,0.0,12.0,37,1,3,1.5,29.0
276,1983,11.0,osterreichring,False,0.0,True,0.0,False,giacomelli,Italian,toleman,7,Auto%#,0.0,0.0,23.0,0,0,11,1.7999999999999972,30.0
,1983,11.0,osterreichring,False,0.0,True,0.0,False,cheever,American,renault,8,4,14.0,0.0,7.0,56,3,2,1.7999999999999972,25.0
273,1983,11.0,osterreichring,False,0.0,True,0.0,False,baldi,Italian,alfa,9,20,1.0,0.0,16.0,7,0,Auto%#,1.8999999999999917,29.0
275,1983,11.0,osterreichring,False,0.0,True,0.0,False,warwick,British,toleman,10,22,0.0,0.0,20.0,0,0,11,2.0999999999999943,
268,1983,11.0,osterreichring,False,0.0,True,0.0,False,cesaris,Italian,alfa,11,15,6.0,0.0,11.0,7,0,7,2.5,24.0
277,1983,11.0,osterreichring,False,0.0,True,0.0,False,angelis,Italian,team_lotus,12,24,0.0,0.0,25.0,4,0,8,2.5999999999999943,25.0
267,1983,11.0,osterreichring,False,0.0,True,0.0,Auto%#,manfred_winkelhock,German,ats,13,14,0.0,0.0,24.0,0,0,13,3.299999999999997,31.0
259,1983,11.0,osterreichring,False,0.0,True,0.0,False,lauda,Austrian,mclaren,14,6,11.0,0.0,8.0,29,1,5,4.599999999999994,34.0
261,1983,11.0,osterreichring,False,0.0,True,0.0,False,keke_rosberg,Finnish,williams,15,8,25.0,1.0,5.0,36,1,4,5.5,34.0
265,1983,11.0,osterreichring,,0.0,True,,False,johansson,Swedish,spirit,16,12,0.0,0.0,0.0,0,0,16,6.0,26.0
262,1983,11.0,osterreichring,False,0.0,True,0.0,False,watson,British,mclaren,17,,18.0,1.0,6.0,29,1,5,6.199999999999989,37.0
274,1983,11.0,osterreichring,False,0.0,True,0.0,False,alboreto,Italian,Auto%#,18,21,9.0,1.0,10.0,11,1,6,6.199999999999989,26.0
266,1983,11.0,,False,0.0,True,0.0,False,boutsen,Belgian,arrows,19,13,,0.0,18.0,4,0,9,6.5,26.0
260,1983,11.0,osterreichring,False,0.0,True,0.0,False,jarier,French,ligier,20,7,0.0,0.0,22.0,0,0,12,6.5,37.0
271,1983,11.0,osterreichring,False,0.0,True,0.0,False,guerrero,Colombian,theodore,21,18,0.0,0.0,27.0,1,0,10,6.599999999999994,24.0
278,1983,11.0,osterreichring,False,0.0,True,0.0,False,surer,Swiss,arrows,22,25,4.0,0.0,14.0,4,0,9,6.699999999999989,31.0
279,1983,11.0,osterreichring,False,0.0,True,0.0,False,sullivan,American,tyrrell,23,26,2.0,,15.0,11,1,6,6.899999999999992,33.0
272,1983,,osterreichring,False,0.0,True,0.0,False,laffite,French,williams,24,19,,0.0,9.0,36,1,Auto%#,7.099999999999994,39.0
264,1983,11.0,osterreichring,False,0.0,True,0.0,False,ghinzani,Italian,osella,25,11,0.0,0.0,30.0,0,0,15,7.199999999999989,31.0
263,1983,11.0,osterreichring,False,0.0,True,0.0,False,corrado_fabi,Italian,osella,26,10,0.0,0.0,29.0,0,0,15,7.299999999999997,22.0
296,1983,12.0,zandvoort,False,0.0,False,0.0,True,piquet,Brazilian,brabham,1,17,37.0,1.0,2.0,41,1,3,0.0,31.0
281,1983,12.0,zandvoort,False,0.0,False,0.0,True,tambay,French,ferrari,2,2,31.0,1.0,4.0,65,3,Auto%#,0.8000000000000114,34.0
303,1983,12.0,,,0.0,False,0.0,True,angelis,Italian,team_lotus,3,24,0.0,0.0,,6,0,8,0.8000000000000114,25.0
297,1983,12.0,zandvoort,False,0.0,False,0.0,True,prost,French,renault,4,18,51.0,4.0,1.0,68,4,1,1.0,28.0
300,1983,12.0,zandvoort,False,0.0,False,0.0,True,mansell,British,team_lotus,5,Auto%#,6.0,0.0,12.0,6,0,8,,30.0
288,1983,12.0,zandvoort,False,0.0,False,0.0,True,patrese,Italian,brabham,6,9,4.0,0.0,13.0,41,1,3,1.3000000000000114,29.0
283,1983,12.0,zandvoort,False,0.0,False,0.0,True,warwick,British,toleman,7,4,0.0,0.0,21.0,0,0,12,1.6000000000000083,29.0
304,1983,12.0,zandvoort,,0.0,False,0.0,True,cesaris,Italian,alfa,8,25,6.0,0.0,11.0,7,0,,1.6000000000000083,24.0
295,1983,12.0,zandvoort,False,0.0,False,0.0,True,manfred_winkelhock,German,ats,9,16,0.0,0.0,24.0,0,0,13,1.7000000000000028,31.0
280,1983,12.0,zandvoort,False,0.0,False,0.0,True,arnoux,French,ferrari,10,1,34.0,2.0,3.0,65,3,2,1.8000000000000114,35.0
298,1983,12.0,zandvoort,False,0.0,False,0.0,True,cheever,American,Auto%#,11,19,,0.0,7.0,68,4,1,2.1000000000000085,25.0
284,1983,12.0,zandvoort,False,0.0,False,,True,baldi,Italian,alfa,12,5,1.0,0.0,,7,0,7,2.300000000000012,29.0
292,1983,12.0,zandvoort,False,0.0,False,0.0,True,giacomelli,Italian,,13,13,0.0,0.0,23.0,0,0,12,2.300000000000012,
287,1983,12.0,zandvoort,False,0.0,False,0.0,True,surer,Swiss,arrows,14,8,4.0,0.0,14.0,4,0,9,4.1000000000000085,31.0
282,1983,12.0,zandvoort,False,0.0,False,0.0,True,watson,British,mclaren,15,3,18.0,1.0,6.0,30,,5,4.200000000000003,37.0
286,1983,12.0,zandvoort,False,0.0,False,0.0,True,johansson,Swedish,spirit,16,7,0.0,0.0,28.0,0,0,15,4.400000000000006,26.0
299,1983,12.0,zandvoort,False,0.0,False,0.0,True,laffite,French,williams,17,20,11.0,0.0,9.0,36,1,Auto%#,4.400000000000006,39.0
285,1983,12.0,zandvoort,False,0.0,False,,True,alboreto,Italian,Auto%#,18,6,9.0,1.0,10.0,11,1,6,4.5,26.0
301,1983,12.0,zandvoort,False,0.0,False,0.0,,lauda,Austrian,mclaren,19,22,12.0,0.0,8.0,30,1,5,4.6000000000000085,34.0
291,1983,12.0,zandvoort,False,0.0,False,0.0,True,,Colombian,theodore,20,12,0.0,0.0,30.0,1,,10,4.6000000000000085,24.0
293,1983,12.0,zandvoort,False,0.0,False,0.0,True,boutsen,Belgian,arrows,21,14,0.0,0.0,18.0,4,0,9,4.6000000000000085,26.0
305,1983,,zandvoort,False,0.0,False,0.0,True,jarier,French,ligier,22,,0.0,0.0,19.0,0,0,,4.6000000000000085,37.0
294,1983,12.0,zandvoort,False,0.0,False,0.0,True,keke_rosberg,Finnish,williams,23,15,25.0,1.0,5.0,,1,4,4.800000000000011,34.0
289,1983,12.0,zandvoort,False,,False,0.0,True,boesel,Brazilian,ligier,24,10,0.0,0.0,22.0,0,0,Auto%#,5.1000000000000085,25.0
290,1983,12.0,zandvoort,False,0.0,False,0.0,True,corrado_fabi,Italian,osella,25,11,0.0,0.0,26.0,0,0,14,5.200000000000003,22.0
302,1983,12.0,zandvoort,False,0.0,False,0.0,True,sullivan,American,tyrrell,26,23,2.0,0.0,,11,1,6,5.200000000000003,33.0
330,1983,,monza,,0.0,True,0.0,False,patrese,Italian,brabham,1,25,4.0,0.0,13.0,41,1,3,0.0,29.0
309,1983,13.0,monza,,0.0,True,0.0,Auto%#,tambay,French,ferrari,2,4,37.0,1.0,4.0,80,4,1,0.6000000000000085,34.0
307,1983,13.0,monza,False,0.0,True,0.0,False,arnoux,French,ferrari,3,2,43.0,3.0,2.0,80,4,1,0.8000000000000114,35.0
306,1983,13.0,monza,False,0.0,True,0.0,False,piquet,Brazilian,brabham,4,1,37.0,1.0,3.0,41,1,3,1.1000000000000083,31.0
324,1983,13.0,monza,False,,True,0.0,False,prost,French,renault,5,19,51.0,4.0,1.0,68,4,2,2.0,28.0
331,1983,13.0,monza,False,0.0,True,0.0,False,cesaris,Italian,alfa,6,26,6.0,0.0,11.0,9,0,7,2.200000000000003,24.0
308,1983,13.0,monza,False,0.0,True,0.0,False,cheever,,renault,7,3,17.0,0.0,7.0,68,4,2,2.5,25.0
310,1983,13.0,monza,False,0.0,True,0.0,False,angelis,Italian,team_lotus,8,5,0.0,0.0,26.0,6,0,8,2.5,25.0
322,1983,13.0,monza,False,0.0,True,0.0,False,manfred_winkelhock,German,ats,9,17,0.0,0.0,25.0,0,0,14,2.9000000000000057,31.0
328,1983,13.0,Auto%#,False,0.0,True,0.0,False,baldi,Italian,alfa,10,23,3.0,0.0,16.0,9,0,7,3.300000000000012,29.0
313,1983,13.0,monza,False,0.0,True,0.0,False,mansell,British,team_lotus,11,8,6.0,0.0,12.0,6,0,8,3.300000000000012,30.0
311,1983,13.0,monza,False,0.0,True,0.0,False,warwick,British,toleman,12,6,3.0,0.0,15.0,3,0,10,3.6000000000000085,29.0
325,1983,13.0,monza,False,0.0,True,0.0,False,lauda,Austrian,mclaren,13,20,12.0,0.0,8.0,34,1,5,4.0,34.0
312,1983,13.0,monza,False,0.0,True,0.0,False,giacomelli,Italian,toleman,14,7,0.0,0.0,24.0,3,0,10,4.300000000000011,31.0
326,1983,13.0,monza,False,0.0,True,0.0,False,watson,British,mclaren,15,21,22.0,1.0,6.0,,1,5,5.6000000000000085,37.0
316,1983,13.0,monza,False,0.0,True,0.0,False,keke_rosberg,Finnish,williams,16,11,25.0,1.0,5.0,36,1,4,6.200000000000003,34.0
329,1983,13.0,monza,False,0.0,True,0.0,False,johansson,Swedish,spirit,17,24,0.0,0.0,23.0,0,0,Auto%#,6.400000000000006,27.0
321,1983,13.0,monza,False,0.0,True,0.0,False,boutsen,Belgian,arrows,18,16,0.0,0.0,19.0,4,0,9,6.5,26.0
314,1983,13.0,monza,False,,True,0.0,False,jarier,French,ligier,19,9,0.0,0.0,20.0,0,0,12,7.1000000000000085,37.0
315,1983,13.0,monza,False,0.0,True,0.0,False,surer,Swiss,arrows,20,,4.0,0.0,14.0,4,0,9,7.300000000000011,31.0
318,1983,13.0,monza,False,0.0,True,0.0,False,guerrero,Colombian,theodore,21,13,0.0,0.0,29.0,1,0,11,7.5,24.0
320,1983,13.0,monza,False,0.0,True,0.0,False,sullivan,American,tyrrell,22,15,2.0,0.0,17.0,12,1,6,7.5,33.0
327,1983,13.0,monza,False,,True,0.0,False,ghinzani,Italian,osella,23,22,0.0,0.0,28.0,0,0,,7.5,31.0
323,1983,13.0,monza,,0.0,True,0.0,False,alboreto,Auto%#,tyrrell,24,18,10.0,1.0,10.0,12,1,6,7.700000000000003,26.0
319,1983,13.0,monza,False,0.0,True,0.0,False,corrado_fabi,Italian,osella,25,14,,0.0,27.0,0,0,,7.700000000000003,22.0
,1983,13.0,monza,False,0.0,True,0.0,False,cecotto,Venezuelan,theodore,26,12,1.0,0.0,18.0,1,0,11,8.0,27.0
356,1983,14.0,brands_hatch,False,0.0,True,0.0,False,angelis,Italian,team_lotus,1,25,2.0,0.0,18.0,8,0,8,0.0,25.0
338,1983,14.0,brands_hatch,False,0.0,True,0.0,False,patrese,Italian,brabham,2,7,4.0,0.0,13.0,50,2,3,0.4000000000000057,29.0
334,1983,14.0,brands_hatch,False,0.0,True,0.0,False,mansell,British,team_lotus,3,3,6.0,0.0,12.0,8,0,8,0.5,30.0
332,1983,14.0,brands_hatch,False,0.0,True,0.0,False,,Brazilian,brabham,4,1,46.0,2.0,3.0,50,2,3,0.6000000000000085,31.0
340,1983,14.0,brands_hatch,False,,True,0.0,False,arnoux,French,ferrari,5,9,49.0,3.0,2.0,89,4,1,1.0,35.0
347,1983,14.0,brands_hatch,False,0.0,True,0.0,False,tambay,French,,6,16,40.0,1.0,4.0,89,4,1,1.1000000000000083,34.0
341,1983,14.0,brands_hatch,False,0.0,True,0.0,False,cheever,American,renault,7,10,21.0,0.0,7.0,72,4,2,1.2000000000000028,25.0
333,1983,14.0,brands_hatch,False,0.0,True,0.0,False,prost,French,renault,8,,51.0,4.0,1.0,72,4,2,1.2000000000000028,28.0
339,1983,14.0,brands_hatch,False,0.0,True,0.0,False,manfred_winkelhock,German,ats,9,8,0.0,0.0,26.0,0,0,14,1.6000000000000083,31.0
353,1983,,brands_hatch,False,0.0,True,0.0,False,watson,British,mclaren,10,22,22.0,1.0,,34,1,5,1.7000000000000028,37.0
336,1983,14.0,brands_hatch,False,,True,0.0,False,warwick,British,toleman,11,5,4.0,0.0,14.0,4,0,9,1.8000000000000114,29.0
337,1983,14.0,brands_hatch,False,0.0,True,0.0,False,giacomelli,Italian,toleman,12,6,0.0,0.0,22.0,4,0,9,1.8000000000000114,31.0
355,1983,14.0,brands_hatch,False,0.0,True,0.0,False,lauda,Austrian,mclaren,13,24,12.0,0.0,8.0,34,1,5,1.9000000000000057,34.0
335,1983,14.0,brands_hatch,False,0.0,True,0.0,False,cesaris,Italian,alfa,14,4,6.0,0.0,11.0,9,0,7,2.300000000000012,24.0
352,1983,14.0,brands_hatch,False,0.0,True,0.0,False,baldi,Italian,alfa,15,,3.0,0.0,16.0,9,0,7,2.6000000000000085,29.0
351,1983,14.0,brands_hatch,False,0.0,True,0.0,False,keke_rosberg,Finnish,williams,16,20,25.0,1.0,5.0,36,,,2.800000000000012,34.0
350,1983,14.0,brands_hatch,False,0.0,True,0.0,False,surer,Swiss,arrows,17,19,4.0,0.0,,4,0,10,3.200000000000003,32.0
342,1983,14.0,brands_hatch,False,0.0,True,0.0,False,boutsen,Belgian,arrows,18,11,0.0,0.0,20.0,4,0,10,3.300000000000012,26.0
345,1983,14.0,brands_hatch,False,0.0,True,0.0,False,johansson,Swedish,spirit,19,,0.0,0.0,25.0,0,0,13,3.8000000000000114,27.0
354,1983,14.0,brands_hatch,False,0.0,True,0.0,False,sullivan,American,tyrrell,20,23,2.0,0.0,17.0,12,1,6,4.5,33.0
343,1983,14.0,brands_hatch,False,0.0,True,0.0,False,guerrero,Colombian,theodore,21,12,0.0,0.0,29.0,1,0,11,4.700000000000003,24.0
357,1983,14.0,brands_hatch,False,0.0,True,0.0,False,jarier,French,ligier,22,26,0.0,0.0,21.0,0,0,12,4.800000000000011,
346,1983,14.0,brands_hatch,False,0.0,True,0.0,False,boesel,Brazilian,Auto%#,23,15,0.0,0.0,24.0,0,0,12,5.1000000000000085,
349,1983,14.0,Auto%#,False,0.0,True,0.0,False,ghinzani,Italian,osella,24,18,0.0,0.0,28.0,0,0,15,5.300000000000011,31.0
344,1983,14.0,brands_hatch,False,0.0,True,0.0,False,palmer,British,williams,,13,0.0,0.0,0.0,36,1,4,,26.0
348,1983,14.0,brands_hatch,False,0.0,True,,False,alboreto,Italian,tyrrell,26,17,10.0,1.0,10.0,12,1,6,5.400000000000006,26.0
373,,15.0,kyalami,False,0.0,True,0.0,False,tambay,French,ferrari,1,16,40.0,,4.0,89,4,1,0.0,34.0
360,1983,15.0,kyalami,False,0.0,True,0.0,False,piquet,Brazilian,brabham,2,3,55.0,3.0,2.0,59,,3,0.2000000000000028,31.0
358,1983,15.0,kyalami,False,0.0,True,0.0,False,patrese,Italian,brabham,3,1,4.0,0.0,14.0,,3,3,,29.0
,1983,15.0,kyalami,False,0.0,True,0.0,False,arnoux,French,ferrari,4,22,49.0,3.0,3.0,89,4,1,0.5,35.0
375,1983,15.0,kyalami,False,0.0,Auto%#,0.0,False,prost,French,renault,5,18,57.0,4.0,,78,4,2,0.6000000000000085,28.0
362,1983,15.0,kyalami,False,0.0,True,0.0,False,keke_rosberg,Finnish,williams,6,5,25.0,1.0,5.0,36,1,4,0.7000000000000028,34.0
370,1983,15.0,kyalami,False,0.0,True,0.0,False,mansell,British,team_lotus,7,13,10.0,0.0,11.0,12,0,8,1.0,30.0
,1983,15.0,Auto%#,False,0.0,True,0.0,False,manfred_winkelhock,German,ats,8,24,0.0,0.0,,0,0,14,1.1000000000000083,
359,1983,15.0,kyalami,False,0.0,True,0.0,False,cesaris,Italian,alfa,9,2,9.0,,12.0,12,0,7,1.2000000000000028,24.0
382,1983,15.0,kyalami,False,0.0,True,0.0,False,laffite,French,williams,10,25,11.0,0.0,,36,1,4,1.3000000000000114,39.0
377,1983,15.0,kyalami,False,0.0,True,0.0,False,angelis,Italian,team_lotus,11,,2.0,0.0,18.0,12,0,8,1.3000000000000114,25.0
368,1983,15.0,kyalami,False,0.0,True,0.0,False,lauda,Austrian,mclaren,12,11,12.0,,8.0,34,1,5,1.4000000000000057,34.0
,1983,15.0,kyalami,False,0.0,True,0.0,False,warwick,British,toleman,13,4,6.0,0.0,13.0,7,0,9,1.5,29.0
363,1983,15.0,kyalami,False,0.0,True,0.0,False,cheever,American,renault,14,,21.0,0.0,7.0,78,4,2,1.5,25.0
378,,15.0,kyalami,False,0.0,True,0.0,False,watson,British,mclaren,15,21,22.0,1.0,6.0,34,1,5,1.7000000000000028,37.0
374,,15.0,kyalami,False,0.0,True,0.0,False,giacomelli,Italian,toleman,16,17,1.0,0.0,19.0,7,0,9,1.7000000000000028,31.0
380,1983,15.0,kyalami,False,0.0,True,0.0,False,baldi,Italian,alfa,17,23,3.0,0.0,16.0,12,0,7,2.0,29.0
372,1983,15.0,kyalami,False,0.0,True,0.0,False,alboreto,Italian,Auto%#,18,15,10.0,1.0,,12,1,6,4.5,26.0
364,1983,15.0,kyalami,False,0.0,True,0.0,False,sullivan,American,tyrrell,19,7,2.0,0.0,17.0,12,1,6,4.800000000000011,33.0
366,1983,15.0,kyalami,False,0.0,True,0.0,False,,Belgian,arrows,20,9,0.0,0.0,21.0,4,0,10,5.1000000000000085,26.0
367,1983,15.0,kyalami,False,0.0,True,,False,jarier,French,ligier,21,Auto%#,0.0,0.0,22.0,0,0,12,5.400000000000006,37.0
365,,15.0,kyalami,False,,,0.0,False,surer,Swiss,arrows,22,8,4.0,0.0,15.0,4,0,10,5.400000000000006,32.0
371,1983,15.0,kyalami,False,0.0,True,0.0,False,boesel,Brazilian,ligier,23,14,0.0,0.0,24.0,0,0,12,6.1000000000000085,25.0
369,1983,15.0,kyalami,False,0.0,True,0.0,False,acheson,British,ram,24,12,0.0,0.0,0.0,0,0,16,6.800000000000011,25.0
376,1983,15.0,kyalami,False,0.0,Auto%#,0.0,False,corrado_fabi,Italian,osella,25,19,0.0,0.0,27.0,0,0,15,7.1000000000000085,22.0
383,,,kyalami,False,0.0,True,0.0,False,ghinzani,Italian,osella,26,26,0.0,0.0,28.0,0,0,15,8.300000000000011,31.0
386,1984,1.0,jacarepagua,False,0.0,True,0.0,False,angelis,Italian,team_lotus,1,3,0.0,0.0,0.0,0,,0,0.0,25.0
404,1984,1.0,jacarepagua,False,0.0,True,0.0,False,alboreto,Italian,Auto%#,Auto%#,23,0.0,0.0,0.0,0,0,0,0.5,27.0
392,1984,1.0,jacarepagua,False,0.0,True,0.0,False,warwick,British,renault,,10,0.0,0.0,0.0,0,0,0,0.5999999999999943,29.0
384,1984,1.0,jacarepagua,False,0.0,True,,False,,French,mclaren,4,1,0.0,0.0,0.0,0,0,0,0.8999999999999915,29.0
396,1984,1.0,jacarepagua,False,0.0,True,0.0,False,mansell,British,team_lotus,,14,0.0,0.0,0.0,0,0,0,1.0,30.0
,1984,1.0,jacarepagua,,0.0,True,0.0,False,lauda,Austrian,mclaren,,13,0.0,0.0,0.0,0,0,0,1.5,35.0
397,1984,1.0,jacarepagua,False,0.0,,0.0,False,piquet,Brazilian,brabham,7,15,0.0,0.0,0.0,0,0,0,1.6999999999999886,31.0
388,1984,1.0,jacarepagua,False,0.0,True,0.0,False,tambay,French,renault,8,5,0.0,0.0,0.0,0,0,0,2.1999999999999886,34.0
385,1984,1.0,jacarepagua,False,0.0,True,0.0,False,keke_rosberg,Finnish,williams,9,2,0.0,0.0,0.0,0,0,0,2.1999999999999886,35.0
399,1984,1.0,jacarepagua,False,0.0,,0.0,False,arnoux,French,ferrari,10,17,0.0,0.0,0.0,0,0,0,2.299999999999997,35.0
394,1984,1.0,jacarepagua,False,0.0,True,0.0,False,patrese,Italian,alfa,11,12,0.0,0.0,0.0,0,0,0,2.5999999999999943,29.0
387,1984,1.0,jacarepagua,False,0.0,True,0.0,False,cheever,American,alfa,12,4,0.0,0.0,0.0,0,0,0,2.8999999999999915,26.0
403,1984,1.0,jacarepagua,False,0.0,True,0.0,False,laffite,French,williams,13,22,0.0,0.0,0.0,0,,0,3.0999999999999943,40.0
,1984,1.0,jacarepagua,False,,True,0.0,False,cesaris,Italian,ligier,14,11,0.0,0.0,0.0,0,0,0,4.5,24.0
398,1984,1.0,jacarepagua,False,0.0,,0.0,False,fabi,Italian,brabham,15,16,0.0,0.0,0.0,0,0,0,4.899999999999992,29.0
407,1984,1.0,jacarepagua,False,0.0,True,0.0,False,senna,Brazilian,toleman,Auto%#,26,0.0,0.0,0.0,,0,0,5.099999999999994,24.0
402,1984,1.0,jacarepagua,,0.0,True,0.0,False,,Venezuelan,toleman,17,21,0.0,0.0,0.0,0,0,0,6.899999999999992,28.0
391,1984,1.0,jacarepagua,False,0.0,True,0.0,False,brundle,British,tyrrell,18,9,0.0,0.0,0.0,0,0,0,7.799999999999997,24.0
401,1984,1.0,jacarepagua,False,0.0,True,0.0,False,hesnault,French,ligier,19,19,0.0,0.0,0.0,0,0,0,7.899999999999991,27.0
389,1984,1.0,jacarepagua,False,0.0,True,0.0,False,boutsen,Belgian,arrows,20,6,0.0,0.0,0.0,0,0,0,8.0,26.0
400,1984,1.0,jacarepagua,False,0.0,True,0.0,False,ghinzani,Italian,osella,21,18,0.0,0.0,0.0,0,0,0,8.399999999999991,32.0
406,1984,1.0,jacarepagua,False,0.0,True,0.0,False,bellof,German,tyrrell,22,25,0.0,0.0,0.0,0,0,0,8.799999999999997,26.0
405,1984,1.0,jacarepagua,False,0.0,True,0.0,False,baldi,Italian,spirit,23,24,0.0,0.0,0.0,0,0,0,9.299999999999995,30.0
390,1984,1.0,jacarepagua,False,0.0,True,0.0,False,surer,Swiss,arrows,24,Auto%#,0.0,0.0,0.0,0,0,0,9.5,32.0
426,1984,2.0,kyalami,False,0.0,True,0.0,False,piquet,Brazilian,,1,21,0.0,0.0,14.0,0,0,9,0.0,31.0
423,1984,2.0,kyalami,False,0.0,True,,False,keke_rosberg,Finnish,williams,2,18,6.0,0.0,2.0,6,0,2,0.1999999999999886,35.0
424,1984,2.0,kyalami,False,0.0,True,0.0,False,,British,team_lotus,3,19,0.0,0.0,13.0,4,0,3,0.1999999999999886,30.0
419,1984,2.0,kyalami,False,0.0,True,0.0,Auto%#,tambay,French,renault,,14,2.0,0.0,5.0,2,0,5,0.3999999999999915,34.0
409,1984,2.0,kyalami,False,0.0,True,0.0,False,prost,French,mclaren,5,2,9.0,1.0,1.0,9,1,1,0.5,29.0
430,1984,2.0,kyalami,False,0.0,True,0.0,False,fabi,Italian,brabham,6,Auto%#,0.0,0.0,15.0,0,0,9,1.0,29.0
414,1984,2.0,,,0.0,True,0.0,,angelis,Italian,team_lotus,7,7,4.0,0.0,3.0,4,0,3,1.0999999999999943,26.0
408,,2.0,kyalami,False,0.0,True,0.0,False,lauda,Austrian,mclaren,8,1,0.0,0.0,12.0,9,1,1,1.0999999999999943,35.0
410,1984,2.0,kyalami,False,0.0,True,0.0,False,warwick,,renault,9,,0.0,0.0,,2,0,Auto%#,1.1999999999999886,29.0
418,1984,2.0,kyalami,False,0.0,True,0.0,False,alboreto,Italian,ferrari,10,11,0.0,0.0,22.0,0,0,10,1.3999999999999917,27.0
421,1984,2.0,kyalami,False,0.0,True,0.0,False,laffite,French,williams,11,16,0.0,0.0,21.0,6,0,2,1.8999999999999917,40.0
422,,2.0,kyalami,False,0.0,True,0.0,False,manfred_winkelhock,German,ats,12,17,0.0,0.0,0.0,0,0,0,2.0999999999999943,
413,1984,2.0,kyalami,False,0.0,True,0.0,False,senna,Brazilian,toleman,13,6,0.0,0.0,24.0,0,0,12,2.0999999999999943,24.0
412,1984,2.0,Auto%#,False,,True,0.0,,cesaris,Italian,ligier,14,5,0.0,0.0,10.0,0,0,8,2.299999999999997,24.0
425,1984,2.0,kyalami,False,,True,0.0,False,arnoux,French,ferrari,15,20,0.0,0.0,16.0,0,0,10,2.3999999999999915,35.0
431,1984,2.0,kyalami,False,0.0,True,0.0,False,cheever,American,alfa,,26,3.0,0.0,4.0,3,0,4,2.799999999999997,26.0
417,1984,2.0,kyalami,False,0.0,True,0.0,False,hesnault,French,ligier,17,10,0.0,0.0,18.0,0,0,8,2.8999999999999915,27.0
411,1984,2.0,kyalami,False,0.0,True,0.0,False,patrese,Italian,alfa,18,4,0.0,0.0,11.0,3,0,4,3.0999999999999943,29.0
427,1984,2.0,kyalami,False,0.0,True,0.0,False,cecotto,Venezuelan,toleman,19,22,,0.0,20.0,0,0,12,3.3999999999999915,28.0
415,1984,2.0,kyalami,False,0.0,True,0.0,False,baldi,Italian,,20,8,0.0,0.0,23.0,0,0,13,5.0,30.0
429,1984,2.0,kyalami,False,,True,0.0,False,palmer,British,ram,21,24,0.0,0.0,8.0,0,0,7,5.5,27.0
428,1984,2.0,kyalami,False,0.0,True,0.0,False,alliot,French,ram,22,23,0.0,0.0,19.0,0,,7,5.699999999999989,29.0
416,1984,2.0,kyalami,False,0.0,True,0.0,False,surer,Swiss,arrows,Auto%#,Auto%#,0.0,0.0,7.0,1,0,6,6.899999999999992,32.0
420,1984,2.0,kyalami,False,0.0,True,0.0,False,bellof,German,tyrrell,24,15,0.0,0.0,0.0,0,0,0,7.399999999999991,26.0
432,1984,3.0,zolder,False,0.0,False,0.0,False,alboreto,Italian,ferrari,1,1,0.0,0.0,16.0,0,0,11,0.0,27.0
434,1984,,zolder,False,0.0,False,0.0,False,arnoux,French,ferrari,2,3,0.0,0.0,23.0,0,0,11,0.6000000000000085,35.0
435,1984,3.0,zolder,False,0.0,False,0.0,False,keke_rosberg,Finnish,williams,3,Auto%#,6.0,0.0,3.0,6,0,2,,35.0
433,1984,3.0,zolder,False,0.0,False,0.0,False,warwick,British,renault,4,2,4.0,0.0,5.0,6,0,3,0.7999999999999972,29.0
436,1984,3.0,zolder,False,0.0,False,0.0,False,angelis,Italian,team_lotus,5,5,4.0,0.0,4.0,4,0,5,1.2000000000000028,26.0
445,1984,3.0,zolder,False,0.0,False,0.0,False,manfred_winkelhock,German,Auto%#,6,16,,0.0,24.0,0,0,,1.2999999999999972,32.0
454,1984,3.0,zolder,False,0.0,False,0.0,False,patrese,Italian,alfa,7,25,3.0,0.0,6.0,6,,4,1.6000000000000083,
453,1984,3.0,zolder,False,0.0,False,0.0,False,prost,French,mclaren,8,24,15.0,1.0,1.0,24,2,1,1.7999999999999972,29.0
440,1984,3.0,zolder,False,0.0,False,0.0,False,piquet,Brazilian,,9,9,0.0,,19.0,,0,Auto%#,1.7999999999999972,31.0
452,1984,3.0,zolder,False,0.0,False,0.0,False,mansell,,team_lotus,10,23,0.0,0.0,18.0,4,0,5,1.9000000000000057,30.0
447,1984,3.0,zolder,False,0.0,False,0.0,False,cheever,American,alfa,11,18,3.0,0.0,7.0,6,0,4,1.9000000000000057,26.0
438,1984,3.0,zolder,False,0.0,False,0.0,False,tambay,French,renault,12,7,2.0,0.0,9.0,6,0,3,2.4000000000000057,34.0
443,1984,3.0,zolder,False,,False,0.0,False,cesaris,Italian,ligier,13,14,2.0,0.0,8.0,2,0,6,,24.0
446,1984,3.0,zolder,,0.0,False,0.0,False,lauda,Austrian,mclaren,14,17,9.0,1.0,2.0,24,2,1,3.299999999999997,35.0
448,1984,3.0,zolder,False,0.0,False,0.0,,laffite,French,,15,19,0.0,0.0,21.0,,0,2,3.299999999999997,40.0
455,1984,3.0,zolder,False,0.0,False,,False,cecotto,Venezuelan,toleman,16,26,0.0,0.0,27.0,1,0,8,3.5,28.0
450,1984,3.0,zolder,False,0.0,False,,False,boutsen,Belgian,arrows,17,21,1.0,0.0,10.0,1,0,7,3.6000000000000085,26.0
444,1984,3.0,zolder,False,0.0,False,0.0,False,fabi,Italian,brabham,18,15,0.0,0.0,22.0,0,0,13,4.0,29.0
437,1984,3.0,zolder,False,0.0,False,0.0,False,senna,Brazilian,toleman,19,6,1.0,0.0,11.0,1,0,Auto%#,4.1000000000000085,24.0
451,1984,3.0,zolder,False,0.0,False,0.0,False,ghinzani,Italian,osella,20,22,0.0,0.0,25.0,0,0,15,4.900000000000006,32.0
441,1984,3.0,zolder,False,0.0,False,0.0,False,bellof,German,tyrrell,21,11,0.0,0.0,20.0,0,0,12,5.6000000000000085,26.0
442,1984,3.0,zolder,False,0.0,False,0.0,False,brundle,British,tyrrell,22,,0.0,0.0,17.0,0,0,12,5.799999999999997,24.0
449,1984,3.0,zolder,False,0.0,False,,Auto%#,hesnault,French,ligier,23,Auto%#,0.0,0.0,15.0,2,0,6,5.799999999999997,27.0
439,1984,3.0,,False,0.0,False,0.0,False,surer,Swiss,arrows,24,8,0.0,0.0,12.0,1,0,7,6.0,32.0
468,1984,4.0,imola,False,0.0,False,,False,piquet,Brazilian,brabham,1,14,0.0,0.0,,0,0,12,0.0,31.0
456,1984,4.0,imola,False,0.0,False,0.0,False,prost,French,mclaren,2,1,15.0,1.0,1.0,24,,1,0.0999999999999943,29.0
477,,4.0,imola,False,0.0,False,0.0,False,keke_rosberg,Finnish,williams,3,,9.0,0.0,5.0,9,0,4,0.9000000000000057,35.0
459,1984,4.0,imola,False,0.0,False,0.0,False,warwick,British,renault,4,4,10.0,0.0,2.0,12,0,3,1.2000000000000028,29.0
473,1984,4.0,imola,False,0.0,False,0.0,False,lauda,Austrian,mclaren,5,20,9.0,1.0,4.0,24,2,1,1.7999999999999972,35.0
457,1984,4.0,imola,False,0.0,False,0.0,False,arnoux,French,ferrari,6,2,4.0,0.0,7.0,13,1,2,1.9000000000000057,35.0
471,1984,4.0,imola,False,0.0,False,0.0,False,manfred_winkelhock,German,ats,7,18,0.0,0.0,23.0,0,0,14,2.200000000000003,32.0
462,1984,4.0,imola,False,0.0,False,0.0,False,cheever,American,alfa,8,7,3.0,0.0,9.0,6,0,,2.299999999999997,26.0
469,1984,4.0,imola,False,0.0,False,,,fabi,Italian,brabham,9,15,0.0,0.0,21.0,0,0,12,2.5,29.0
475,1984,4.0,imola,False,0.0,False,0.0,False,patrese,Italian,alfa,10,22,3.0,0.0,8.0,6,0,6,2.700000000000003,30.0
458,1984,4.0,,False,0.0,False,0.0,False,angelis,,team_lotus,11,3,6.0,0.0,6.0,6,0,5,2.700000000000003,26.0
461,1984,4.0,imola,False,0.0,False,0.0,False,cesaris,Italian,ligier,12,6,2.0,0.0,11.0,2,0,7,2.799999999999997,24.0
472,1984,4.0,imola,False,0.0,,0.0,False,alboreto,Italian,ferrari,13,19,9.0,1.0,3.0,13,1,2,2.799999999999997,27.0
478,1984,4.0,imola,False,0.0,False,0.0,False,tambay,French,renault,14,25,2.0,0.0,10.0,12,,3,3.200000000000003,34.0
474,1984,4.0,imola,False,0.0,False,0.0,False,laffite,French,williams,15,21,0.0,0.0,24.0,9,0,4,4.099999999999994,40.0
470,1984,4.0,imola,False,0.0,False,0.0,False,surer,Swiss,arrows,16,17,,0.0,14.0,1,0,9,4.599999999999994,32.0
479,1984,4.0,imola,False,0.0,False,0.0,False,hesnault,French,ligier,17,26,0.0,0.0,18.0,2,0,7,4.700000000000003,
476,1984,4.0,imola,False,0.0,False,0.0,False,mansell,British,team_lotus,18,23,0.0,0.0,20.0,6,0,5,6.0,30.0
467,1984,4.0,imola,False,0.0,False,0.0,Auto%#,cecotto,,toleman,19,13,0.0,0.0,,2,0,8,7.099999999999994,28.0
460,1984,4.0,imola,False,,False,0.0,False,boutsen,Belgian,arrows,20,5,1.0,0.0,13.0,1,0,9,7.5,26.0
464,1984,4.0,imola,False,0.0,False,0.0,False,bellof,German,tyrrell,21,10,,0.0,22.0,0,0,13,8.200000000000003,26.0
465,1984,4.0,imola,,,False,0.0,False,brundle,British,tyrrell,22,11,0.0,0.0,19.0,0,0,13,8.400000000000006,24.0
466,1984,4.0,imola,False,0.0,False,0.0,False,,French,ram,23,12,0.0,0.0,26.0,0,0,10,8.799999999999997,29.0
463,1984,4.0,imola,False,0.0,False,0.0,False,baldi,Italian,spirit,24,8,0.0,0.0,16.0,0,0,11,10.400000000000006,
481,1984,5.0,dijon,False,0.0,True,0.0,,tambay,French,renault,1,2,2.0,0.0,12.0,15,0,3,0.0,
484,1984,5.0,dijon,False,0.0,True,0.0,False,angelis,Italian,team_lotus,2,5,10.0,0.0,4.0,10,0,4,0.0999999999999943,26.0
500,1984,5.0,dijon,False,0.0,True,0.0,,piquet,Brazilian,brabham,3,23,0.0,0.0,17.0,0,0,12,0.5999999999999943,31.0
485,1984,5.0,dijon,False,0.0,True,0.0,False,keke_rosberg,Finnish,williams,4,6,9.0,0.0,7.0,9,0,5,0.6999999999999957,35.0
486,1984,5.0,dijon,False,0.0,True,,False,prost,French,mclaren,5,7,24.0,2.0,1.0,33,3,1,0.7999999999999972,29.0
482,1984,5.0,dijon,False,0.0,True,0.0,False,mansell,British,team_lotus,6,3,0.0,0.0,22.0,10,0,4,1.0,30.0
493,1984,5.0,dijon,False,0.0,True,0.0,False,warwick,British,renault,7,16,13.0,0.0,2.0,15,0,3,1.2999999999999972,29.0
502,1984,5.0,dijon,False,0.0,True,0.0,False,manfred_winkelhock,German,ats,8,25,0.0,0.0,25.0,0,0,14,1.6999999999999955,32.0
480,1984,5.0,dijon,False,0.0,True,0.0,False,lauda,Austrian,mclaren,9,1,,1.0,6.0,33,3,1,2.200000000000003,35.0
497,1984,,dijon,False,0.0,True,0.0,False,alboreto,Italian,ferrari,10,20,9.0,1.0,5.0,,1,2,2.299999999999997,27.0
483,1984,5.0,dijon,False,0.0,True,0.0,,arnoux,French,ferrari,11,4,,0.0,3.0,19,1,2,2.700000000000003,35.0
487,1984,5.0,dijon,False,0.0,True,0.0,False,,French,williams,12,8,0.0,0.0,26.0,9,0,5,3.200000000000003,40.0
496,1984,5.0,dijon,False,0.0,True,0.0,False,senna,Brazilian,toleman,13,19,2.0,0.0,13.0,2,0,9,3.5,24.0
489,1984,5.0,dijon,False,,True,0.0,Auto%#,boutsen,Belgian,arrows,14,11,3.0,0.0,10.0,3,0,7,3.799999999999997,26.0
499,1984,5.0,dijon,False,0.0,True,0.0,False,patrese,Italian,alfa,15,22,3.0,0.0,9.0,6,,,4.0,30.0
495,1984,5.0,dijon,False,0.0,True,0.0,False,,American,alfa,16,18,3.0,0.0,8.0,,0,Auto%#,4.099999999999994,26.0
488,1984,5.0,dijon,False,0.0,True,,False,fabi,Italian,brabham,17,9,0.0,0.0,23.0,0,0,12,4.200000000000003,29.0
498,1984,5.0,dijon,False,0.0,True,0.0,False,cecotto,Venezuelan,toleman,18,21,0.0,0.0,20.0,2,0,9,6.0,28.0
494,1984,5.0,dijon,False,0.0,True,0.0,False,surer,Swiss,arrows,19,17,0.0,0.0,14.0,3,0,7,6.299999999999997,32.0
501,1984,5.0,dijon,False,0.0,True,0.0,False,bellof,German,tyrrell,20,24,0.0,0.0,24.0,0,0,13,6.799999999999997,26.0
490,1984,5.0,dijon,False,0.0,True,0.0,False,palmer,British,ram,,13,0.0,0.0,16.0,0,0,11,,27.0
503,1984,5.0,dijon,False,,True,0.0,False,alliot,French,ram,22,26,0.0,0.0,19.0,,0,11,7.399999999999991,29.0
491,1984,5.0,dijon,False,0.0,True,0.0,False,brundle,British,tyrrell,23,14,0.0,0.0,21.0,0,0,13,9.399999999999991,24.0
492,1984,5.0,dijon,False,0.0,True,0.0,False,baldi,Italian,spirit,,15,0.0,0.0,15.0,0,0,10,20.200000000000003,30.0
504,1984,6.0,monaco,False,0.0,False,1.0,False,prost,French,mclaren,1,,24.0,2.0,1.0,42,4,1,0.0,29.0
515,1984,6.0,monaco,False,0.0,False,1.0,False,mansell,Auto%#,team_lotus,2,,4.0,0.0,9.0,16,0,4,0.0999999999999943,30.0
506,1984,6.0,monaco,False,0.0,False,1.0,False,arnoux,French,ferrari,3,3,13.0,0.0,4.0,22,1,2,0.2000000000000028,35.0
509,1984,6.0,monaco,False,0.0,False,1.0,False,alboreto,Italian,ferrari,4,6,9.0,1.0,7.0,22,1,2,0.2000000000000028,27.0
520,1984,6.0,monaco,False,0.0,False,1.0,False,warwick,British,renault,5,18,13.0,0.0,3.0,21,0,Auto%#,0.5,29.0
521,1984,6.0,monaco,False,0.0,,1.0,False,tambay,French,renault,6,19,8.0,0.0,8.0,21,0,3,0.7000000000000028,
522,1984,6.0,monaco,False,0.0,False,1.0,False,cesaris,Italian,ligier,7,,3.0,0.0,12.0,3,0,8,0.8999999999999915,25.0
513,1984,6.0,monaco,False,0.0,False,,False,lauda,Austrian,mclaren,8,11,18.0,2.0,2.0,42,4,,1.2000000000000028,35.0
516,1984,6.0,monaco,False,0.0,False,1.0,False,piquet,Brazilian,brabham,9,14,0.0,0.0,19.0,0,0,12,1.2000000000000028,31.0
507,1984,6.0,monaco,False,0.0,Auto%#,1.0,False,keke_rosberg,Finnish,williams,10,4,10.0,0.0,6.0,10,0,5,1.5,35.0
508,1984,6.0,monaco,False,,False,1.0,False,angelis,Italian,team_lotus,11,5,12.0,0.0,5.0,16,,4,1.7000000000000028,26.0
514,1984,6.0,monaco,False,0.0,False,1.0,False,manfred_winkelhock,German,ats,12,12,0.0,0.0,27.0,0,0,15,1.7999999999999972,32.0
505,1984,6.0,monaco,False,0.0,False,1.0,False,senna,Brazilian,toleman,13,2,2.0,0.0,14.0,2,0,9,2.299999999999997,24.0
512,1984,6.0,monaco,False,0.0,False,1.0,False,patrese,Auto%#,alfa,Auto%#,10,3.0,0.0,11.0,6,0,Auto%#,2.3999999999999915,30.0
518,1984,6.0,monaco,False,0.0,False,1.0,False,corrado_fabi,Italian,brabham,15,16,0.0,0.0,0.0,0,0,12,2.5999999999999943,23.0
511,1984,6.0,monaco,False,0.0,False,1.0,False,laffite,French,williams,16,8,0.0,0.0,18.0,10,0,5,,40.0
517,1984,6.0,monaco,False,0.0,False,1.0,False,hesnault,French,ligier,17,15,,0.0,21.0,3,0,8,3.0999999999999943,27.0
519,1984,6.0,monaco,False,0.0,False,1.0,False,cecotto,Venezuelan,toleman,18,17,0.0,0.0,24.0,2,0,9,3.200000000000003,28.0
510,1984,6.0,monaco,False,0.0,False,1.0,False,ghinzani,Italian,osella,19,,0.0,0.0,22.0,0,0,13,3.200000000000003,32.0
523,1984,7.0,villeneuve,False,0.0,True,0.0,,piquet,Brazilian,brabham,1,,0.0,0.0,20.0,0,0,13,0.0,31.0
525,1984,7.0,villeneuve,False,0.0,True,0.0,False,prost,French,mclaren,2,3,0.0,3.0,,0,5,1,0.7999999999999972,29.0
526,1984,7.0,villeneuve,False,0.0,True,0.0,False,angelis,Italian,team_lotus,3,4,13.0,0.0,5.0,17,0,4,0.8999999999999915,26.0
535,1984,7.0,villeneuve,False,0.0,True,0.0,False,warwick,British,renault,4,14,13.0,0.0,4.0,21,0,3,,29.0
527,1984,7.0,villeneuve,False,0.0,True,0.0,False,arnoux,French,ferrari,5,5,15.0,0.0,3.0,0,1,2,1.0999999999999943,35.0
,1984,7.0,villeneuve,False,0.0,True,0.0,False,alboreto,Italian,ferrari,6,25,0.0,1.0,7.0,0,1,2,1.3999999999999917,27.0
528,1984,7.0,villeneuve,False,,True,0.0,False,mansell,British,team_lotus,Auto%#,6,4.0,0.0,10.0,17,0,4,1.7999999999999972,30.0
524,1984,7.0,villeneuve,False,0.0,True,0.0,False,lauda,Austrian,mclaren,8,2,18.0,2.0,2.0,0,5,1,2.0,35.0
529,1984,7.0,villeneuve,False,0.0,True,0.0,False,senna,Brazilian,toleman,9,7,5.0,0.0,9.0,5,0,7,2.0,24.0
538,1984,7.0,villeneuve,False,,True,0.0,False,cesaris,Italian,ligier,10,17,3.0,0.0,13.0,3,0,9,2.5,25.0
532,1984,7.0,villeneuve,False,0.0,True,0.0,False,cheever,American,alfa,11,11,3.0,0.0,11.0,6,0,6,2.5999999999999943,26.0
530,1984,7.0,villeneuve,False,0.0,,0.0,False,manfred_winkelhock,German,ats,12,8,,0.0,23.0,0,0,14,3.5,32.0
546,1984,7.0,villeneuve,,0.0,True,0.0,False,hesnault,French,ligier,13,26,0.0,0.0,22.0,3,0,9,3.799999999999997,27.0
541,1984,7.0,Auto%#,False,0.0,True,0.0,False,patrese,Italian,alfa,14,20,3.0,0.0,,6,0,6,3.799999999999997,30.0
542,1984,7.0,,False,0.0,True,0.0,False,keke_rosberg,Finnish,williams,15,21,0.0,0.0,,0,0,5,3.899999999999992,35.0
539,1984,7.0,villeneuve,False,0.0,True,0.0,False,corrado_fabi,Italian,brabham,16,18,0.0,0.0,28.0,0,0,13,4.399999999999992,23.0
543,1984,7.0,villeneuve,False,0.0,True,0.0,False,laffite,French,williams,17,22,0.0,0.0,18.0,0,0,5,4.5,40.0
540,1984,7.0,villeneuve,False,0.0,True,0.0,Auto%#,boutsen,Belgian,arrows,18,19,3.0,0.0,14.0,3,,8,4.699999999999989,26.0
544,1984,7.0,villeneuve,False,,True,0.0,False,ghinzani,Italian,osella,19,24,0.0,0.0,16.0,0,0,10,5.5,32.0
531,1984,7.0,villeneuve,False,0.0,True,0.0,False,cecotto,Venezuelan,toleman,20,9,0.0,0.0,25.0,5,0,7,6.099999999999994,28.0
533,1984,7.0,villeneuve,False,0.0,True,0.0,False,brundle,British,tyrrell,21,12,0.0,0.0,26.0,0,0,15,7.399999999999991,25.0
537,1984,7.0,villeneuve,False,0.0,True,0.0,False,bellof,German,tyrrell,22,16,0.0,0.0,27.0,0,0,15,7.5,26.0
534,1984,7.0,villeneuve,False,0.0,True,0.0,,surer,Swiss,arrows,23,13,0.0,0.0,15.0,3,0,8,8.399999999999991,32.0
536,1984,7.0,villeneuve,False,0.0,True,0.0,False,rothengatter,Dutch,spirit,24,15,0.0,0.0,0.0,0,0,11,9.899999999999991,29.0
547,1984,,detroit,True,0.0,False,0.0,,piquet,Brazilian,brabham,1,1,9.0,,8.0,9,1,6,0.0,
550,1984,8.0,detroit,True,0.0,False,0.0,False,prost,French,mclaren,2,4,0.0,3.0,1.0,0,5,1,0.5999999999999943,29.0
560,1984,8.0,detroit,True,0.0,False,0.0,False,mansell,British,team_lotus,3,14,5.0,0.0,11.0,21,0,4,1.2000000000000028,30.0
553,1984,8.0,detroit,True,0.0,False,0.0,False,alboreto,Italian,ferrari,Auto%#,7,0.0,1.0,7.0,0,1,2,1.2000000000000028,27.0
548,1984,8.0,detroit,True,0.0,False,0.0,False,angelis,Italian,team_lotus,5,2,16.0,0.0,4.0,21,0,4,1.4000000000000057,26.0
555,1984,8.0,detroit,True,0.0,False,0.0,False,warwick,British,renault,6,9,13.0,0.0,5.0,21,0,3,1.5999999999999943,29.0
565,1984,8.0,detroit,True,0.0,False,0.0,False,senna,Brazilian,toleman,7,19,5.0,0.0,10.0,5,0,,1.7000000000000028,24.0
564,1984,8.0,detroit,True,0.0,False,0.0,False,cheever,American,alfa,8,18,3.0,0.0,12.0,6,0,7,2.0999999999999943,26.0
557,1984,8.0,,True,0.0,False,0.0,False,tambay,French,renault,9,11,8.0,0.0,9.0,21,0,3,2.299999999999997,34.0
559,1984,8.0,Auto%#,True,0.0,False,0.0,False,lauda,Austrian,mclaren,10,13,24.0,2.0,2.0,0,5,1,2.5,35.0
552,1984,8.0,detroit,True,0.0,False,0.0,False,brundle,British,tyrrell,11,6,0.0,0.0,26.0,0,0,15,3.0,25.0
562,1984,8.0,detroit,True,,False,0.0,False,cesaris,Italian,ligier,12,16,3.0,0.0,14.0,3,0,10,3.0999999999999943,25.0
561,1984,8.0,detroit,True,0.0,False,0.0,False,boutsen,Belgian,arrows,13,15,3.0,0.0,15.0,3,0,9,3.200000000000003,26.0
569,1984,8.0,detroit,True,0.0,False,0.0,False,manfred_winkelhock,German,ats,14,25,0.0,0.0,21.0,0,,14,3.700000000000003,
567,1984,8.0,detroit,True,0.0,False,0.0,False,,French,ferrari,15,23,17.0,0.0,3.0,0,1,2,,35.0
556,1984,8.0,detroit,True,0.0,False,,False,bellof,German,tyrrell,16,10,0.0,0.0,27.0,0,0,15,4.400000000000006,26.0
563,1984,8.0,detroit,True,0.0,False,0.0,False,cecotto,Venezuelan,toleman,17,17,0.0,0.0,22.0,5,0,8,5.200000000000003,28.0
566,,8.0,detroit,,0.0,False,0.0,False,hesnault,French,ligier,18,21,0.0,0.0,25.0,3,0,10,5.299999999999997,27.0
551,1984,8.0,detroit,True,0.0,,0.0,False,laffite,French,williams,19,5,0.0,0.0,19.0,0,0,5,5.5,40.0
558,1984,8.0,detroit,True,0.0,False,0.0,False,alliot,French,ram,20,,0.0,0.0,24.0,0,0,13,5.599999999999994,29.0
554,1984,8.0,detroit,True,0.0,False,0.0,False,keke_rosberg,Finnish,williams,21,8,0.0,0.0,6.0,0,0,5,6.299999999999997,35.0
570,1984,8.0,detroit,True,0.0,False,0.0,False,surer,Swiss,arrows,22,26,0.0,0.0,16.0,3,0,9,6.700000000000003,32.0
549,1984,8.0,detroit,True,0.0,False,0.0,,fabi,Italian,brabham,23,3,0.0,,23.0,9,1,6,7.0,29.0
568,1984,8.0,detroit,True,0.0,False,0.0,False,palmer,,ram,24,24,0.0,0.0,20.0,0,0,13,7.900000000000006,27.0
576,1984,9.0,dallas,True,0.0,False,0.0,False,mansell,British,team_lotus,1,6,5.0,0.0,11.0,27,0,2,0.0,30.0
573,1984,,dallas,True,0.0,False,0.0,False,angelis,Italian,team_lotus,2,3,22.0,0.0,3.0,27,0,2,0.5999999999999943,26.0
591,1984,9.0,dallas,True,0.0,False,0.0,False,warwick,British,renault,3,22,13.0,0.0,6.0,21,0,5,0.7000000000000028,29.0
572,1984,9.0,dallas,True,0.0,False,0.0,False,arnoux,French,ferrari,4,2,17.0,0.0,5.0,0,1,3,0.7999999999999972,36.0
579,1984,9.0,dallas,True,0.0,False,0.0,False,lauda,Austrian,mclaren,5,9,24.0,2.0,2.0,0,5,1,1.0,35.0
584,1984,9.0,dallas,,0.0,False,0.0,False,senna,Brazilian,toleman,6,14,5.0,0.0,10.0,5,0,8,1.2999999999999972,24.0
580,1984,9.0,dallas,True,0.0,False,0.0,False,prost,French,mclaren,7,10,0.0,3.0,1.0,0,5,1,1.5,29.0
571,1984,9.0,dallas,True,,False,0.0,False,keke_rosberg,Finnish,williams,8,1,0.0,0.0,7.0,,0,6,1.7999999999999972,35.0
582,1984,9.0,dallas,True,0.0,False,0.0,False,alboreto,,ferrari,9,12,0.0,1.0,8.0,,1,3,1.7999999999999972,27.0
586,1984,9.0,dallas,True,0.0,False,0.0,False,tambay,French,renault,10,17,8.0,0.0,9.0,21,0,Auto%#,1.9000000000000057,35.0
577,1984,9.0,dallas,True,0.0,False,0.0,False,corrado_fabi,Italian,brabham,11,7,0.0,0.0,29.0,22,2,4,2.0,23.0
585,1984,9.0,dallas,,0.0,False,0.0,Auto%#,piquet,Brazilian,brabham,12,16,18.0,2.0,4.0,22,2,4,2.4000000000000057,
578,1984,9.0,Auto%#,True,0.0,False,0.0,False,manfred_winkelhock,German,ats,13,8,,0.0,22.0,0,0,14,2.9000000000000057,32.0
593,1984,9.0,dallas,True,0.0,False,0.0,False,cheever,American,alfa,14,24,3.0,0.0,13.0,,0,7,2.9000000000000057,26.0
587,1984,9.0,dallas,True,0.0,False,0.0,False,cecotto,Venezuelan,Auto%#,15,18,0.0,0.0,23.0,5,0,8,3.0,28.0
588,1984,9.0,dallas,True,0.0,False,,False,cesaris,Italian,ligier,16,19,3.0,0.0,15.0,3,0,10,3.0999999999999943,25.0
592,,9.0,dallas,True,0.0,False,0.0,False,bellof,German,tyrrell,17,23,0.0,0.0,28.0,0,0,15,4.200000000000003,26.0
575,1984,9.0,dallas,True,0.0,False,0.0,False,ghinzani,Italian,osella,18,5,0.0,0.0,19.0,,0,11,,32.0
594,1984,9.0,dallas,True,0.0,False,0.0,False,hesnault,French,ligier,19,25,,,25.0,3,0,10,4.299999999999997,27.0
,1984,9.0,dallas,True,0.0,False,0.0,False,boutsen,Belgian,arrows,20,11,3.0,0.0,16.0,3,0,9,4.299999999999997,26.0
590,1984,9.0,dallas,True,0.0,False,0.0,False,patrese,Italian,alfa,21,21,3.0,0.0,14.0,6,0,7,5.599999999999994,30.0
583,1984,9.0,dallas,True,0.0,False,0.0,False,surer,Swiss,arrows,Auto%#,13,0.0,0.0,18.0,3,0,9,6.099999999999994,32.0
589,1984,9.0,dallas,True,0.0,False,0.0,False,rothengatter,Dutch,spirit,23,20,0.0,0.0,27.0,0,0,12,6.299999999999997,29.0
574,1984,9.0,dallas,True,0.0,False,0.0,False,laffite,French,williams,24,4,2.0,0.0,17.0,0,0,6,7.700000000000003,40.0
601,1984,10.0,brands_hatch,False,0.0,False,0.0,False,piquet,Brazilian,brabham,1,7,18.0,2.0,6.0,22,2,5,0.0,31.0
609,1984,10.0,brands_hatch,False,0.0,False,0.0,False,prost,French,mclaren,2,16,0.0,3.0,1.0,0,5,1,0.1999999999999886,29.0
595,1984,10.0,brands_hatch,False,0.0,False,0.0,False,lauda,Austrian,mclaren,3,1,24.0,2.0,,,5,1,,35.0
598,1984,10.0,brands_hatch,False,0.0,False,0.0,False,angelis,,team_lotus,4,4,26.0,0.0,2.0,32,,3,0.6999999999999886,26.0
616,1984,10.0,brands_hatch,False,0.0,False,0.0,False,keke_rosberg,Finnish,williams,5,23,0.0,1.0,5.0,0,1,4,0.6999999999999886,35.0
596,1984,10.0,brands_hatch,False,0.0,False,0.0,False,warwick,British,renault,6,,,0.0,7.0,21,,6,0.7999999999999972,29.0
597,1984,10.0,brands_hatch,False,0.0,False,0.0,False,senna,Brazilian,toleman,7,3,,0.0,11.0,5,0,8,1.0,24.0
610,1984,10.0,brands_hatch,False,,False,0.0,False,mansell,British,team_lotus,8,17,6.0,,10.0,32,0,3,1.5,30.0
599,1984,10.0,brands_hatch,False,0.0,False,0.0,False,alboreto,Italian,ferrari,9,5,0.0,1.0,,0,1,2,2.1999999999999886,27.0
602,1984,10.0,brands_hatch,False,0.0,False,0.0,False,tambay,French,renault,10,8,8.0,0.0,,21,0,6,2.1999999999999886,35.0
615,1984,10.0,brands_hatch,False,0.0,False,0.0,False,manfred_winkelhock,German,ats,11,22,0.0,0.0,22.0,0,0,13,2.5,32.0
611,1984,10.0,brands_hatch,False,0.0,False,0.0,False,boutsen,Belgian,arrows,12,18,3.0,0.0,17.0,3,0,9,2.5999999999999943,27.0
,1984,10.0,brands_hatch,False,0.0,False,0.0,False,,French,ferrari,13,6,23.0,0.0,4.0,0,,2,3.0,36.0
614,1984,10.0,brands_hatch,False,0.0,False,0.0,False,fabi,Italian,brabham,14,21,4.0,0.0,13.0,22,2,5,3.0999999999999943,29.0
605,1984,10.0,brands_hatch,False,0.0,False,0.0,False,surer,Swiss,arrows,15,11,0.0,0.0,19.0,3,0,9,,32.0
612,1984,10.0,brands_hatch,False,0.0,False,0.0,False,laffite,French,williams,16,19,5.0,0.0,12.0,0,1,4,3.6999999999999886,40.0
606,1984,10.0,brands_hatch,False,0.0,False,0.0,False,patrese,,alfa,17,12,3.0,0.0,,6,0,7,3.6999999999999886,30.0
618,1984,10.0,brands_hatch,False,0.0,False,0.0,False,cheever,American,alfa,18,25,3.0,0.0,14.0,6,0,7,3.6999999999999886,26.0
604,1984,10.0,brands_hatch,False,0.0,False,0.0,False,cesaris,Italian,ligier,19,10,3.0,0.0,16.0,3,0,10,4.199999999999989,25.0
608,1984,10.0,brands_hatch,False,0.0,False,0.0,False,hesnault,French,ligier,20,15,0.0,0.0,26.0,3,0,10,4.899999999999992,27.0
603,1984,10.0,brands_hatch,False,0.0,False,0.0,False,ghinzani,Italian,osella,21,9,2.0,0.0,18.0,2,0,11,5.599999999999994,32.0
607,1984,10.0,brands_hatch,False,0.0,False,0.0,False,rothengatter,Dutch,spirit,22,,0.0,0.0,28.0,0,,12,5.899999999999992,29.0
613,1984,10.0,brands_hatch,False,0.0,False,0.0,False,palmer,British,ram,23,20,0.0,0.0,23.0,0,0,14,6.399999999999992,27.0
619,1984,10.0,brands_hatch,False,0.0,False,0.0,False,alliot,French,ram,24,26,0.0,0.0,25.0,0,0,14,6.599999999999994,29.0
617,1984,10.0,brands_hatch,False,0.0,False,0.0,False,johansson,Swedish,tyrrell,25,24,,0.0,0.0,0,0,15,7.199999999999989,27.0
620,1984,11.0,hockenheimring,False,0.0,True,0.0,False,,French,mclaren,1,1,0.0,3.0,1.0,0,6,,0.0,29.0
641,1984,11.0,hockenheimring,False,0.0,True,0.0,False,angelis,Italian,team_lotus,2,23,29.0,0.0,3.0,,0,3,0.0999999999999943,26.0
622,1984,11.0,hockenheimring,False,0.0,True,0.0,False,warwick,British,renault,3,3,19.0,0.0,6.0,27,0,4,1.4000000000000057,
,,11.0,hockenheimring,False,0.0,True,0.0,False,tambay,French,renault,4,5,8.0,0.0,10.0,27,0,4,1.4000000000000057,35.0
632,1984,11.0,hockenheimring,False,0.0,True,0.0,False,piquet,,brabham,5,14,18.0,2.0,7.0,22,2,6,1.5999999999999943,31.0
636,1984,11.0,,False,0.0,True,0.0,False,alboreto,Italian,ferrari,6,18,0.0,1.0,8.0,0,1,2,1.7999999999999972,27.0
621,1984,11.0,hockenheimring,False,0.0,True,0.0,False,lauda,Austrian,mclaren,7,2,33.0,3.0,2.0,0,6,1,1.9000000000000057,
631,1984,11.0,hockenheimring,False,,True,0.0,False,fabi,,brabham,8,13,4.0,0.0,13.0,22,2,6,2.299999999999997,29.0
643,1984,11.0,hockenheimring,False,0.0,True,0.0,False,senna,Brazilian,toleman,9,25,9.0,0.0,9.0,9,0,7,2.4000000000000057,24.0
625,1984,11.0,hockenheimring,False,0.0,True,0.0,False,arnoux,Auto%#,ferrari,10,6,24.0,0.0,4.0,0,1,2,2.9000000000000057,36.0
626,1984,11.0,hockenheimring,False,0.0,True,0.0,False,cesaris,Italian,ligier,11,7,3.0,0.0,16.0,3,0,10,3.0999999999999943,25.0
639,1984,11.0,hockenheimring,False,,True,0.0,False,laffite,,williams,12,21,5.0,0.0,12.0,0,1,5,3.5,40.0
629,1984,11.0,hockenheimring,False,0.0,True,0.0,False,manfred_winkelhock,German,ats,13,11,0.0,0.0,22.0,0,0,13,3.700000000000003,32.0
644,1984,11.0,hockenheimring,False,0.0,True,0.0,False,surer,Swiss,arrows,14,26,0.0,0.0,19.0,3,0,9,4.5,32.0
640,1984,11.0,hockenheimring,False,0.0,True,0.0,False,boutsen,Belgian,arrows,15,22,3.0,0.0,17.0,3,0,9,4.599999999999994,27.0
623,1984,11.0,hockenheimring,False,0.0,True,0.0,Auto%#,,British,team_lotus,Auto%#,4,6.0,0.0,11.0,35,0,3,4.700000000000003,30.0
627,1984,,hockenheimring,False,0.0,True,0.0,False,hesnault,French,ligier,17,8,0.0,0.0,26.0,3,0,10,4.900000000000006,27.0
630,1984,11.0,hockenheimring,False,0.0,True,0.0,False,cheever,American,alfa,18,12,,0.0,14.0,6,0,8,5.0,26.0
638,1984,11.0,hockenheimring,False,0.0,True,0.0,False,keke_rosberg,Finnish,williams,19,20,0.0,1.0,5.0,0,1,5,5.0,35.0
633,1984,11.0,hockenheimring,False,0.0,True,0.0,False,patrese,Italian,alfa,20,,3.0,0.0,15.0,6,0,8,5.799999999999997,30.0
634,1984,11.0,hockenheimring,False,0.0,,0.0,False,ghinzani,Italian,osella,21,16,2.0,0.0,18.0,2,0,11,7.5,32.0
642,1984,11.0,hockenheimring,,0.0,True,0.0,False,alliot,French,ram,22,24,0.0,0.0,25.0,0,0,14,8.5,30.0
635,1984,11.0,hockenheimring,False,0.0,Auto%#,0.0,False,gartner,Austrian,osella,23,17,0.0,0.0,30.0,2,0,11,8.599999999999994,30.0
628,1984,11.0,hockenheimring,False,0.0,True,0.0,False,rothengatter,,spirit,Auto%#,9,0.0,0.0,28.0,0,0,12,9.099999999999994,29.0
637,1984,11.0,,False,0.0,True,0.0,False,palmer,British,ram,25,19,0.0,0.0,23.0,0,,14,9.799999999999995,27.0
646,1984,12.0,osterreichring,False,0.0,True,0.0,False,piquet,Brazilian,brabham,1,2,18.0,2.0,7.0,22,2,6,0.0,32.0
660,1984,12.0,osterreichring,False,0.0,True,0.0,False,prost,French,mclaren,2,16,0.0,4.0,1.0,0,7,1,0.0,29.0
661,1984,12.0,osterreichring,False,0.0,True,,False,angelis,Italian,team_lotus,3,17,29.0,0.0,3.0,38,0,2,0.0999999999999943,26.0
645,1984,12.0,osterreichring,False,0.0,True,0.0,False,lauda,Austrian,mclaren,4,,39.0,3.0,2.0,0,7,1,0.5,35.0
657,1984,12.0,osterreichring,False,0.0,True,0.0,False,tambay,French,renault,5,13,10.0,0.0,9.0,33,,4,0.5,35.0
664,1984,12.0,osterreichring,False,0.0,True,0.0,False,warwick,British,Auto%#,6,20,23.0,0.0,5.0,33,0,4,0.8999999999999915,29.0
648,1984,12.0,osterreichring,False,0.0,True,0.0,False,fabi,Italian,brabham,,4,4.0,0.0,13.0,22,2,6,1.0,29.0
659,1984,12.0,osterreichring,False,0.0,,0.0,False,mansell,British,team_lotus,8,15,9.0,0.0,11.0,38,0,2,1.3999999999999917,31.0
666,1984,12.0,osterreichring,False,0.0,True,0.0,False,keke_rosberg,Finnish,williams,9,22,0.0,1.0,6.0,0,1,,2.5999999999999943,35.0
658,1984,12.0,osterreichring,False,0.0,True,0.0,False,senna,Brazilian,toleman,10,14,9.0,0.0,10.0,9,0,7,3.0,24.0
667,1984,12.0,osterreichring,False,0.0,True,0.0,False,,French,williams,11,23,5.0,,12.0,0,1,5,3.0,40.0
647,1984,12.0,osterreichring,False,0.0,True,0.0,False,alboreto,Italian,ferrari,,3,0.0,1.0,8.0,0,1,3,3.5,27.0
654,1984,12.0,osterreichring,False,0.0,True,0.0,False,patrese,Italian,alfa,13,10,3.0,0.0,15.0,6,0,8,4.5,30.0
651,1984,12.0,osterreichring,False,0.0,True,0.0,False,arnoux,French,ferrari,15,7,25.0,0.0,4.0,0,1,3,4.799999999999997,36.0
663,1984,12.0,osterreichring,False,0.0,True,0.0,False,cheever,American,alfa,16,19,3.0,0.0,14.0,6,0,8,4.799999999999997,26.0
649,1984,12.0,osterreichring,False,0.0,True,0.0,False,boutsen,Belgian,arrows,17,5,3.0,0.0,17.0,3,0,9,5.0,27.0
665,1984,12.0,osterreichring,,0.0,True,0.0,False,cesaris,Italian,ligier,18,21,3.0,0.0,16.0,3,,10,5.399999999999992,25.0
650,1984,12.0,osterreichring,False,0.0,True,0.0,False,surer,Swiss,arrows,19,6,0.0,0.0,19.0,,0,9,5.5,32.0
656,1984,12.0,osterreichring,False,0.0,True,0.0,False,berger,Austrian,ats,20,12,0.0,0.0,0.0,0,0,13,5.700000000000003,24.0
652,1984,12.0,osterreichring,False,0.0,True,0.0,False,hesnault,French,ligier,21,8,0.0,0.0,,3,0,10,6.099999999999994,27.0
668,1984,12.0,osterreichring,False,0.0,True,0.0,False,gartner,Austrian,osella,22,,0.0,0.0,0.0,2,0,11,6.799999999999997,30.0
669,1984,12.0,osterreichring,False,0.0,True,0.0,False,ghinzani,Italian,osella,23,25,2.0,0.0,18.0,2,0,11,7.0,32.0
653,1984,12.0,osterreichring,False,0.0,True,0.0,False,palmer,British,ram,24,9,0.0,0.0,23.0,0,0,14,7.899999999999991,27.0
655,1984,12.0,osterreichring,False,0.0,True,0.0,False,alliot,French,ram,25,11,0.0,0.0,27.0,0,0,14,8.299999999999997,30.0
662,1984,12.0,osterreichring,False,0.0,True,,False,rothengatter,Dutch,spirit,26,18,0.0,0.0,26.0,0,0,12,9.399999999999991,29.0
670,1984,13.0,zandvoort,True,0.0,False,0.0,False,prost,French,mclaren,1,1,0.0,4.0,2.0,,8,1,0.0,29.0
691,1984,13.0,zandvoort,True,0.0,False,0.0,False,piquet,Brazilian,brabham,2,25,24.0,2.0,5.0,31,2,5,0.3000000000000113,32.0
673,1984,13.0,zandvoort,True,0.0,False,0.0,False,angelis,Italian,team_lotus,3,4,29.0,0.0,3.0,38,0,3,0.3000000000000113,26.0
687,1984,13.0,zandvoort,True,0.0,False,0.0,False,warwick,British,renault,4,21,23.0,0.0,6.0,33,0,4,0.8000000000000114,29.0
675,1984,13.0,zandvoort,True,0.0,False,0.0,False,tambay,French,renault,5,6,10.0,0.0,9.0,33,0,4,1.0,35.0
671,1984,13.0,zandvoort,True,,False,0.0,False,lauda,Austrian,mclaren,6,2,48.0,4.0,1.0,0,8,1,1.3000000000000114,35.0
677,1984,13.0,zandvoort,,,False,0.0,False,keke_rosberg,Finnish,williams,7,8,0.0,1.0,7.0,0,1,6,1.5,35.0
686,1984,13.0,zandvoort,True,0.0,False,0.0,False,laffite,French,williams,8,20,5.0,0.0,13.0,0,1,6,1.6000000000000083,40.0
693,1984,13.0,zandvoort,True,0.0,False,0.0,False,alboreto,Italian,ferrari,9,27,0.0,1.0,8.0,0,1,2,1.7000000000000028,27.0
674,1984,13.0,zandvoort,True,0.0,False,0.0,False,fabi,Italian,brabham,10,5,7.0,0.0,12.0,31,2,5,1.7000000000000028,29.0
683,1984,13.0,,True,0.0,False,0.0,,boutsen,Belgian,,11,16,5.0,0.0,,,0,9,2.1000000000000085,27.0
684,1984,13.0,zandvoort,True,,False,0.0,False,patrese,Italian,Auto%#,11,18,3.0,,16.0,6,0,8,,30.0
672,1984,13.0,zandvoort,True,0.0,False,0.0,False,,British,team_lotus,12,3,9.0,0.0,11.0,38,0,3,2.200000000000003,31.0
689,1984,13.0,zandvoort,True,0.0,False,0.0,False,senna,Brazilian,toleman,13,23,9.0,0.0,10.0,9,0,7,2.4000000000000057,24.0
685,1984,13.0,zandvoort,True,0.0,False,0.0,False,cesaris,Auto%#,ligier,14,19,3.0,0.0,17.0,3,0,10,2.5,25.0
679,1984,13.0,,True,0.0,False,0.0,False,arnoux,,ferrari,15,11,25.0,0.0,4.0,0,1,,2.5,36.0
688,1984,13.0,zandvoort,True,0.0,False,0.0,Auto%#,manfred_winkelhock,German,ats,16,22,0.0,0.0,22.0,0,0,13,2.9000000000000057,32.0
681,1984,13.0,zandvoort,True,0.0,,0.0,False,cheever,American,alfa,17,13,3.0,0.0,15.0,6,0,8,3.4000000000000057,26.0
690,1984,13.0,zandvoort,True,0.0,False,,False,surer,Swiss,arrows,Auto%#,24,1.0,0.0,19.0,6,0,9,3.8000000000000114,32.0
676,1984,13.0,zandvoort,True,0.0,,0.0,False,hesnault,French,ligier,20,7,0.0,0.0,21.0,3,0,10,4.300000000000011,27.0
692,1984,13.0,zandvoort,True,0.0,False,0.0,False,ghinzani,Italian,osella,,26,2.0,0.0,18.0,2,0,11,5.900000000000006,32.0
678,1984,13.0,zandvoort,True,0.0,False,0.0,False,palmer,British,ram,22,9,0.0,0.0,24.0,0,0,14,6.0,27.0
680,1984,13.0,zandvoort,True,,False,0.0,False,gartner,Austrian,osella,23,12,0.0,0.0,0.0,2,0,11,6.400000000000006,30.0
682,1984,13.0,zandvoort,True,0.0,False,0.0,False,johansson,Swedish,tyrrell,25,15,0.0,0.0,0.0,0,0,15,7.5,27.0
709,1984,14.0,,False,0.0,True,0.0,False,piquet,Brazilian,brabham,1,16,24.0,2.0,5.0,33,2,5,0.0,32.0
718,1984,14.0,monza,False,0.0,True,0.0,False,prost,French,mclaren,2,25,0.0,5.0,2.0,0,9,1,0.1000000000000085,29.0
710,1984,14.0,monza,False,0.0,True,0.0,False,angelis,Italian,team_lotus,3,17,32.0,0.0,3.0,45,0,2,0.9000000000000057,26.0
694,1984,14.0,monza,False,0.0,True,0.0,False,lauda,Austrian,mclaren,4,1,,4.0,1.0,0,9,1,1.9000000000000057,35.0
705,1984,14.0,monza,False,0.0,True,0.0,False,fabi,Italian,brabham,5,12,9.0,0.0,12.0,33,2,5,2.0,29.0
713,1984,14.0,monza,False,0.0,True,,False,keke_rosberg,Finnish,williams,6,20,0.0,,7.0,,1,6,2.200000000000003,35.0
,1984,14.0,monza,False,0.0,True,0.0,False,mansell,British,team_lotus,7,18,13.0,0.0,9.0,45,0,2,2.4000000000000057,31.0
704,1984,14.0,Auto%#,False,0.0,True,0.0,False,tambay,French,renault,8,11,11.0,0.0,10.0,,0,4,2.700000000000003,35.0
696,1984,14.0,monza,False,0.0,True,0.0,False,patrese,Italian,alfa,9,3,3.0,0.0,16.0,6,0,8,2.800000000000012,30.0
702,1984,14.0,monza,False,0.0,True,0.0,False,cheever,,alfa,10,9,3.0,0.0,15.0,6,0,8,3.200000000000003,26.0
,1984,14.0,monza,False,0.0,True,0.0,False,alboreto,Italian,ferrari,11,2,0.0,1.0,8.0,0,1,3,3.200000000000003,27.0
707,1984,14.0,monza,False,0.0,True,0.0,False,warwick,British,renault,,14,,0.0,6.0,34,0,4,3.5,30.0
712,1984,14.0,monza,False,0.0,True,0.0,False,laffite,French,williams,13,19,5.0,0.0,13.0,0,1,Auto%#,4.0,40.0
717,1984,14.0,monza,False,,True,,False,arnoux,French,ferrari,14,24,25.0,0.0,4.0,0,1,3,4.1000000000000085,36.0
706,1984,14.0,monza,False,0.0,True,0.0,False,surer,Swiss,arrows,15,13,1.0,0.0,19.0,6,0,9,4.5,32.0
714,1984,14.0,monza,False,0.0,True,0.0,False,cesaris,Italian,ligier,16,21,3.0,0.0,17.0,3,0,10,4.6000000000000085,25.0
697,1984,14.0,monza,False,0.0,True,0.0,False,johansson,Swedish,toleman,17,4,0.0,0.0,0.0,9,0,7,4.6000000000000085,28.0
715,1984,14.0,monza,False,0.0,True,0.0,False,hesnault,French,ligier,18,22,0.0,0.0,20.0,,,10,4.700000000000003,27.0
703,1984,14.0,monza,False,0.0,True,0.0,False,boutsen,Belgian,arrows,19,10,5.0,0.0,14.0,6,0,9,4.700000000000003,27.0
699,1984,14.0,monza,False,0.0,True,0.0,False,berger,Austrian,ats,20,6,0.0,,29.0,0,0,13,4.900000000000006,25.0
719,1984,14.0,monza,False,0.0,True,0.0,False,manfred_winkelhock,German,ats,21,26,0.0,0.0,22.0,0,0,13,6.300000000000011,
700,1984,,monza,False,,True,0.0,False,ghinzani,Italian,Auto%#,22,7,2.0,,18.0,2,0,11,6.900000000000006,32.0
716,1984,14.0,monza,False,0.0,True,0.0,False,alliot,French,ram,23,23,0.0,0.0,27.0,0,0,14,7.5,30.0
698,1984,14.0,,False,0.0,True,0.0,False,gartner,Austrian,osella,24,5,0.0,0.0,28.0,2,0,11,7.900000000000006,30.0
701,1984,14.0,monza,False,0.0,True,0.0,False,rothengatter,Dutch,spirit,,8,0.0,0.0,26.0,0,0,12,8.100000000000009,29.0
708,,14.0,monza,False,0.0,True,0.0,False,palmer,British,,26,15,0.0,0.0,24.0,0,0,14,8.800000000000011,27.0
722,1984,15.0,nurburgring,True,0.0,False,0.0,False,piquet,Brazilian,brabham,1,3,24.0,2.0,5.0,33,2,5,0.0,32.0
,1984,15.0,nurburgring,True,0.0,False,0.0,,prost,French,mclaren,2,1,0.0,5.0,2.0,0,10,1,,29.0
734,1984,15.0,nurburgring,True,0.0,False,0.0,False,tambay,French,renault,3,15,11.0,0.0,10.0,34,0,4,0.5999999999999943,35.0
741,1984,15.0,nurburgring,True,0.0,False,0.0,,keke_rosberg,Finnish,williams,4,22,0.0,1.0,8.0,0,1,6,1.7999999999999972,35.0
721,1984,15.0,nurburgring,True,0.0,False,0.0,False,alboreto,Italian,ferrari,5,,0.0,1.0,7.0,0,1,2,2.0,27.0
724,1984,15.0,nurburgring,True,0.0,False,0.0,False,arnoux,French,ferrari,6,5,25.0,0.0,4.0,0,1,2,2.299999999999997,36.0
730,1984,15.0,nurburgring,True,0.0,False,0.0,False,warwick,British,renault,Auto%#,11,,0.0,6.0,34,0,4,2.6999999999999886,
733,1984,15.0,nurburgring,True,0.0,False,0.0,False,mansell,British,team_lotus,8,14,13.0,0.0,9.0,45,,3,2.799999999999997,31.0
725,1984,15.0,nurburgring,True,0.0,False,0.0,False,patrese,,alfa,9,6,7.0,0.0,13.0,10,0,8,3.0,30.0
732,1984,15.0,Auto%#,True,0.0,False,0.0,False,,Italian,brabham,10,13,9.0,0.0,12.0,33,2,5,3.299999999999997,29.0
728,1984,15.0,nurburgring,True,0.0,False,0.0,False,boutsen,Belgian,arrows,11,9,,0.0,15.0,6,0,9,3.299999999999997,27.0
742,1984,15.0,nurburgring,True,0.0,False,0.0,False,senna,Brazilian,toleman,12,23,9.0,0.0,11.0,12,0,Auto%#,3.5,24.0
735,1984,15.0,nurburgring,True,0.0,False,0.0,False,cheever,American,alfa,13,16,3.0,0.0,16.0,10,0,8,3.5999999999999943,26.0
738,1984,15.0,nurburgring,True,0.0,False,0.0,False,laffite,French,williams,14,19,5.0,0.0,14.0,0,1,,3.6999999999999886,40.0
723,1984,15.0,nurburgring,True,0.0,False,0.0,False,lauda,Austrian,mclaren,15,4,63.0,5.0,1.0,0,10,1,3.6999999999999886,35.0
743,1984,15.0,nurburgring,True,0.0,False,0.0,False,surer,Swiss,arrows,16,24,1.0,0.0,20.0,6,0,9,,33.0
726,1984,15.0,nurburgring,True,0.0,,0.0,False,cesaris,Italian,ligier,17,7,3.0,0.0,18.0,3,0,10,4.099999999999994,25.0
744,1984,15.0,nurburgring,True,0.0,False,0.0,False,berger,Austrian,ats,18,25,0.0,0.0,22.0,0,0,12,4.199999999999989,
729,1984,15.0,nurburgring,True,0.0,False,0.0,False,hesnault,French,ligier,19,10,0.0,0.0,23.0,3,0,10,4.399999999999992,27.0
745,1984,15.0,nurburgring,True,0.0,False,0.0,False,ghinzani,Italian,osella,20,26,2.0,0.0,19.0,2,0,11,5.799999999999997,32.0
737,1984,15.0,nurburgring,True,0.0,False,0.0,False,palmer,British,ram,21,18,0.0,0.0,27.0,0,0,14,6.199999999999989,27.0
731,1984,15.0,nurburgring,True,0.0,False,0.0,False,gartner,Austrian,osella,22,12,0.0,0.0,21.0,2,0,11,7.299999999999997,30.0
739,1984,15.0,nurburgring,True,,False,0.0,False,angelis,Italian,team_lotus,23,20,32.0,0.0,3.0,45,0,3,7.299999999999997,26.0
727,1984,15.0,nurburgring,True,0.0,False,0.0,False,baldi,Italian,spirit,24,8,0.0,0.0,26.0,,0,13,9.199999999999989,30.0
736,1984,15.0,nurburgring,True,0.0,False,0.0,False,alliot,French,ram,25,,0.0,0.0,30.0,0,0,14,11.399999999999991,30.0
740,1984,,,True,,False,0.0,False,johansson,Swedish,toleman,26,21,,0.0,17.0,12,0,7,22.3,28.0
751,1984,,estoril,False,0.0,True,0.0,False,piquet,Brazilian,brabham,1,6,28.0,2.0,4.0,37,2,4,0.0,32.0
746,1984,16.0,estoril,False,,True,0.0,False,prost,French,mclaren,2,1,0.0,6.0,2.0,0,11,1,0.0999999999999943,29.0
,,16.0,estoril,False,0.0,True,0.0,False,senna,Brazilian,toleman,3,3,9.0,0.0,11.0,12,0,7,0.2000000000000028,24.0
767,1984,16.0,estoril,False,0.0,True,0.0,False,keke_rosberg,Finnish,williams,4,22,0.0,1.0,8.0,0,1,6,0.2999999999999971,35.0
750,1984,16.0,estoril,False,0.0,True,0.0,False,angelis,Italian,team_lotus,5,5,32.0,0.0,3.0,45,0,3,0.5999999999999943,26.0
764,1984,16.0,estoril,False,0.0,True,0.0,False,mansell,British,team_lotus,6,19,13.0,0.0,9.0,45,0,3,0.5999999999999943,31.0
752,1984,16.0,estoril,False,0.0,True,0.0,False,tambay,French,renault,7,7,11.0,0.0,10.0,34,0,5,0.8999999999999915,35.0
749,1984,16.0,estoril,False,0.0,True,0.0,Auto%#,alboreto,Italian,ferrari,8,4,0.0,,5.0,0,1,2,1.0,27.0
765,1984,16.0,estoril,False,0.0,True,0.0,False,warwick,British,renault,9,,23.0,0.0,7.0,34,0,5,1.0999999999999943,30.0
756,1984,16.0,estoril,False,0.0,True,0.0,False,,Auto%#,toleman,10,11,3.0,0.0,17.0,12,0,7,1.2000000000000028,28.0
747,1984,16.0,estoril,False,,True,0.0,False,lauda,Austrian,mclaren,11,2,66.0,5.0,1.0,0,11,1,1.5,35.0
753,1984,16.0,estoril,False,0.0,True,0.0,False,patrese,Italian,Auto%#,12,8,8.0,0.0,13.0,11,0,8,2.299999999999997,30.0
766,1984,16.0,estoril,False,0.0,True,0.0,False,streiff,French,renault,13,21,0.0,0.0,0.0,34,0,5,2.3999999999999915,29.0
762,1984,16.0,estoril,False,0.0,True,0.0,False,cheever,Auto%#,alfa,14,17,,0.0,16.0,11,,8,2.5,26.0
759,1984,16.0,estoril,False,0.0,True,0.0,False,laffite,French,williams,15,14,5.0,0.0,14.0,0,1,6,2.700000000000003,40.0
771,1984,16.0,estoril,False,0.0,True,0.0,False,surer,Swiss,arrows,16,26,1.0,0.0,20.0,6,0,9,3.0,33.0
754,1984,16.0,estoril,False,0.0,True,0.0,,arnoux,French,ferrari,17,9,27.0,0.0,6.0,0,1,2,3.0999999999999943,36.0
769,1984,16.0,estoril,False,0.0,True,0.0,False,boutsen,Belgian,arrows,18,24,5.0,0.0,15.0,6,0,9,3.3999999999999915,27.0
755,1984,16.0,estoril,False,0.0,True,0.0,False,manfred_winkelhock,German,brabham,19,10,0.0,0.0,26.0,37,2,4,3.5999999999999943,33.0
757,1984,16.0,estoril,False,,True,0.0,False,cesaris,Auto%#,,20,12,3.0,0.0,18.0,3,0,10,4.399999999999992,25.0
768,1984,16.0,estoril,False,0.0,True,0.0,,hesnault,French,Auto%#,21,23,0.0,0.0,23.0,3,0,10,5.0,27.0
,1984,16.0,estoril,False,0.0,True,0.0,False,ghinzani,Italian,osella,22,18,2.0,0.0,19.0,2,0,11,5.099999999999994,
758,1984,16.0,estoril,False,0.0,True,0.0,False,berger,Austrian,,23,13,0.0,0.0,22.0,0,0,12,6.399999999999992,25.0
761,1984,16.0,estoril,False,0.0,True,0.0,False,gartner,Austrian,osella,24,16,0.0,0.0,21.0,2,0,11,6.5,30.0
760,1984,16.0,estoril,False,0.0,True,0.0,False,baldi,,spirit,25,15,0.0,0.0,25.0,0,0,13,7.299999999999997,30.0
770,1984,16.0,estoril,False,0.0,True,0.0,False,palmer,British,ram,26,25,,0.0,27.0,0,0,14,7.700000000000003,27.0
772,1984,16.0,estoril,False,0.0,True,0.0,False,alliot,French,ram,27,Auto%#,0.0,0.0,30.0,0,0,14,,30.0
774,1985,1.0,jacarepagua,False,0.0,True,0.0,False,alboreto,Italian,ferrari,1,2,0.0,0.0,0.0,0,0,0,0.0,28.0
793,1985,1.0,jacarepagua,False,0.0,True,0.0,False,keke_rosberg,Finnish,williams,2,21,0.0,0.0,0.0,0,0,0,0.1000000000000085,36.0
775,1985,1.0,jacarepagua,,0.0,True,0.0,False,angelis,Italian,team_lotus,3,3,0.0,0.0,0.0,0,0,0,0.2999999999999971,27.0
787,1985,1.0,jacarepagua,False,0.0,True,,False,senna,Brazilian,team_lotus,4,15,0.0,0.0,0.0,0,0,0,0.6000000000000085,25.0
795,1985,,jacarepagua,False,0.0,True,0.0,False,mansell,British,Auto%#,5,23,0.0,0.0,0.0,0,0,0,1.0,31.0
773,1985,1.0,jacarepagua,False,0.0,True,0.0,Auto%#,prost,French,mclaren,6,1,0.0,0.0,0.0,0,0,0,1.2999999999999972,30.0
776,1985,1.0,jacarepagua,False,0.0,True,0.0,False,arnoux,French,ferrari,7,4,0.0,0.0,0.0,0,0,0,,36.0
797,1985,1.0,jacarepagua,False,0.0,True,0.0,False,piquet,Brazilian,brabham,8,25,,0.0,0.0,0,0,0,2.1000000000000085,32.0
790,1985,1.0,jacarepagua,False,0.0,Auto%#,0.0,False,lauda,Austrian,mclaren,9,18,0.0,0.0,0.0,0,0,0,2.200000000000003,36.0
,,1.0,jacarepagua,False,0.0,True,,False,warwick,British,renault,10,10,0.0,0.0,0.0,0,0,0,2.299999999999997,30.0
777,1985,1.0,jacarepagua,False,,True,0.0,False,tambay,French,renault,11,,0.0,0.0,0.0,0,0,0,2.5,35.0
783,1985,1.0,jacarepagua,False,0.0,True,0.0,False,,Belgian,arrows,12,11,0.0,0.0,0.0,0,0,,3.200000000000003,27.0
791,1985,1.0,jacarepagua,False,0.0,True,0.0,False,cesaris,,ligier,13,19,0.0,0.0,0.0,0,0,,3.6000000000000085,25.0
792,1985,1.0,jacarepagua,False,0.0,True,0.0,False,patrese,Italian,alfa,Auto%#,20,0.0,0.0,0.0,0,0,0,4.0,30.0
778,1985,1.0,jacarepagua,False,0.0,True,0.0,False,laffite,French,ligier,15,6,0.0,0.0,0.0,0,0,0,,41.0
785,1985,,jacarepagua,False,0.0,True,0.0,False,manfred_winkelhock,Auto%#,ram,16,13,0.0,0.0,0.0,0,0,0,4.799999999999997,33.0
794,1985,1.0,jacarepagua,False,0.0,True,0.0,False,hesnault,French,brabham,17,22,0.0,0.0,0.0,0,0,0,5.1000000000000085,28.0
788,1985,1.0,jacarepagua,False,0.0,True,0.0,False,cheever,American,alfa,18,16,0.0,0.0,0.0,0,0,0,5.299999999999997,27.0
786,1985,1.0,,False,,True,0.0,False,berger,Austrian,arrows,19,14,0.0,0.0,0.0,0,0,0,7.0,25.0
781,1985,1.0,jacarepagua,False,0.0,True,0.0,False,alliot,French,ram,20,9,0.0,0.0,0.0,0,0,0,7.900000000000006,30.0
780,1985,1.0,jacarepagua,False,0.0,True,0.0,False,brundle,,tyrrell,,8,0.0,0.0,0.0,0,0,0,8.400000000000006,25.0
784,1985,1.0,jacarepagua,False,0.0,True,0.0,False,ghinzani,Italian,osella,22,12,0.0,0.0,0.0,0,0,0,8.900000000000006,33.0
779,1985,1.0,jacarepagua,False,0.0,True,0.0,False,johansson,Swedish,tyrrell,23,7,0.0,0.0,0.0,0,0,0,9.5,28.0
796,1985,1.0,jacarepagua,,0.0,True,0.0,False,baldi,Italian,spirit,24,24,0.0,0.0,0.0,0,0,0,13.5,31.0
789,1985,1.0,jacarepagua,False,0.0,True,0.0,False,martini,Italian,minardi,25,17,0.0,0.0,0.0,0,0,0,16.200000000000003,23.0
798,1985,2.0,estoril,False,0.0,False,1.0,False,senna,Brazilian,team_lotus,1,1,0.0,0.0,15.0,,0,3,0.0,25.0
810,1985,2.0,estoril,False,0.0,False,1.0,False,prost,French,mclaren,2,,9.0,1.0,1.0,9,1,1,0.4000000000000057,30.0
815,1985,2.0,estoril,False,0.0,False,1.0,False,keke_rosberg,Finnish,williams,3,19,0.0,0.0,21.0,0,0,12,0.9000000000000057,36.0
801,1985,2.0,estoril,False,0.0,False,1.0,False,angelis,Italian,team_lotus,4,Auto%#,4.0,0.0,,4,0,3,1.2000000000000028,27.0
799,1985,2.0,estoril,False,0.0,False,1.0,False,alboreto,Italian,ferrari,5,2,6.0,0.0,2.0,9,0,2,1.5999999999999943,28.0
804,1985,2.0,estoril,False,0.0,False,1.0,False,,British,renault,6,7,0.0,0.0,10.0,2,0,,2.0999999999999943,30.0
808,1985,2.0,estoril,False,0.0,False,1.0,False,lauda,Austrian,mclaren,Auto%#,11,0.0,0.0,18.0,9,1,1,2.299999999999997,36.0
811,1985,2.0,,False,0.0,False,1.0,False,cesaris,Italian,ligier,8,14,0.0,0.0,19.0,1,0,5,2.299999999999997,25.0
802,1985,2.0,estoril,False,0.0,False,1.0,False,mansell,British,williams,9,5,0.0,0.0,23.0,0,0,12,2.5999999999999943,31.0
813,1985,2.0,estoril,False,0.0,False,1.0,False,boutsen,Belgian,arrows,10,16,0.0,0.0,11.0,0,0,8,2.5999999999999943,27.0
805,1985,2.0,estoril,False,0.0,False,1.0,False,johansson,Swedish,ferrari,11,8,0.0,0.0,7.0,9,0,2,2.700000000000003,28.0
800,1985,2.0,estoril,False,,False,1.0,False,tambay,French,renault,12,3,2.0,0.0,5.0,2,0,4,3.0999999999999943,35.0
819,1985,2.0,estoril,False,0.0,False,1.0,False,patrese,Auto%#,alfa,13,23,0.0,0.0,20.0,0,0,10,3.200000000000003,31.0
809,1985,2.0,,False,0.0,False,1.0,False,cheever,American,alfa,,12,0.0,0.0,16.0,0,0,10,3.5999999999999943,27.0
807,1985,2.0,estoril,False,0.0,False,1.0,False,manfred_winkelhock,German,ram,15,10,0.0,0.0,13.0,0,0,7,3.700000000000003,
,1985,2.0,estoril,False,0.0,False,1.0,False,piquet,,brabham,16,15,0.0,0.0,25.0,0,0,13,3.700000000000003,32.0
817,1985,2.0,estoril,False,0.0,False,1.0,False,berger,Austrian,arrows,17,21,0.0,0.0,14.0,0,0,8,3.799999999999997,25.0
816,1985,2.0,estoril,False,0.0,False,1.0,False,laffite,French,ligier,18,20,1.0,0.0,6.0,1,0,5,3.9000000000000057,41.0
821,1985,2.0,estoril,False,0.0,False,1.0,False,hesnault,French,brabham,19,25,0.0,0.0,22.0,0,0,,4.700000000000003,28.0
820,1985,2.0,estoril,False,,False,1.0,False,alliot,French,ram,20,24,0.0,0.0,9.0,0,0,7,5.200000000000003,30.0
803,1985,2.0,estoril,False,0.0,False,1.0,False,bellof,German,tyrrell,21,6,0.0,0.0,0.0,0,0,6,6.299999999999997,27.0
814,1985,2.0,estoril,False,,False,1.0,,brundle,British,,22,17,0.0,0.0,8.0,0,0,6,6.599999999999994,25.0
822,1985,2.0,estoril,False,0.0,False,1.0,False,palmer,British,Auto%#,23,26,0.0,0.0,0.0,0,0,0,7.200000000000003,28.0
818,1985,2.0,estoril,False,0.0,False,1.0,False,martini,Italian,minardi,25,22,0.0,0.0,17.0,0,0,11,7.599999999999994,23.0
806,1985,2.0,,False,0.0,False,1.0,False,ghinzani,Italian,osella,26,9,0.0,0.0,12.0,0,,Auto%#,9.900000000000006,33.0
829,1985,3.0,imola,False,0.0,False,0.0,False,senna,Brazilian,team_lotus,1,7,9.0,1.0,3.0,16,1,1,0.0,25.0
839,1985,3.0,imola,False,0.0,False,0.0,False,keke_rosberg,Finnish,williams,2,17,0.0,0.0,24.0,2,0,5,0.1000000000000085,36.0
823,1985,3.0,imola,False,0.0,False,0.0,False,angelis,Italian,team_lotus,3,1,7.0,0.0,4.0,16,1,1,0.6000000000000085,27.0
836,1985,3.0,imola,False,0.0,Auto%#,0.0,False,alboreto,Italian,ferrari,4,14,12.0,,1.0,15,0,2,0.6000000000000085,28.0
824,1985,3.0,imola,False,0.0,False,0.0,False,boutsen,Belgian,Auto%#,5,2,0.0,0.0,15.0,0,0,10,0.6000000000000085,
833,1985,3.0,imola,False,0.0,False,,False,prost,French,mclaren,6,11,9.0,1.0,2.0,9,1,3,0.7999999999999972,30.0
827,1985,3.0,imola,False,0.0,,0.0,False,mansell,British,williams,7,5,2.0,0.0,7.0,2,0,5,,31.0
826,1985,3.0,imola,False,0.0,False,0.0,False,lauda,Austrian,mclaren,8,4,0.0,0.0,17.0,9,1,3,1.1000000000000083,
830,1985,3.0,imola,False,0.0,False,0.0,False,piquet,Brazilian,brabham,9,8,0.0,0.0,,0,0,12,1.2000000000000028,32.0
825,1985,3.0,imola,False,0.0,,0.0,False,tambay,French,renault,11,,6.0,0.0,5.0,6,0,4,1.7999999999999972,35.0
834,1985,3.0,imola,False,0.0,False,0.0,False,cheever,American,alfa,12,12,0.0,0.0,18.0,0,0,Auto%#,2.0,27.0
842,1985,3.0,imola,False,0.0,False,0.0,False,cesaris,Italian,ligier,13,20,0.0,0.0,19.0,1,0,Auto%#,2.1000000000000085,25.0
832,1985,3.0,imola,False,0.0,False,0.0,False,warwick,British,,14,10,0.0,0.0,11.0,6,0,4,2.200000000000003,30.0
,1985,3.0,imola,False,0.0,Auto%#,0.0,False,johansson,Swedish,ferrari,15,6,0.0,0.0,10.0,15,0,2,2.5,28.0
840,1985,3.0,imola,False,0.0,False,0.0,False,laffite,French,ligier,16,18,1.0,0.0,8.0,1,,Auto%#,3.700000000000003,41.0
848,1985,3.0,imola,False,0.0,False,0.0,,palmer,British,zakspeed,17,26,0.0,0.0,27.0,0,0,15,,28.0
,1985,3.0,imola,False,0.0,False,0.0,False,berger,Austrian,arrows,18,24,0.0,0.0,20.0,0,0,10,3.799999999999997,25.0
847,1985,3.0,imola,False,0.0,False,0.0,False,patrese,Italian,Auto%#,18,25,0.0,0.0,25.0,0,0,11,3.799999999999997,31.0
841,1985,3.0,imola,False,0.0,False,0.0,False,martini,Italian,minardi,19,19,0.0,0.0,22.0,0,0,13,5.5,24.0
844,1985,3.0,imola,False,0.0,False,0.0,False,hesnault,French,brabham,,22,0.0,0.0,26.0,0,0,12,5.799999999999997,28.0
838,1985,3.0,imola,False,0.0,False,0.0,False,alliot,French,Auto%#,21,Auto%#,0.0,0.0,14.0,0,0,9,6.900000000000006,30.0
835,1985,3.0,imola,False,0.0,False,0.0,False,ghinzani,Italian,osella,22,13,0.0,0.0,13.0,0,0,8,6.900000000000006,33.0
837,1985,3.0,imola,False,0.0,False,0.0,False,manfred_winkelhock,German,ram,23,15,,0.0,16.0,0,0,9,7.299999999999997,33.0
845,1985,3.0,imola,False,0.0,False,0.0,False,bellof,German,tyrrell,24,23,1.0,0.0,9.0,1,0,6,8.400000000000006,27.0
831,1985,3.0,imola,False,0.0,False,0.0,False,brundle,British,tyrrell,25,9,0.0,0.0,12.0,1,0,6,9.100000000000009,25.0
843,1985,3.0,imola,False,0.0,False,0.0,False,baldi,Italian,spirit,26,21,0.0,0.0,23.0,0,0,14,9.600000000000009,31.0
864,1985,4.0,monaco,False,0.0,True,0.0,False,senna,Brazilian,team_lotus,1,16,9.0,1.0,4.0,25,2,1,0.0,25.0
855,1985,4.0,monaco,False,0.0,True,0.0,False,mansell,British,williams,2,7,4.0,0.0,7.0,4,0,6,0.0999999999999943,31.0
850,1985,4.0,monaco,False,0.0,True,0.0,False,alboreto,,ferrari,,2,12.0,0.0,2.0,16,0,2,0.1999999999999886,28.0
865,1985,4.0,monaco,False,0.0,True,0.0,False,cheever,American,alfa,4,17,0.0,0.0,19.0,0,0,12,0.2999999999999971,27.0
849,1985,4.0,monaco,False,0.0,True,0.0,False,prost,French,mclaren,5,1,9.0,1.0,5.0,12,,3,0.5,30.0
857,1985,4.0,monaco,False,0.0,True,0.0,False,boutsen,Belgian,arrows,6,,6.0,0.0,6.0,6,0,,0.8999999999999915,27.0
856,1985,4.0,monaco,False,0.0,True,0.0,False,keke_rosberg,Finnish,williams,7,8,,0.0,22.0,4,0,6,0.8999999999999915,36.0
852,1985,4.0,monaco,False,0.0,True,0.0,False,cesaris,Italian,ligier,8,4,0.0,0.0,20.0,1,0,8,0.8999999999999915,25.0
851,1985,4.0,monaco,False,0.0,,0.0,False,angelis,Italian,team_lotus,9,3,,1.0,1.0,25,2,1,1.0999999999999943,27.0
853,1985,4.0,monaco,False,0.0,True,0.0,False,warwick,British,renault,10,5,0.0,0.0,13.0,10,0,4,1.0999999999999943,30.0
867,1985,4.0,monaco,False,0.0,True,0.0,False,berger,Austrian,arrows,11,19,0.0,0.0,21.0,6,0,Auto%#,1.2999999999999972,25.0
861,1985,4.0,monaco,False,0.0,True,0.0,,patrese,Italian,alfa,12,13,0.0,0.0,25.0,0,,12,,31.0
862,1985,4.0,monaco,False,0.0,True,0.0,Auto%#,piquet,Brazilian,brabham,13,14,0.0,0.0,15.0,0,0,9,1.3999999999999917,32.0
860,1985,4.0,monaco,False,0.0,True,0.0,False,lauda,Austrian,mclaren,14,12,3.0,,8.0,12,1,3,1.5,36.0
866,1985,4.0,monaco,False,0.0,True,0.0,False,johansson,Swedish,ferrari,15,18,1.0,0.0,10.0,16,0,2,2.1999999999999886,28.0
854,1985,4.0,monaco,False,0.0,True,0.0,Auto%#,laffite,French,ligier,16,6,1.0,0.0,11.0,1,0,8,2.5,41.0
868,1985,4.0,monaco,False,0.0,True,0.0,False,tambay,French,,17,20,10.0,0.0,3.0,10,0,,,35.0
858,1985,4.0,monaco,False,0.0,True,0.0,False,brundle,British,tyrrell,18,10,0.0,0.0,,1,0,7,3.3999999999999915,25.0
859,1985,4.0,monaco,False,0.0,True,0.0,False,palmer,British,zakspeed,19,11,0.0,0.0,27.0,0,0,15,3.3999999999999915,28.0
863,1985,4.0,monaco,False,0.0,True,0.0,False,fabi,Italian,toleman,20,15,0.0,0.0,0.0,0,0,0,3.5999999999999943,30.0
873,1985,5.0,villeneuve,True,0.0,False,0.0,False,angelis,Italian,team_lotus,1,5,20.0,1.0,1.0,29,2,1,0.0,27.0
884,1985,5.0,villeneuve,True,0.0,False,0.0,False,senna,Brazilian,team_lotus,2,16,9.0,1.0,5.0,29,,1,0.2000000000000028,25.0
869,1985,,villeneuve,,0.0,False,0.0,False,alboreto,Italian,ferrari,3,1,18.0,0.0,3.0,22,0,2,0.5,28.0
870,1985,5.0,villeneuve,True,0.0,False,0.0,False,johansson,Swedish,ferrari,4,2,1.0,0.0,13.0,22,0,2,0.6000000000000085,28.0
871,1985,5.0,villeneuve,True,0.0,False,0.0,False,prost,French,mclaren,5,3,18.0,2.0,2.0,21,2,3,1.0,30.0
890,1985,5.0,villeneuve,True,0.0,False,0.0,False,warwick,British,renault,,22,2.0,0.0,11.0,12,0,4,1.0,30.0
877,1985,5.0,villeneuve,True,0.0,False,,False,boutsen,Belgian,arrows,7,9,6.0,0.0,6.0,6,0,5,1.2000000000000028,27.0
872,1985,5.0,villeneuve,True,0.0,False,0.0,False,keke_rosberg,Finnish,Auto%#,8,4,0.0,0.0,17.0,4,0,7,,36.0
893,1985,5.0,villeneuve,True,0.0,False,0.0,False,piquet,Brazilian,brabham,9,25,0.0,0.0,16.0,0,0,9,1.7000000000000028,32.0
875,1985,5.0,Auto%#,True,0.0,False,0.0,False,tambay,French,renault,10,7,10.0,0.0,4.0,12,0,4,1.7000000000000028,35.0
885,1985,5.0,villeneuve,True,0.0,False,0.0,False,cheever,American,alfa,11,17,0.0,0.0,22.0,0,0,13,1.8000000000000114,27.0
881,1985,5.0,villeneuve,True,0.0,False,0.0,False,berger,,arrows,12,13,0.0,0.0,24.0,6,0,5,2.1000000000000085,25.0
878,1985,5.0,villeneuve,True,0.0,False,0.0,False,patrese,Italian,alfa,13,10,0.0,0.0,23.0,0,0,13,2.4000000000000057,31.0
891,1985,5.0,villeneuve,True,0.0,False,0.0,False,manfred_winkelhock,German,ram,14,23,0.0,0.0,21.0,0,0,11,2.700000000000003,33.0
882,1985,5.0,villeneuve,True,0.0,False,0.0,False,cesaris,Italian,ligier,15,14,3.0,0.0,9.0,5,0,6,2.800000000000012,26.0
874,1985,5.0,villeneuve,True,0.0,False,0.0,False,mansell,British,williams,16,6,4.0,0.0,7.0,4,0,7,3.1000000000000085,31.0
887,1985,5.0,villeneuve,True,0.0,False,0.0,,lauda,Austrian,mclaren,17,19,3.0,0.0,8.0,21,2,3,3.5,36.0
892,1985,5.0,villeneuve,True,0.0,,0.0,False,fabi,Italian,toleman,18,24,0.0,0.0,25.0,0,0,14,4.0,30.0
876,1985,5.0,villeneuve,True,,False,0.0,False,laffite,French,ligier,19,8,2.0,0.0,12.0,5,0,6,4.200000000000003,41.0
883,1985,5.0,villeneuve,True,0.0,,0.0,,surer,Swiss,brabham,20,15,0.0,0.0,0.0,0,0,9,4.900000000000006,33.0
889,1985,5.0,villeneuve,True,0.0,False,0.0,False,alliot,French,ram,21,21,0.0,0.0,19.0,0,0,11,4.900000000000006,30.0
,1985,5.0,villeneuve,True,0.0,,0.0,False,ghinzani,Italian,osella,22,20,0.0,0.0,18.0,0,0,10,7.0,33.0
879,1985,,villeneuve,True,,False,0.0,False,,German,tyrrell,23,11,,0.0,14.0,1,0,8,7.1000000000000085,27.0
880,1985,5.0,villeneuve,True,0.0,False,0.0,False,brundle,British,tyrrell,24,12,0.0,0.0,15.0,1,0,8,7.300000000000011,26.0
886,1985,5.0,villeneuve,True,0.0,False,0.0,False,martini,Italian,minardi,25,18,0.0,0.0,26.0,0,0,15,10.400000000000006,24.0
906,1985,6.0,detroit,True,1.0,False,0.0,False,senna,Brazilian,team_lotus,1,13,9.0,1.0,5.0,31,2,,0.0,25.0
909,,6.0,detroit,True,1.0,False,0.0,False,mansell,British,williams,2,16,5.0,0.0,8.0,8,0,5,1.1000000000000083,31.0
896,1985,6.0,detroit,True,,False,0.0,False,alboreto,Italian,ferrari,3,3,27.0,1.0,1.0,37,1,1,1.6000000000000083,28.0
910,1985,6.0,detroit,True,1.0,False,0.0,False,prost,French,mclaren,,17,,2.0,2.0,25,2,3,2.0,30.0
894,1985,6.0,Auto%#,True,1.0,False,0.0,False,keke_rosberg,Finnish,williams,5,1,3.0,0.0,9.0,8,0,5,2.1000000000000085,36.0
912,1985,6.0,detroit,True,1.0,,0.0,False,warwick,British,renault,6,19,2.0,0.0,13.0,12,0,4,2.1000000000000085,30.0
902,1985,6.0,detroit,True,1.0,False,0.0,False,cheever,American,alfa,7,9,0.0,0.0,25.0,0,0,12,2.1000000000000085,27.0
898,1985,6.0,detroit,True,1.0,False,0.0,False,angelis,Italian,team_lotus,8,5,22.0,1.0,3.0,31,2,2,2.700000000000003,27.0
895,1985,6.0,detroit,True,1.0,Auto%#,0.0,False,johansson,Swedish,ferrari,9,2,7.0,0.0,6.0,37,1,1,2.800000000000012,28.0
899,1985,6.0,detroit,True,1.0,False,0.0,False,piquet,Brazilian,brabham,10,6,0.0,0.0,17.0,0,0,9,3.1000000000000085,32.0
901,1985,6.0,detroit,True,1.0,False,0.0,False,surer,Swiss,brabham,11,8,0.0,0.0,24.0,0,0,9,3.9000000000000057,33.0
915,1985,6.0,detroit,True,1.0,False,0.0,False,lauda,,mclaren,12,22,3.0,0.0,11.0,25,2,3,4.200000000000003,36.0
,1985,6.0,detroit,True,1.0,False,0.0,False,fabi,Italian,toleman,13,23,0.0,0.0,26.0,0,0,14,4.400000000000006,30.0
911,1985,6.0,detroit,True,1.0,False,0.0,False,patrese,Italian,alfa,14,18,0.0,0.0,20.0,0,0,12,4.5,31.0
913,1985,6.0,detroit,True,1.0,False,0.0,,tambay,French,renault,15,20,10.0,0.0,4.0,12,0,4,4.900000000000006,35.0
905,1985,6.0,Auto%#,True,1.0,False,0.0,False,laffite,French,Auto%#,16,12,2.0,0.0,14.0,5,0,7,5.200000000000003,41.0
903,1985,6.0,detroit,True,1.0,False,0.0,False,cesaris,Italian,ligier,17,10,3.0,0.0,10.0,5,0,7,5.300000000000011,26.0
907,1985,6.0,detroit,True,1.0,False,0.0,False,brundle,British,tyrrell,18,14,0.0,0.0,16.0,1,0,8,5.5,26.0
897,1985,6.0,detroit,True,1.0,,0.0,False,bellof,German,tyrrell,19,4,1.0,0.0,15.0,1,0,8,5.800000000000011,27.0
917,1985,6.0,detroit,True,1.0,False,0.0,False,manfred_winkelhock,German,ram,20,24,0.0,0.0,22.0,0,0,11,5.800000000000011,33.0
900,1985,6.0,detroit,True,1.0,False,0.0,False,boutsen,Belgian,arrows,21,7,6.0,0.0,7.0,6,0,6,5.900000000000006,27.0
918,1985,6.0,detroit,True,1.0,False,0.0,False,ghinzani,Italian,osella,22,25,0.0,0.0,18.0,0,0,10,6.400000000000006,33.0
908,1985,6.0,detroit,True,1.0,False,0.0,False,alliot,French,ram,23,15,0.0,0.0,19.0,0,0,11,8.400000000000006,30.0
904,1985,6.0,Auto%#,True,1.0,False,0.0,False,,Austrian,arrows,24,11,0.0,0.0,23.0,6,0,6,23.200000000000003,25.0
914,1985,6.0,detroit,True,1.0,False,0.0,False,martini,Italian,minardi,25,21,0.0,0.0,27.0,0,0,15,82.30000000000001,24.0
920,1985,7.0,ricard,False,0.0,False,0.0,False,keke_rosberg,Finnish,williams,1,2,12.0,1.0,5.0,17,1,4,0.0,36.0
935,1985,7.0,ricard,False,0.0,False,0.0,False,senna,,team_lotus,2,18,9.0,1.0,7.0,33,2,2,0.2999999999999971,25.0
940,1985,7.0,ricard,False,0.0,False,0.0,False,alboreto,Italian,ferrari,3,23,31.0,1.0,1.0,47,1,1,0.7999999999999972,28.0
921,1985,7.0,ricard,False,0.0,False,0.0,False,prost,French,mclaren,4,3,22.0,2.0,3.0,25,2,3,0.7999999999999972,30.0
919,1985,7.0,ricard,False,0.0,False,0.0,False,piquet,Brazilian,brabham,5,1,,0.0,16.0,1,0,9,1.2999999999999972,32.0
934,1985,7.0,ricard,False,0.0,False,0.0,False,,Austrian,mclaren,6,17,3.0,0.0,12.0,25,2,3,1.4000000000000057,36.0
923,1985,7.0,ricard,False,0.0,False,0.0,False,angelis,Italian,team_lotus,,5,24.0,1.0,2.0,33,2,Auto%#,1.5,27.0
943,1985,7.0,ricard,,,False,0.0,False,,,williams,8,26,5.0,0.0,9.0,17,1,4,2.200000000000003,31.0
936,1985,7.0,ricard,False,0.0,False,0.0,False,berger,Austrian,arrows,9,19,0.0,0.0,23.0,6,0,6,2.200000000000003,25.0
924,1985,,ricard,False,0.0,False,0.0,False,tambay,French,renault,10,6,10.0,0.0,6.0,12,0,5,2.5,36.0
925,1985,7.0,ricard,False,0.0,False,0.0,False,warwick,British,renault,11,7,,,14.0,12,0,5,3.0,30.0
927,1985,7.0,ricard,False,0.0,False,0.0,False,boutsen,Belgian,arrows,12,9,6.0,0.0,8.0,6,0,6,3.0999999999999943,27.0
941,1985,7.0,ricard,False,0.0,False,0.0,False,cesaris,Italian,ligier,13,24,3.0,0.0,,5,0,7,3.0999999999999943,26.0
926,1985,7.0,ricard,False,,False,0.0,False,surer,Swiss,brabham,14,8,0.0,0.0,18.0,1,0,9,3.5999999999999943,33.0
942,1985,7.0,ricard,False,0.0,False,0.0,False,laffite,French,ligier,15,25,2.0,0.0,15.0,5,0,7,3.5999999999999943,41.0
922,1985,7.0,ricard,False,0.0,False,0.0,False,johansson,Swedish,ferrari,16,4,13.0,0.0,4.0,47,1,1,4.200000000000003,28.0
929,1985,7.0,ricard,False,0.0,False,0.0,False,patrese,Italian,alfa,17,11,0.0,0.0,22.0,0,0,10,4.400000000000006,31.0
928,1985,7.0,ricard,False,0.0,False,0.0,False,cheever,American,alfa,18,10,0.0,0.0,20.0,0,0,Auto%#,4.599999999999994,27.0
931,1985,7.0,ricard,False,,False,0.0,False,fabi,Italian,toleman,19,14,0.0,0.0,26.0,0,0,14,5.200000000000003,30.0
,1985,7.0,ricard,False,,False,0.0,False,manfred_winkelhock,German,ram,20,12,,0.0,25.0,0,0,12,7.5,33.0
933,1985,7.0,ricard,False,0.0,False,0.0,False,brundle,British,tyrrell,21,16,0.0,0.0,17.0,4,,8,7.799999999999997,
939,1985,7.0,ricard,False,0.0,False,0.0,False,palmer,British,zakspeed,,22,0.0,0.0,24.0,0,0,13,9.099999999999994,28.0
938,1985,7.0,ricard,False,0.0,False,0.0,False,alliot,French,ram,23,21,0.0,0.0,21.0,0,0,12,9.599999999999994,30.0
932,1985,,ricard,False,0.0,False,0.0,False,ghinzani,Italian,osella,24,15,0.0,0.0,19.0,0,0,11,11.799999999999995,33.0
937,1985,7.0,ricard,False,0.0,False,0.0,False,martini,Italian,minardi,25,20,0.0,0.0,27.0,0,0,15,11.900000000000006,24.0
961,1985,8.0,silverstone,False,0.0,False,0.0,True,keke_rosberg,Finnish,williams,1,18,18.0,1.0,4.0,23,1,4,,36.0
947,1985,8.0,silverstone,False,0.0,False,0.0,True,piquet,Brazilian,brabham,2,,10.0,1.0,7.0,10,1,6,0.6000000000000085,32.0
944,1985,8.0,Auto%#,False,0.0,,0.0,True,prost,French,mclaren,3,1,26.0,2.0,2.0,,2,3,0.7000000000000028,
953,1985,8.0,silverstone,False,0.0,False,0.0,True,senna,Brazilian,team_lotus,4,10,9.0,1.0,8.0,35,2,2,0.7000000000000028,25.0
962,1985,8.0,silverstone,False,0.0,False,0.0,True,mansell,British,williams,5,19,5.0,0.0,10.0,23,1,4,1.1000000000000083,31.0
945,1985,8.0,silverstone,False,0.0,False,0.0,True,alboreto,Italian,ferrari,6,2,31.0,1.0,1.0,50,1,1,1.2000000000000028,28.0
957,1985,8.0,silverstone,False,0.0,False,0.0,True,cesaris,Italian,ligier,7,,3.0,0.0,12.0,5,0,8,1.8000000000000114,26.0
959,1985,8.0,silverstone,False,0.0,False,0.0,,angelis,Italian,team_lotus,8,16,26.0,1.0,3.0,35,2,2,2.0,27.0
965,1985,8.0,silverstone,False,0.0,False,0.0,True,fabi,Italian,toleman,9,22,0.0,0.0,26.0,0,0,14,2.1000000000000085,30.0
955,1985,8.0,Auto%#,False,0.0,False,0.0,True,lauda,Austrian,mclaren,10,12,3.0,0.0,13.0,29,2,3,2.1000000000000085,36.0
966,1985,8.0,silverstone,False,0.0,False,0.0,True,johansson,Swedish,ferrari,11,23,16.0,0.0,5.0,50,1,1,2.300000000000012,28.0
948,1985,8.0,silverstone,False,0.0,False,0.0,True,warwick,British,renault,12,5,2.0,,15.0,13,0,5,2.6000000000000085,30.0
967,1985,8.0,silverstone,False,0.0,,0.0,True,tambay,French,renault,13,24,11.0,0.0,6.0,13,0,5,2.6000000000000085,36.0
952,1985,8.0,silverstone,False,0.0,False,0.0,True,patrese,Italian,alfa,14,9,0.0,0.0,22.0,0,0,10,2.800000000000012,31.0
949,1985,8.0,silverstone,False,0.0,False,0.0,True,surer,Swiss,brabham,15,6,0.0,0.0,17.0,10,1,6,3.0,33.0
946,1985,8.0,silverstone,False,0.0,False,0.0,True,laffite,French,ligier,16,3,2.0,0.0,16.0,5,0,8,3.1000000000000085,41.0
951,1985,8.0,silverstone,False,0.0,False,0.0,True,berger,Austrian,arrows,17,8,0.0,0.0,23.0,6,0,7,3.1000000000000085,25.0
960,1985,8.0,silverstone,False,0.0,False,,True,manfred_winkelhock,German,ram,18,17,0.0,,25.0,0,0,11,3.5,33.0
956,1985,8.0,silverstone,False,0.0,False,0.0,True,boutsen,Belgian,arrows,19,13,6.0,,9.0,6,0,7,3.5,28.0
950,1985,8.0,silverstone,False,0.0,False,0.0,True,brundle,British,tyrrell,20,7,0.0,0.0,18.0,4,0,9,3.6000000000000085,26.0
968,1985,8.0,silverstone,False,0.0,False,,True,alliot,French,ram,21,25,0.0,0.0,21.0,0,0,11,4.0,30.0
963,1985,8.0,silverstone,False,0.0,False,0.0,True,cheever,American,alfa,22,20,0.0,0.0,19.0,0,0,10,4.700000000000003,27.0
958,1985,8.0,silverstone,False,0.0,False,0.0,True,martini,Italian,minardi,23,,0.0,0.0,27.0,0,0,15,8.0,24.0
964,1985,8.0,,False,0.0,False,0.0,True,palmer,British,zakspeed,24,21,0.0,0.0,24.0,0,0,13,8.100000000000009,28.0
969,1985,8.0,silverstone,False,0.0,False,0.0,True,ghinzani,Italian,osella,25,26,0.0,0.0,20.0,0,,12,10.800000000000011,33.0
,1985,,silverstone,False,0.0,False,0.0,True,bellof,German,tyrrell,26,11,4.0,0.0,11.0,4,0,9,11.0,27.0
985,1985,9.0,nurburgring,False,0.0,True,0.0,False,fabi,Italian,toleman,1,16,0.0,0.0,26.0,0,0,14,0.0,30.0
978,1985,9.0,nurburgring,False,0.0,True,0.0,False,johansson,Swedish,ferrari,2,9,16.0,0.0,5.0,56,1,1,1.1999999999999886,28.0
971,1985,9.0,nurburgring,False,0.0,True,0.0,False,prost,French,mclaren,3,2,35.0,3.0,2.0,38,3,2,1.2999999999999972,30.0
981,1985,9.0,nurburgring,False,0.0,True,0.0,False,keke_rosberg,Finnish,Auto%#,4,12,18.0,1.0,4.0,23,1,4,1.3999999999999917,36.0
986,1985,9.0,nurburgring,False,0.0,,0.0,False,senna,Brazilian,team_lotus,5,17,9.0,1.0,8.0,35,2,3,1.3999999999999917,25.0
988,1985,9.0,,False,0.0,True,0.0,False,piquet,Brazilian,Auto%#,6,19,13.0,1.0,6.0,14,1,6,1.3999999999999917,32.0
983,1985,9.0,nurburgring,False,,True,0.0,False,angelis,Italian,team_lotus,7,14,,1.0,3.0,35,2,3,1.6999999999999886,27.0
970,1985,9.0,nurburgring,False,0.0,True,0.0,,alboreto,Italian,ferrari,8,1,,1.0,1.0,56,1,1,1.7999999999999972,28.0
992,1985,9.0,nurburgring,False,0.0,True,0.0,False,patrese,Italian,alfa,9,23,0.0,0.0,20.0,0,0,10,1.8999999999999917,31.0
,1985,9.0,nurburgring,,0.0,True,0.0,False,mansell,British,williams,10,6,5.0,0.0,11.0,23,1,4,2.0999999999999943,31.0
990,1985,9.0,nurburgring,False,0.0,True,0.0,False,surer,,brabham,11,21,1.0,0.0,17.0,14,,6,2.1999999999999886,33.0
974,1985,9.0,nurburgring,False,0.0,True,0.0,False,lauda,Austrian,Auto%#,12,5,3.0,0.0,15.0,38,3,2,2.299999999999997,36.0
972,1985,9.0,nurburgring,False,0.0,True,0.0,False,laffite,French,ligier,13,3,6.0,0.0,10.0,9,0,7,2.299999999999997,41.0
996,1985,9.0,nurburgring,False,0.0,True,,False,cesaris,Italian,ligier,14,27,,0.0,14.0,9,0,7,2.299999999999997,26.0
973,1985,9.0,nurburgring,False,0.0,True,0.0,False,boutsen,Belgian,arrows,15,4,6.0,0.0,,6,0,8,2.3999999999999915,28.0
989,1985,,nurburgring,False,0.0,True,0.0,False,tambay,French,renault,16,20,11.0,0.0,7.0,15,0,5,2.5,36.0
976,1985,9.0,nurburgring,False,0.0,True,0.0,False,berger,Austrian,arrows,17,7,0.0,0.0,19.0,6,,8,3.299999999999997,25.0
,1985,9.0,nurburgring,False,0.0,True,0.0,False,cheever,American,alfa,18,13,0.0,0.0,21.0,0,0,10,3.6999999999999886,27.0
977,1985,9.0,nurburgring,False,0.0,True,0.0,False,bellof,German,tyrrell,19,8,4.0,0.0,12.0,4,0,9,3.799999999999997,27.0
987,1985,9.0,nurburgring,False,0.0,True,0.0,False,warwick,British,renault,20,18,4.0,0.0,,15,0,5,3.799999999999997,30.0
994,1985,9.0,nurburgring,False,0.0,True,0.0,False,alliot,French,ram,21,25,0.0,0.0,23.0,0,0,11,4.599999999999994,31.0
991,1985,9.0,nurburgring,False,0.0,True,0.0,False,manfred_winkelhock,German,ram,22,22,0.0,0.0,25.0,0,0,11,5.199999999999989,33.0
993,1985,9.0,nurburgring,False,0.0,True,0.0,False,hesnault,French,renault,23,24,0.0,0.0,29.0,15,0,5,5.799999999999997,28.0
995,1985,9.0,nurburgring,False,0.0,True,0.0,,palmer,British,zakspeed,24,26,0.0,0.0,24.0,0,0,13,6.799999999999997,28.0
984,1985,9.0,nurburgring,False,0.0,True,0.0,False,rothengatter,Dutch,osella,25,15,0.0,0.0,0.0,,0,12,9.099999999999994,30.0
979,,9.0,nurburgring,False,0.0,True,0.0,False,brundle,British,tyrrell,26,10,0.0,0.0,18.0,4,0,9,10.199999999999989,26.0
980,1985,9.0,nurburgring,False,0.0,True,0.0,False,martini,Italian,minardi,27,11,0.0,0.0,27.0,0,0,15,23.099999999999994,24.0
997,1985,10.0,osterreichring,False,0.0,True,,False,prost,French,mclaren,1,1,41.0,3.0,2.0,46,3,2,0.0,30.0
1015,1985,10.0,osterreichring,False,0.0,True,,False,mansell,British,williams,2,19,,0.0,11.0,24,1,4,0.5999999999999943,32.0
1010,1985,10.0,osterreichring,,0.0,True,0.0,False,lauda,Austrian,mclaren,3,13,5.0,0.0,12.0,46,3,2,0.7999999999999972,36.0
1021,1985,10.0,osterreichring,False,0.0,True,0.0,False,keke_rosberg,Finnish,williams,4,25,18.0,1.0,4.0,24,1,4,0.7999999999999972,36.0
,1985,10.0,osterreichring,False,0.0,True,,False,piquet,Brazilian,brabham,5,18,13.0,1.0,6.0,14,1,6,0.9000000000000057,33.0
1012,1985,10.0,osterreichring,False,0.0,True,0.0,False,fabi,Italian,toleman,6,15,0.0,0.0,27.0,0,0,15,1.2000000000000028,30.0
1001,1985,10.0,osterreichring,False,0.0,True,0.0,False,angelis,Italian,team_lotus,7,5,26.0,1.0,3.0,35,2,3,1.2999999999999972,27.0
1006,,10.0,osterreichring,False,0.0,True,0.0,False,tambay,French,renault,8,10,11.0,0.0,7.0,15,0,5,2.0,36.0
999,1985,10.0,osterreichring,False,0.0,True,0.0,False,alboreto,Italian,ferrari,Auto%#,3,46.0,2.0,1.0,65,2,1,2.0,28.0
1016,1985,10.0,osterreichring,False,,True,,False,patrese,Italian,alfa,10,20,0.0,0.0,20.0,0,0,10,2.4000000000000057,31.0
,1985,10.0,osterreichring,False,0.0,True,0.0,False,surer,Auto%#,brabham,11,6,1.0,0.0,17.0,14,1,6,2.5,33.0
1000,1985,10.0,osterreichring,False,0.0,,0.0,False,johansson,Swedish,ferrari,12,4,16.0,0.0,5.0,65,,1,2.5,28.0
1013,1985,10.0,osterreichring,False,0.0,True,0.0,False,warwick,British,renault,13,16,4.0,0.0,14.0,15,0,5,2.5,30.0
998,1985,10.0,osterreichring,False,0.0,True,0.0,False,senna,Brazilian,team_lotus,14,2,9.0,1.0,9.0,35,2,3,2.5999999999999943,25.0
1007,1985,10.0,osterreichring,False,0.0,True,0.0,False,laffite,French,ligier,15,11,10.0,,8.0,13,0,7,2.700000000000003,41.0
1004,1985,10.0,osterreichring,False,0.0,True,0.0,False,boutsen,Belgian,arrows,16,8,9.0,0.0,,,0,8,2.799999999999997,28.0
1011,1985,10.0,osterreichring,False,0.0,True,0.0,False,berger,Austrian,arrows,17,Auto%#,0.0,0.0,19.0,9,0,8,3.0999999999999943,25.0
1019,1985,10.0,osterreichring,False,0.0,True,0.0,False,cesaris,Italian,ligier,18,23,3.0,,15.0,13,0,7,3.200000000000003,26.0
1022,1985,10.0,osterreichring,False,0.0,True,0.0,False,ghinzani,Italian,toleman,19,26,0.0,0.0,22.0,0,0,15,3.4000000000000057,33.0
1020,1985,10.0,osterreichring,False,0.0,True,0.0,False,cheever,American,alfa,20,24,0.0,0.0,21.0,0,0,10,3.5,27.0
1018,1985,10.0,osterreichring,False,0.0,True,0.0,False,alliot,French,ram,21,22,0.0,0.0,23.0,0,0,11,4.299999999999997,31.0
1003,1985,10.0,osterreichring,False,0.0,True,0.0,Auto%#,bellof,German,tyrrell,22,7,4.0,0.0,13.0,4,,9,5.0,27.0
,1985,10.0,osterreichring,False,0.0,True,0.0,False,martini,Italian,minardi,23,12,0.0,0.0,24.0,0,0,13,9.599999999999994,24.0
1009,1985,10.0,osterreichring,False,0.0,True,0.0,False,acheson,British,ram,23,17,0.0,0.0,0.0,0,0,11,9.599999999999994,27.0
1005,1985,10.0,osterreichring,False,0.0,True,0.0,False,rothengatter,Dutch,osella,24,9,0.0,0.0,28.0,0,,12,9.799999999999995,30.0
1017,1985,10.0,osterreichring,False,0.0,True,0.0,False,palmer,British,zakspeed,25,21,0.0,0.0,25.0,0,0,14,10.299999999999995,28.0
1030,1985,11.0,zandvoort,True,0.0,False,0.0,False,piquet,Brazilian,brabham,1,8,13.0,1.0,7.0,15,1,5,0.0,33.0
1040,,11.0,zandvoort,True,,False,0.0,False,keke_rosberg,Finnish,williams,2,18,18.0,1.0,5.0,24,1,4,0.5,36.0
1024,1985,11.0,zandvoort,True,,False,0.0,False,prost,French,mclaren,3,2,50.0,4.0,1.0,55,4,2,0.7000000000000028,30.0
1025,1985,11.0,zandvoort,True,,False,0.0,False,senna,Brazilian,team_lotus,4,3,15.0,1.0,6.0,43,2,3,0.7000000000000028,25.0
1041,,11.0,zandvoort,True,0.0,False,0.0,False,fabi,Italian,toleman,5,19,0.0,0.0,28.0,0,0,15,1.2000000000000028,30.0
1039,1985,11.0,zandvoort,True,0.0,False,0.0,False,tambay,French,renault,,17,11.0,0.0,8.0,15,0,6,1.4000000000000057,36.0
1028,,11.0,zandvoort,True,0.0,False,0.0,False,mansell,British,williams,7,6,6.0,0.0,11.0,24,1,4,1.5,32.0
1034,1985,11.0,zandvoort,True,0.0,False,0.0,False,boutsen,Belgian,arrows,8,12,9.0,0.0,10.0,9,0,8,1.6000000000000083,28.0
1032,1985,11.0,zandvoort,True,0.0,False,0.0,False,surer,Swiss,brabham,9,10,2.0,0.0,17.0,15,1,5,1.8000000000000114,33.0
1023,1985,11.0,zandvoort,True,0.0,False,0.0,False,lauda,Austrian,mclaren,10,1,5.0,0.0,12.0,55,4,2,2.0,36.0
1027,1985,11.0,zandvoort,True,0.0,False,0.0,False,angelis,Italian,team_lotus,11,5,28.0,1.0,3.0,43,2,3,2.0,27.0
1037,1985,11.0,zandvoort,True,0.0,False,0.0,False,warwick,British,renault,12,15,4.0,0.0,14.0,15,0,6,2.200000000000003,30.0
1042,1985,11.0,zandvoort,True,0.0,False,0.0,,laffite,French,ligier,13,20,10.0,0.0,9.0,13,0,7,2.300000000000012,41.0
1031,1985,11.0,zandvoort,True,0.0,False,0.0,False,berger,Austrian,arrows,14,9,0.0,0.0,19.0,9,0,,2.6000000000000085,25.0
1044,1985,11.0,zandvoort,True,0.0,False,0.0,False,ghinzani,Italian,toleman,15,22,0.0,0.0,22.0,0,0,15,2.6000000000000085,33.0
1026,1985,11.0,zandvoort,True,0.0,False,0.0,Auto%#,alboreto,Italian,Auto%#,16,4,50.0,2.0,2.0,72,2,1,2.6000000000000085,28.0
1045,1985,,zandvoort,True,0.0,False,0.0,False,johansson,,ferrari,17,23,19.0,0.0,4.0,,2,1,2.700000000000003,28.0
1038,1985,11.0,zandvoort,,0.0,False,0.0,False,cesaris,Italian,Auto%#,18,16,3.0,,15.0,13,0,7,2.700000000000003,26.0
1048,1985,11.0,zandvoort,True,0.0,False,0.0,False,patrese,Italian,alfa,19,26,0.0,0.0,20.0,0,0,10,3.1000000000000085,31.0
1047,1985,11.0,zandvoort,True,0.0,False,0.0,False,cheever,American,alfa,20,25,0.0,0.0,21.0,0,0,10,3.8000000000000114,27.0
,1985,11.0,zandvoort,True,0.0,False,0.0,False,brundle,British,Auto%#,21,7,0.0,0.0,18.0,4,0,9,3.8000000000000114,26.0
1036,1985,11.0,zandvoort,True,0.0,False,0.0,False,bellof,German,tyrrell,22,14,4.0,0.0,13.0,4,,9,,27.0
1043,1985,11.0,zandvoort,True,0.0,False,0.0,False,palmer,British,zakspeed,23,21,0.0,0.0,26.0,0,0,14,5.200000000000003,28.0
1046,1985,11.0,zandvoort,True,0.0,False,0.0,False,martini,Italian,,24,24,0.0,0.0,25.0,0,0,13,6.800000000000011,24.0
1035,1985,11.0,zandvoort,True,0.0,False,0.0,False,alliot,French,ram,25,13,0.0,0.0,23.0,0,0,12,7.400000000000006,31.0
1033,1985,11.0,zandvoort,True,0.0,False,0.0,False,rothengatter,Dutch,osella,26,11,0.0,0.0,,0,0,11,8.300000000000011,
1051,1985,12.0,monza,False,0.0,True,0.0,False,senna,Brazilian,team_lotus,1,3,19.0,1.0,4.0,49,2,3,0.0,25.0
1063,1985,12.0,monza,False,0.0,True,0.0,False,keke_rosberg,Finnish,williams,2,14,18.0,1.0,6.0,25,1,4,0.1000000000000085,36.0
1060,1985,12.0,monza,False,0.0,True,0.0,False,mansell,British,williams,3,11,7.0,0.0,12.0,25,1,4,0.4000000000000057,32.0
1050,1985,12.0,monza,False,,True,0.0,False,piquet,Brazilian,brabham,4,2,13.0,1.0,8.0,15,1,5,0.5,33.0
1049,1985,12.0,,False,0.0,True,0.0,False,prost,French,mclaren,5,1,56.0,4.0,1.0,70,5,2,0.7000000000000028,30.0
1054,1985,12.0,monza,False,0.0,True,0.0,False,angelis,Italian,team_lotus,6,6,30.0,1.0,3.0,49,2,3,0.9000000000000057,27.0
1055,1985,12.0,monza,False,0.0,True,0.0,False,warwick,British,renault,6,21,4.0,0.0,14.0,15,0,6,0.9000000000000057,31.0
1062,1985,12.0,monza,False,0.0,True,0.0,False,alboreto,Italian,ferrari,7,13,53.0,2.0,2.0,75,,,1.4000000000000057,28.0
1056,1985,12.0,monza,False,0.0,True,0.0,False,tambay,,renault,8,7,11.0,0.0,9.0,15,0,,1.9000000000000057,36.0
1052,1985,12.0,monza,False,0.0,True,0.0,False,surer,Swiss,brabham,9,4,2.0,0.0,17.0,15,1,5,2.1000000000000085,33.0
1053,1985,12.0,monza,False,0.0,True,0.0,False,johansson,Swedish,ferrari,10,5,19.0,0.0,,75,2,1,2.4000000000000057,29.0
1069,1985,12.0,monza,False,0.0,True,0.0,False,berger,Austrian,arrows,11,20,0.0,0.0,19.0,9,0,8,2.6000000000000085,26.0
1066,1985,12.0,monza,False,0.0,True,0.0,False,patrese,Italian,alfa,13,17,0.0,0.0,20.0,,0,Auto%#,3.200000000000003,31.0
1058,1985,12.0,monza,False,0.0,True,0.0,False,boutsen,Auto%#,arrows,Auto%#,,9.0,0.0,11.0,9,0,8,3.300000000000012,28.0
1061,1985,12.0,monza,False,0.0,True,0.0,False,fabi,Italian,toleman,15,12,,0.0,28.0,0,0,15,3.300000000000012,30.0
1065,1985,12.0,monza,False,0.0,True,0.0,False,lauda,Austrian,mclaren,16,16,14.0,1.0,7.0,70,,2,3.4000000000000057,36.0
1071,1985,12.0,monza,False,0.0,True,0.0,False,cheever,American,alfa,17,23,0.0,0.0,21.0,,0,10,3.5,27.0
1057,1985,12.0,monza,False,0.0,True,0.0,,brundle,British,tyrrell,,8,0.0,0.0,18.0,4,0,9,3.700000000000003,26.0
1059,1985,12.0,monza,False,0.0,True,0.0,False,streiff,French,ligier,19,10,0.0,0.0,0.0,13,0,7,4.700000000000003,30.0
1064,1985,12.0,monza,False,0.0,True,0.0,False,laffite,French,ligier,20,15,10.0,0.0,,13,0,7,5.1000000000000085,41.0
1067,1985,12.0,monza,False,0.0,True,0.0,False,rothengatter,Dutch,,22,18,0.0,0.0,23.0,0,0,11,8.400000000000006,30.0
1073,1985,12.0,monza,False,0.0,True,0.0,,martini,Italian,minardi,23,25,0.0,0.0,25.0,0,0,13,8.900000000000006,24.0
1072,1985,12.0,monza,False,0.0,True,0.0,False,acheson,British,ram,,24,0.0,0.0,29.0,0,0,12,9.800000000000011,27.0
1070,1985,12.0,monza,False,,True,0.0,False,jones,Australian,lola,25,22,0.0,0.0,0.0,0,0,0,9.800000000000011,38.0
1068,1985,12.0,monza,False,0.0,True,0.0,,alliot,,ram,26,19,0.0,0.0,24.0,0,0,12,11.100000000000009,31.0
1076,1985,13.0,spa,False,0.0,False,0.0,False,prost,French,mclaren,1,3,65.0,5.0,1.0,79,6,1,0.0,30.0
1074,1985,13.0,spa,False,0.0,False,0.0,False,senna,Brazilian,team_lotus,2,1,23.0,1.0,4.0,54,2,3,0.1000000000000085,25.0
1078,1985,13.0,spa,False,0.0,False,0.0,False,piquet,Brazilian,brabham,3,5,19.0,1.0,6.0,24,1,5,0.2999999999999971,
1097,1985,13.0,spa,False,0.0,False,0.0,False,alboreto,Italian,ferrari,4,Auto%#,53.0,2.0,2.0,77,2,2,0.7000000000000028,28.0
1095,,13.0,spa,False,0.0,False,0.0,False,johansson,Swedish,ferrari,5,22,21.0,0.0,5.0,77,2,2,1.2999999999999972,29.0
1075,1985,13.0,spa,False,0.0,False,0.0,False,mansell,British,williams,7,2,7.0,0.0,12.0,25,1,4,1.4000000000000057,32.0
1080,1985,13.0,spa,False,0.0,False,0.0,False,berger,Austrian,arrows,8,7,0.0,0.0,19.0,9,0,8,1.5,26.0
1083,1985,13.0,spa,False,0.0,False,0.0,False,boutsen,Belgian,arrows,9,10,,0.0,11.0,9,0,8,2.0,28.0
1084,1985,13.0,spa,False,,False,0.0,False,angelis,Italian,team_lotus,9,,31.0,1.0,3.0,54,2,3,2.0,27.0
1077,1985,13.0,spa,False,0.0,False,0.0,False,keke_rosberg,Finnish,williams,10,4,18.0,1.0,7.0,25,1,4,2.200000000000003,36.0
1092,1985,13.0,spa,False,0.0,False,0.0,False,fabi,Italian,toleman,11,18,0.0,0.0,29.0,0,0,15,2.299999999999997,30.0
1081,,13.0,spa,False,0.0,False,0.0,False,surer,Swiss,brabham,12,8,5.0,0.0,13.0,24,1,5,2.4000000000000057,33.0
1091,1985,13.0,spa,False,0.0,False,,False,tambay,,renault,13,17,11.0,0.0,9.0,15,0,6,2.799999999999997,36.0
1079,1985,13.0,spa,False,0.0,False,0.0,False,warwick,British,renault,14,6,4.0,0.0,15.0,15,0,6,3.1000000000000085,31.0
1089,1985,13.0,spa,False,0.0,False,0.0,False,patrese,Italian,alfa,15,15,,0.0,20.0,0,0,10,3.1000000000000085,31.0
1096,1985,13.0,spa,False,0.0,False,0.0,False,ghinzani,Italian,toleman,16,23,0.0,0.0,22.0,0,0,15,3.4000000000000057,33.0
1085,1985,13.0,spa,False,0.0,False,0.0,False,laffite,French,ligier,17,11,10.0,0.0,10.0,13,0,7,3.6000000000000085,41.0
1082,1985,13.0,spa,False,0.0,False,0.0,False,streiff,French,ligier,18,Auto%#,0.0,0.0,25.0,13,0,,3.9000000000000057,30.0
1090,1985,13.0,spa,False,0.0,False,0.0,False,cheever,American,alfa,19,,0.0,0.0,21.0,0,0,10,4.1000000000000085,27.0
1094,1985,13.0,spa,False,0.0,False,0.0,False,alliot,French,ram,20,21,0.0,0.0,,0,0,,4.299999999999997,31.0
1087,1985,13.0,spa,False,0.0,False,0.0,False,brundle,British,tyrrell,21,13,0.0,0.0,18.0,4,0,9,5.6000000000000085,26.0
1093,1985,13.0,spa,False,0.0,False,0.0,False,danner,German,zakspeed,22,20,0.0,0.0,0.0,0,0,14,9.799999999999995,27.0
,1985,13.0,spa,False,0.0,False,0.0,False,rothengatter,Dutch,osella,23,14,0.0,0.0,23.0,0,0,11,10.5,30.0
1086,1985,13.0,Auto%#,False,0.0,False,0.0,False,martini,Italian,minardi,24,12,0.0,0.0,26.0,0,0,13,10.700000000000005,24.0
1099,1985,14.0,brands_hatch,False,0.0,False,0.0,False,senna,Brazilian,team_lotus,1,2,32.0,2.0,3.0,63,3,3,0.0,
1121,1985,14.0,brands_hatch,False,0.0,False,0.0,False,piquet,Brazilian,brabham,2,24,21.0,1.0,6.0,26,1,5,0.2999999999999971,33.0
1098,1985,14.0,brands_hatch,False,0.0,False,0.0,False,mansell,British,Auto%#,3,1,13.0,0.0,,34,1,4,0.8999999999999915,32.0
1100,1985,14.0,brands_hatch,False,0.0,False,0.0,False,keke_rosberg,Finnish,williams,4,3,21.0,1.0,5.0,34,1,4,1.0,36.0
,1985,14.0,brands_hatch,False,0.0,False,,False,streiff,French,ligier,5,8,0.0,0.0,22.0,13,0,7,1.8999999999999917,30.0
1101,1985,14.0,brands_hatch,False,0.0,,,False,prost,French,mclaren,6,4,69.0,5.0,1.0,83,6,1,2.200000000000003,30.0
1111,1985,14.0,brands_hatch,False,0.0,False,0.0,False,surer,Swiss,,7,13,5.0,0.0,13.0,26,1,5,2.5999999999999943,34.0
1122,1985,14.0,brands_hatch,False,0.0,False,0.0,False,warwick,British,renault,8,25,5.0,0.0,14.0,16,0,6,2.700000000000003,31.0
1102,1985,14.0,brands_hatch,False,0.0,False,0.0,False,angelis,Italian,team_lotus,9,5,31.0,1.0,4.0,63,,3,2.799999999999997,27.0
1106,1985,14.0,brands_hatch,False,0.0,False,0.0,False,patrese,Italian,alfa,11,9,0.0,0.0,20.0,0,0,10,3.0999999999999943,31.0
1103,1985,14.0,brands_hatch,False,0.0,False,0.0,False,boutsen,Belgian,arrows,12,6,9.0,0.0,12.0,9,0,,3.0999999999999943,28.0
1112,1985,14.0,brands_hatch,False,0.0,False,0.0,False,johansson,Swedish,ferrari,13,14,21.0,0.0,7.0,77,2,Auto%#,3.299999999999997,29.0
1118,1985,14.0,brands_hatch,False,0.0,False,0.0,,ghinzani,Italian,toleman,14,21,0.0,0.0,23.0,0,0,15,3.3999999999999915,33.0
1120,1985,14.0,brands_hatch,False,0.0,False,0.0,False,alboreto,Italian,ferrari,15,23,53.0,2.0,2.0,77,2,2,3.5,28.0
1115,1985,14.0,brands_hatch,False,0.0,False,0.0,False,brundle,British,,16,18,,0.0,18.0,4,,9,3.5,26.0
1110,1985,14.0,brands_hatch,False,0.0,False,0.0,False,tambay,French,renault,17,12,11.0,0.0,10.0,16,0,,3.700000000000003,36.0
1108,1985,14.0,Auto%#,False,0.0,False,0.0,False,cheever,American,alfa,18,11,,0.0,21.0,0,0,10,4.299999999999997,27.0
1109,1985,14.0,brands_hatch,False,0.0,False,0.0,False,laffite,French,ligier,18,15,10.0,0.0,,13,0,7,4.299999999999997,41.0
1107,1985,14.0,brands_hatch,False,0.0,False,0.0,False,berger,Austrian,arrows,19,10,0.0,0.0,19.0,9,0,8,4.399999999999992,26.0
1116,1985,14.0,brands_hatch,False,0.0,False,0.0,False,fabi,Italian,toleman,20,19,0.0,0.0,,0,0,15,4.899999999999992,30.0
1104,1985,14.0,brands_hatch,False,0.0,False,0.0,False,watson,British,mclaren,21,7,0.0,0.0,0.0,83,6,1,5.299999999999997,39.0
1119,1985,14.0,brands_hatch,False,0.0,False,0.0,False,jones,Australian,lola,22,22,0.0,0.0,0.0,0,0,17,5.899999999999992,38.0
1117,1985,14.0,brands_hatch,False,0.0,False,0.0,False,alliot,French,ram,23,20,0.0,0.0,25.0,0,0,Auto%#,6.299999999999997,31.0
1114,1985,14.0,brands_hatch,False,0.0,False,0.0,False,capelli,Italian,tyrrell,24,17,,0.0,0.0,4,0,9,6.5,22.0
1113,1985,,brands_hatch,,0.0,False,0.0,False,danner,German,zakspeed,25,16,0.0,0.0,0.0,0,0,14,7.899999999999991,27.0
1123,1985,14.0,brands_hatch,False,0.0,False,0.0,False,martini,Italian,minardi,26,26,0.0,0.0,26.0,0,0,,7.899999999999991,24.0
1124,1985,15.0,kyalami,False,0.0,True,0.0,False,,British,williams,1,1,22.0,1.0,6.0,47,,4,0.0,32.0
1137,1985,15.0,kyalami,False,0.0,True,0.0,False,piquet,Brazilian,brabham,2,,21.0,1.0,7.0,26,1,5,0.1000000000000014,33.0
1125,1985,15.0,kyalami,False,0.0,True,0.0,,keke_rosberg,Finnish,williams,3,2,25.0,1.0,,47,2,4,0.1000000000000014,36.0
1135,1985,15.0,kyalami,False,0.0,True,,False,senna,Brazilian,team_lotus,4,12,38.0,2.0,3.0,,3,3,0.3999999999999986,25.0
1140,1985,15.0,kyalami,False,0.0,True,0.0,False,surer,Swiss,brabham,5,17,5.0,0.0,13.0,26,1,5,1.6999999999999955,34.0
1131,1985,15.0,kyalami,False,,True,0.0,False,angelis,Italian,team_lotus,6,8,33.0,1.0,4.0,71,3,,1.6999999999999955,27.0
1139,1985,15.0,kyalami,False,0.0,True,0.0,False,fabi,Italian,toleman,7,16,0.0,,30.0,0,0,15,1.8000000000000045,30.0
1133,1985,15.0,kyalami,False,0.0,True,0.0,,lauda,Austrian,mclaren,8,10,14.0,1.0,,86,,1,1.8999999999999984,36.0
1126,1985,15.0,kyalami,False,0.0,True,0.0,,prost,French,Auto%#,9,3,72.0,5.0,1.0,86,6,1,2.000000000000007,30.0
1129,1985,15.0,kyalami,False,0.0,True,0.0,False,boutsen,Belgian,arrows,10,6,10.0,0.0,11.0,10,0,8,2.1000000000000014,28.0
1128,1985,15.0,kyalami,False,0.0,True,0.0,False,berger,Austrian,arrows,11,5,0.0,0.0,19.0,10,0,Auto%#,2.3999999999999986,26.0
1141,1985,15.0,kyalami,False,0.0,True,0.0,,patrese,Italian,alfa,12,19,,0.0,22.0,0,0,10,2.500000000000007,
1138,1985,15.0,kyalami,False,0.0,True,0.0,False,ghinzani,,toleman,13,15,0.0,0.0,24.0,0,0,15,2.699999999999996,33.0
1142,1985,15.0,kyalami,False,0.0,True,0.0,False,cheever,American,alfa,14,,0.0,0.0,23.0,0,0,10,2.8999999999999986,27.0
1136,1985,15.0,kyalami,False,,Auto%#,,False,alboreto,Italian,ferrari,15,13,53.0,2.0,2.0,77,2,2,2.8999999999999986,28.0
1127,1985,15.0,kyalami,False,0.0,True,0.0,False,johansson,Swedish,ferrari,16,4,21.0,0.0,8.0,77,2,2,,29.0
1130,1985,15.0,kyalami,False,0.0,True,0.0,False,brundle,British,,17,7,0.0,0.0,18.0,4,0,9,3.199999999999996,26.0
1143,1985,15.0,,False,,True,0.0,False,jones,Australian,lola,18,21,0.0,0.0,0.0,0,0,17,3.800000000000004,38.0
1134,1985,15.0,kyalami,False,0.0,True,0.0,False,streiff,French,tyrrell,19,,0.0,0.0,21.0,4,0,9,6.300000000000004,30.0
1132,1985,15.0,kyalami,False,0.0,True,0.0,False,martini,Italian,minardi,20,9,0.0,0.0,27.0,0,0,13,7.500000000000007,24.0
1152,1985,16.0,adelaide,True,0.0,False,0.0,False,senna,Brazilian,team_lotus,1,9,38.0,2.0,3.0,71,3,3,0.0,25.0
1168,1985,16.0,adelaide,True,0.0,False,0.0,False,mansell,British,williams,2,25,31.0,2.0,5.0,62,3,4,0.7000000000000028,32.0
1144,1985,16.0,adelaide,True,0.0,False,0.0,False,keke_rosberg,Finnish,williams,3,1,31.0,1.0,6.0,62,3,4,2.1000000000000085,36.0
1162,1985,16.0,adelaide,True,0.0,Auto%#,0.0,False,prost,French,mclaren,4,Auto%#,73.0,5.0,1.0,90,6,1,2.1000000000000085,30.0
1153,1985,16.0,adelaide,True,0.0,False,0.0,False,alboreto,Italian,ferrari,5,10,53.0,2.0,2.0,80,2,2,2.5,28.0
1157,1985,16.0,adelaide,True,0.0,False,0.0,False,surer,Swiss,brabham,6,14,5.0,0.0,13.0,26,1,5,2.799999999999997,34.0
1149,1985,16.0,adelaide,True,0.0,False,0.0,False,berger,Austrian,arrows,7,6,2.0,,18.0,13,0,7,2.799999999999997,26.0
1163,1985,16.0,adelaide,True,0.0,False,0.0,False,tambay,French,,8,20,11.0,0.0,11.0,16,0,6,2.9000000000000057,36.0
1166,1985,16.0,adelaide,True,0.0,False,0.0,False,piquet,Brazilian,brabham,9,23,21.0,1.0,8.0,26,1,5,2.9000000000000057,33.0
1165,1985,16.0,adelaide,True,0.0,False,0.0,False,angelis,,team_lotus,10,22,33.0,1.0,4.0,71,3,3,3.299999999999997,27.0
1160,1985,16.0,adelaide,True,0.0,False,,Auto%#,boutsen,Belgian,arrows,11,17,11.0,0.0,,13,0,7,3.4000000000000057,28.0
1155,1985,16.0,adelaide,True,0.0,False,0.0,False,warwick,British,renault,12,12,5.0,,,16,0,Auto%#,3.6000000000000085,31.0
1167,1985,16.0,adelaide,True,0.0,False,0.0,False,cheever,American,alfa,13,24,0.0,0.0,23.0,0,0,10,3.799999999999997,27.0
1158,1985,16.0,adelaide,True,0.0,False,0.0,False,patrese,Italian,alfa,14,15,0.0,0.0,22.0,0,0,10,4.0,31.0
1148,1985,16.0,adelaide,True,0.0,False,0.0,False,johansson,Swedish,ferrari,15,5,24.0,0.0,7.0,80,2,2,4.1000000000000085,29.0
1154,1985,16.0,Auto%#,True,0.0,False,0.0,False,lauda,Austrian,mclaren,16,11,14.0,1.0,9.0,90,6,1,4.1000000000000085,36.0
1156,1985,16.0,adelaide,True,0.0,False,0.0,False,brundle,British,tyrrell,17,13,0.0,0.0,19.0,4,0,9,4.400000000000006,26.0
1146,1985,16.0,adelaide,True,0.0,False,0.0,False,streiff,French,ligier,18,3,0.0,0.0,21.0,13,0,8,4.5,30.0
1164,,16.0,adelaide,True,0.0,False,,False,jones,Australian,lola,19,21,0.0,0.0,0.0,0,0,17,4.6000000000000085,39.0
1145,1985,16.0,adelaide,True,0.0,False,0.0,False,laffite,French,ligier,20,2,10.0,0.0,12.0,13,0,,5.0,41.0
1161,1985,16.0,adelaide,True,0.0,False,0.0,False,ghinzani,Italian,toleman,21,18,0.0,0.0,24.0,0,0,15,,33.0
1147,1985,,,True,0.0,False,0.0,False,capelli,,tyrrell,22,4,0.0,0.0,0.0,4,0,9,7.299999999999997,22.0
1151,1985,16.0,adelaide,True,0.0,False,,False,martini,Italian,,23,8,0.0,0.0,27.0,0,0,13,7.400000000000006,24.0
1159,1985,16.0,adelaide,True,,False,,False,,Italian,toleman,24,16,0.0,0.0,0.0,0,,15,8.299999999999997,30.0
1150,1985,16.0,,True,0.0,False,0.0,False,rothengatter,Dutch,osella,25,7,0.0,0.0,25.0,0,0,11,10.5,31.0
1170,1986,1.0,jacarepagua,True,0.0,True,0.0,False,senna,Brazilian,team_lotus,1,2,0.0,0.0,0.0,0,0,0,0.0,26.0
1169,1986,1.0,jacarepagua,True,0.0,True,0.0,False,piquet,Brazilian,williams,2,1,0.0,0.0,0.0,0,0,0,0.7999999999999972,33.0
1193,1986,1.0,jacarepagua,True,0.0,True,0.0,False,mansell,British,williams,3,25,0.0,0.0,0.0,0,0,0,1.2000000000000028,32.0
1172,1986,1.0,jacarepagua,True,0.0,True,0.0,False,arnoux,French,ligier,4,4,0.0,0.0,0.0,0,0,0,1.5999999999999943,37.0
1171,1986,1.0,jacarepagua,True,0.0,True,0.0,False,laffite,French,ligier,5,3,0.0,0.0,,0,0,0,1.7000000000000028,42.0
1180,1986,1.0,jacarepagua,True,0.0,True,0.0,False,alboreto,Italian,ferrari,6,12,0.0,0.0,0.0,0,0,0,2.0,29.0
1191,1986,1.0,jacarepagua,True,0.0,Auto%#,0.0,False,keke_rosberg,Finnish,mclaren,7,23,0.0,0.0,0.0,0,0,0,2.200000000000003,37.0
1183,1986,1.0,jacarepagua,True,0.0,True,0.0,False,johansson,Swedish,ferrari,8,15,0.0,0.0,0.0,0,0,0,2.200000000000003,29.0
1181,1986,1.0,jacarepagua,True,0.0,True,0.0,False,prost,French,mclaren,9,13,0.0,0.0,0.0,0,0,0,2.5999999999999943,31.0
1185,1986,1.0,jacarepagua,True,0.0,True,0.0,False,patrese,Italian,brabham,10,17,0.0,0.0,0.0,0,0,0,3.799999999999997,31.0
1177,1986,1.0,jacarepagua,True,0.0,True,0.0,False,dumfries,British,team_lotus,11,9,0.0,0.0,0.0,0,0,0,4.0,27.0
1178,1986,1.0,jacarepagua,True,0.0,,0.0,False,fabi,Italian,,12,10,0.0,0.0,0.0,0,0,0,4.200000000000003,31.0
1184,1986,1.0,jacarepagua,True,0.0,True,0.0,False,tambay,French,lola,13,Auto%#,0.0,0.0,0.0,0,0,0,5.099999999999994,36.0
1176,1986,1.0,jacarepagua,True,0.0,True,0.0,False,angelis,Italian,brabham,14,8,0.0,0.0,0.0,0,0,0,,27.0
1179,1986,1.0,jacarepagua,True,0.0,True,0.0,Auto%#,boutsen,Belgian,arrows,15,11,0.0,0.0,0.0,0,0,0,5.700000000000003,28.0
1174,1986,1.0,jacarepagua,True,0.0,True,0.0,False,berger,Austrian,benetton,16,6,0.0,0.0,0.0,0,0,0,5.799999999999997,26.0
1173,1986,1.0,jacarepagua,True,0.0,True,0.0,False,brundle,British,tyrrell,17,5,0.0,0.0,0.0,0,0,0,6.5,26.0
1175,1986,1.0,jacarepagua,True,0.0,True,0.0,False,streiff,French,,18,7,0.0,0.0,,0,0,0,6.900000000000006,30.0
1192,1986,1.0,jacarepagua,True,0.0,True,0.0,False,jones,Australian,lola,19,Auto%#,0.0,0.0,0.0,0,0,0,7.700000000000003,39.0
1187,1986,,Auto%#,True,0.0,True,0.0,False,surer,Swiss,arrows,20,19,0.0,0.0,0.0,0,0,0,8.299999999999997,34.0
1186,1986,1.0,jacarepagua,,0.0,True,0.0,False,palmer,British,zakspeed,21,18,0.0,0.0,0.0,0,0,0,8.299999999999997,29.0
1189,1986,1.0,jacarepagua,True,0.0,True,0.0,False,cesaris,Italian,minardi,22,21,0.0,0.0,0.0,0,0,0,9.099999999999994,26.0
1190,1986,1.0,jacarepagua,True,0.0,True,0.0,False,ghinzani,Italian,osella,23,22,0.0,0.0,0.0,0,0,0,10.5,34.0
1182,1986,1.0,jacarepagua,True,0.0,True,0.0,False,danner,,osella,24,14,0.0,0.0,0.0,0,0,0,11.099999999999994,27.0
1188,1986,1.0,jacarepagua,True,0.0,True,0.0,,nannini,Italian,minardi,25,20,0.0,0.0,0.0,0,0,0,12.0,26.0
1194,1986,2.0,jerez,True,0.0,True,0.0,False,senna,Brazilian,team_lotus,1,1,6.0,0.0,2.0,6,0,3,0.0,26.0
1206,1986,2.0,jerez,True,0.0,,0.0,False,piquet,,williams,2,13,9.0,1.0,1.0,9,1,1,,33.0
1195,1986,2.0,Auto%#,True,0.0,True,0.0,False,mansell,British,williams,3,2,0.0,0.0,25.0,9,1,1,1.0,32.0
1196,1986,2.0,jerez,True,0.0,True,0.0,False,prost,French,mclaren,4,3,0.0,0.0,13.0,0,0,9,1.3000000000000114,31.0
1197,1986,,,True,0.0,True,0.0,False,keke_rosberg,Finnish,mclaren,5,4,0.0,0.0,23.0,0,0,9,1.4000000000000057,37.0
1208,1986,2.0,jerez,True,0.0,True,0.0,False,arnoux,French,ligier,6,15,3.0,0.0,4.0,7,0,2,2.700000000000003,37.0
1199,1986,2.0,jerez,True,0.0,Auto%#,0.0,False,berger,Austrian,benetton,7,6,1.0,0.0,6.0,1,0,5,2.9000000000000057,26.0
1204,1986,2.0,jerez,True,0.0,True,0.0,False,,French,ligier,Auto%#,11,4.0,0.0,,7,0,2,3.200000000000003,42.0
1198,1986,2.0,jerez,True,0.0,True,0.0,False,fabi,Italian,benetton,9,5,0.0,0.0,10.0,1,0,5,3.5,31.0
1202,1986,2.0,jerez,True,0.0,True,0.0,False,dumfries,British,team_lotus,10,9,0.0,0.0,9.0,6,0,3,3.5,27.0
1212,1986,2.0,jerez,True,0.0,True,0.0,False,johansson,Swedish,ferrari,11,19,0.0,0.0,15.0,0,0,8,3.9000000000000057,29.0
1203,1986,2.0,jerez,True,0.0,True,0.0,False,brundle,British,tyrrell,12,10,2.0,0.0,,2,0,4,4.200000000000003,26.0
1209,1986,2.0,jerez,True,0.0,True,0.0,False,alboreto,Italian,ferrari,13,16,0.0,0.0,12.0,0,0,8,4.5,29.0
1214,1986,2.0,jerez,True,0.0,True,0.0,False,patrese,Italian,brabham,14,21,0.0,0.0,17.0,0,0,6,4.6000000000000085,31.0
1207,1986,2.0,jerez,True,0.0,True,0.0,False,angelis,Italian,brabham,15,14,0.0,0.0,8.0,0,0,6,5.0,28.0
1216,1986,2.0,jerez,True,0.0,True,0.0,False,palmer,British,zakspeed,Auto%#,23,0.0,0.0,18.0,0,0,12,5.300000000000011,29.0
1217,1986,2.0,jerez,True,0.0,True,0.0,False,jones,Australian,lola,17,24,0.0,0.0,24.0,0,0,11,5.300000000000011,39.0
1201,1986,2.0,jerez,True,0.0,True,0.0,False,tambay,French,lola,18,8,0.0,0.0,16.0,0,0,11,5.400000000000006,36.0
1200,1986,2.0,jerez,True,0.0,True,0.0,False,boutsen,Belgian,arrows,19,7,0.0,0.0,11.0,0,0,7,5.6000000000000085,28.0
1210,1986,2.0,jerez,True,0.0,True,0.0,False,streiff,French,tyrrell,20,17,0.0,0.0,7.0,2,0,4,6.0,30.0
1213,1986,2.0,jerez,True,0.0,True,0.0,False,ghinzani,Italian,osella,21,20,0.0,0.0,22.0,0,0,10,6.800000000000011,34.0
1205,1986,2.0,jerez,True,0.0,True,0.0,False,surer,Swiss,arrows,22,12,0.0,0.0,19.0,0,0,7,6.800000000000011,34.0
1211,1986,2.0,jerez,True,0.0,True,0.0,,danner,German,osella,23,18,0.0,0.0,14.0,0,0,10,7.400000000000006,28.0
1215,1986,2.0,jerez,True,0.0,True,0.0,False,cesaris,Italian,minardi,24,22,0.0,0.0,21.0,0,0,13,7.600000000000008,26.0
1218,1986,2.0,jerez,True,0.0,True,0.0,False,nannini,Italian,minardi,25,25,0.0,0.0,20.0,0,0,13,8.5,26.0
1239,1986,3.0,imola,True,0.0,False,0.0,False,senna,Brazilian,,1,21,15.0,1.0,1.0,15,1,1,0.0,26.0
1220,1986,3.0,imola,True,0.0,False,0.0,False,piquet,Brazilian,williams,2,2,9.0,1.0,2.0,15,1,2,0.5,33.0
1240,,3.0,imola,True,0.0,False,0.0,False,mansell,British,williams,3,22,6.0,0.0,3.0,15,1,2,1.1000000000000083,32.0
1219,1986,3.0,imola,True,0.0,False,0.0,False,prost,French,mclaren,4,1,4.0,0.0,5.0,7,0,4,1.1000000000000083,31.0
1228,1986,3.0,imola,True,0.0,False,0.0,False,alboreto,Italian,ferrari,5,10,0.0,0.0,16.0,0,0,10,1.2000000000000028,29.0
1223,1986,3.0,imola,True,0.0,False,0.0,False,keke_rosberg,Finnish,mclaren,6,5,3.0,0.0,7.0,7,0,4,1.3000000000000114,37.0
1222,1986,3.0,imola,True,0.0,False,0.0,False,johansson,Auto%#,ferrari,7,4,0.0,0.0,19.0,0,0,10,1.9000000000000057,29.0
1230,1986,3.0,imola,True,0.0,False,0.0,False,arnoux,French,ligier,8,12,3.0,0.0,6.0,7,,3,2.300000000000012,37.0
1221,1986,3.0,imola,True,0.0,False,0.0,False,berger,Austrian,benetton,9,Auto%#,2.0,0.0,10.0,4,0,5,2.300000000000012,26.0
1232,1986,3.0,imola,True,0.0,False,0.0,False,fabi,Italian,benetton,10,14,2.0,0.0,8.0,4,0,5,2.4000000000000057,31.0
1243,1986,3.0,imola,True,0.0,False,0.0,False,tambay,French,lola,11,25,0.0,0.0,14.0,0,0,9,2.800000000000012,36.0
1225,,3.0,imola,True,,False,0.0,False,boutsen,Belgian,arrows,12,7,0.0,0.0,11.0,0,0,7,2.9000000000000057,28.0
1226,1986,3.0,imola,True,0.0,False,0.0,False,brundle,British,tyrrell,,8,2.0,0.0,9.0,2,0,6,3.200000000000003,26.0
1238,1986,,imola,True,0.0,False,0.0,False,laffite,French,ligier,14,20,4.0,0.0,4.0,7,0,3,3.300000000000012,42.0
1227,1986,3.0,imola,True,0.0,False,0.0,False,surer,Swiss,arrows,15,9,0.0,0.0,17.0,0,0,7,3.5,34.0
1224,1986,3.0,imola,True,0.0,False,0.0,False,patrese,Italian,brabham,16,6,0.0,0.0,20.0,0,0,8,3.700000000000003,32.0
1241,1986,3.0,Auto%#,True,0.0,False,0.0,False,dumfries,British,team_lotus,17,23,0.0,0.0,15.0,15,1,1,4.1000000000000085,28.0
1244,1986,3.0,imola,True,0.0,,0.0,False,nannini,,minardi,18,26,0.0,0.0,23.0,0,0,13,4.1000000000000085,26.0
1237,1986,3.0,imola,True,0.0,False,0.0,False,angelis,Auto%#,brabham,19,19,0.0,0.0,13.0,0,0,8,4.6000000000000085,28.0
1233,1986,3.0,imola,True,0.0,False,0.0,False,palmer,British,zakspeed,20,15,0.0,0.0,21.0,0,0,12,4.900000000000006,29.0
1235,1986,3.0,imola,True,0.0,False,0.0,False,jones,Australian,lola,21,17,0.0,0.0,25.0,0,0,9,5.0,39.0
1231,1986,3.0,imola,True,0.0,False,0.0,False,streiff,French,tyrrell,22,13,0.0,0.0,12.0,2,0,6,5.0,30.0
1236,1986,3.0,imola,True,0.0,False,0.0,False,cesaris,Italian,minardi,23,18,0.0,0.0,24.0,0,0,13,5.0,26.0
1242,1986,3.0,imola,True,0.0,False,0.0,False,rothengatter,Dutch,zakspeed,24,24,0.0,0.0,0.0,0,0,12,6.900000000000006,31.0
1234,1986,3.0,imola,True,0.0,False,0.0,False,danner,German,osella,25,16,0.0,0.0,18.0,0,0,11,8.700000000000003,28.0
1229,1986,3.0,imola,True,0.0,False,0.0,Auto%#,ghinzani,Italian,osella,26,11,0.0,0.0,22.0,0,0,11,9.400000000000006,34.0
1245,1986,4.0,monaco,False,0.0,True,0.0,False,prost,French,mclaren,1,1,13.0,1.0,3.0,,1,2,0.0,31.0
1248,1986,4.0,monaco,False,0.0,True,0.0,False,mansell,British,williams,2,4,6.0,0.0,4.0,21,1,1,0.4000000000000057,32.0
1247,1986,,monaco,False,0.0,Auto%#,0.0,False,senna,Brazilian,team_lotus,3,Auto%#,15.0,1.0,2.0,15,1,3,0.6000000000000085,26.0
1261,1986,4.0,monaco,False,0.0,True,0.0,False,alboreto,Italian,ferrari,4,17,0.0,0.0,19.0,3,0,6,,
1259,1986,4.0,monaco,False,0.0,True,0.0,False,berger,Austrian,benetton,5,15,6.0,0.0,5.0,8,0,4,1.4000000000000057,26.0
1260,1986,4.0,monaco,False,0.0,True,0.0,False,patrese,Italian,brabham,6,16,1.0,0.0,12.0,1,0,8,1.5,32.0
1250,1986,4.0,monaco,False,0.0,True,0.0,False,laffite,French,ligier,7,,4.0,0.0,7.0,7,0,5,1.8000000000000114,42.0
1258,1986,4.0,monaco,False,0.0,True,0.0,False,tambay,French,lola,,14,0.0,0.0,16.0,0,0,10,2.1000000000000085,36.0
1246,1986,4.0,monaco,False,0.0,True,0.0,False,keke_rosberg,Finnish,mclaren,9,2,5.0,0.0,6.0,18,1,2,2.1000000000000085,37.0
1257,1986,4.0,monaco,False,,True,0.0,False,brundle,British,tyrrell,10,13,2.0,0.0,10.0,2,0,7,2.300000000000012,26.0
1251,1986,4.0,monaco,False,0.0,True,0.0,False,piquet,Brazilian,williams,11,7,15.0,1.0,1.0,21,1,1,2.700000000000003,33.0
1249,1986,4.0,monaco,False,,True,0.0,False,arnoux,French,,12,5,3.0,0.0,8.0,7,0,5,2.9000000000000057,37.0
1255,1986,,monaco,False,0.0,True,0.0,False,streiff,French,tyrrell,13,11,0.0,0.0,14.0,2,0,,3.1000000000000085,30.0
1252,1986,4.0,monaco,False,0.0,True,0.0,False,boutsen,Belgian,arrows,14,8,0.0,0.0,13.0,0,0,9,,28.0
1254,1986,4.0,monaco,False,0.0,True,0.0,False,johansson,Swedish,ferrari,15,10,3.0,0.0,9.0,3,0,6,3.300000000000012,29.0
1263,1986,4.0,monaco,False,0.0,True,0.0,False,fabi,Italian,benetton,16,19,2.0,0.0,11.0,8,0,4,3.300000000000012,31.0
1253,1986,4.0,monaco,False,0.0,True,,False,surer,Swiss,arrows,17,9,0.0,0.0,18.0,0,0,9,3.700000000000003,34.0
1264,1986,4.0,monaco,False,0.0,True,0.0,False,jones,Australian,lola,18,20,0.0,0.0,23.0,0,0,10,,39.0
1256,1986,4.0,monaco,False,0.0,True,0.0,False,palmer,British,,19,12,0.0,0.0,22.0,0,0,12,4.0,29.0
1262,1986,4.0,monaco,False,0.0,True,0.0,False,angelis,Italian,Auto%#,20,18,0.0,0.0,15.0,1,0,8,,28.0
1283,1986,5.0,spa,False,0.0,True,0.0,False,piquet,Brazilian,williams,1,19,,1.0,3.0,24,,2,0.0,33.0
1274,1986,5.0,spa,False,0.0,True,0.0,False,berger,,benetton,2,10,6.0,0.0,6.0,8,0,5,0.2000000000000028,26.0
1270,1986,5.0,spa,False,0.0,True,0.0,False,prost,French,mclaren,3,6,22.0,2.0,1.0,33,2,1,0.2000000000000028,31.0
1266,1986,5.0,spa,False,0.0,True,0.0,False,senna,Brazilian,team_lotus,4,2,19.0,1.0,2.0,19,1,3,0.2999999999999971,26.0
1265,1986,5.0,spa,False,0.0,True,0.0,False,mansell,British,williams,5,1,9.0,0.0,5.0,24,1,2,0.2999999999999971,32.0
1271,1986,5.0,spa,False,0.0,True,0.0,False,fabi,Italian,benetton,6,7,2.0,0.0,11.0,8,0,5,0.5,31.0
1282,1986,5.0,spa,False,0.0,True,0.0,False,arnoux,Auto%#,ligier,7,18,5.0,0.0,8.0,10,0,4,1.2999999999999972,37.0
1286,1986,5.0,spa,False,0.0,True,0.0,False,keke_rosberg,Finnish,mclaren,8,22,11.0,0.0,4.0,33,2,1,1.4000000000000057,37.0
1268,1986,5.0,spa,False,0.0,True,0.0,False,alboreto,Italian,ferrari,9,4,0.0,0.0,19.0,3,,6,1.9000000000000057,29.0
1289,1986,5.0,spa,False,0.0,True,0.0,False,tambay,French,lola,10,25,0.0,0.0,15.0,0,0,10,2.0,36.0
1267,1986,5.0,spa,False,0.0,True,0.0,False,johansson,Swedish,ferrari,11,3,3.0,0.0,9.0,3,0,6,2.200000000000003,29.0
1280,1986,5.0,spa,False,0.0,True,0.0,False,brundle,British,tyrrell,12,16,2.0,0.0,10.0,2,0,7,2.200000000000003,26.0
1285,1986,5.0,spa,False,,True,0.0,False,dumfries,British,team_lotus,13,21,0.0,0.0,,19,1,,3.200000000000003,
1284,1986,5.0,spa,False,0.0,True,0.0,False,boutsen,Belgian,arrows,14,20,0.0,0.0,13.0,0,0,9,3.299999999999997,28.0
1272,1986,5.0,spa,False,0.0,True,0.0,False,patrese,Italian,brabham,15,8,,0.0,12.0,1,0,8,3.299999999999997,32.0
1275,1986,5.0,spa,False,0.0,True,0.0,False,jones,Australian,lola,16,11,0.0,0.0,23.0,0,0,10,3.5,39.0
1269,1986,5.0,spa,False,0.0,True,0.0,False,laffite,French,ligier,17,5,5.0,0.0,7.0,10,0,4,,42.0
1276,1986,5.0,spa,False,0.0,True,0.0,Auto%#,streiff,French,tyrrell,18,12,0.0,0.0,14.0,2,0,7,4.299999999999997,30.0
1278,1986,5.0,spa,False,0.0,True,,False,cesaris,Italian,minardi,19,14,0.0,0.0,24.0,0,0,13,5.700000000000003,26.0
1277,1986,5.0,spa,False,0.0,True,0.0,False,palmer,British,zakspeed,20,13,0.0,0.0,20.0,0,,11,5.799999999999997,29.0
1273,1986,5.0,spa,False,0.0,True,0.0,Auto%#,surer,Swiss,arrows,21,9,0.0,0.0,17.0,0,0,9,7.0,34.0
1281,1986,5.0,spa,False,0.0,True,0.0,False,nannini,Italian,minardi,22,17,0.0,0.0,25.0,0,0,13,7.1000000000000085,26.0
1279,1986,5.0,spa,False,0.0,True,0.0,False,rothengatter,Dutch,zakspeed,23,15,0.0,0.0,26.0,0,0,11,9.5,31.0
1287,1986,5.0,Auto%#,False,0.0,True,0.0,False,ghinzani,Italian,osella,24,,0.0,0.0,21.0,,0,12,10.799999999999995,34.0
1288,1986,5.0,spa,False,0.0,True,0.0,False,danner,German,osella,25,24,0.0,0.0,22.0,0,0,Auto%#,11.900000000000006,28.0
1290,1986,6.0,villeneuve,False,0.0,True,0.0,False,mansell,British,williams,1,1,18.0,1.0,3.0,33,2,2,0.0,32.0
1294,1986,6.0,villeneuve,False,0.0,True,0.0,False,senna,Brazilian,team_lotus,2,5,25.0,1.0,1.0,25,1,3,0.1000000000000085,26.0
1292,1986,6.0,villeneuve,False,0.0,,0.0,False,piquet,Brazilian,williams,3,3,15.0,1.0,4.0,33,2,2,0.3000000000000113,33.0
1291,1986,6.0,villeneuve,False,0.0,True,0.0,False,prost,French,mclaren,4,2,23.0,2.0,,34,2,1,1.1000000000000083,31.0
1295,1986,6.0,villeneuve,False,0.0,True,,False,arnoux,French,ligier,5,6,5.0,0.0,9.0,12,0,4,1.1000000000000083,37.0
1293,1986,6.0,villeneuve,False,0.0,True,0.0,False,keke_rosberg,Finnish,mclaren,6,4,11.0,0.0,5.0,34,2,1,1.4000000000000057,37.0
1306,1986,6.0,villeneuve,False,,True,0.0,False,berger,Austrian,benetton,7,17,6.0,0.0,8.0,8,0,6,2.300000000000012,26.0
1296,1986,6.0,villeneuve,False,0.0,True,0.0,False,laffite,French,ligier,8,7,7.0,0.0,7.0,12,0,4,2.300000000000012,42.0
1302,1986,6.0,villeneuve,False,0.0,True,0.0,False,patrese,Italian,brabham,9,13,1.0,0.0,13.0,1,0,8,2.4000000000000057,32.0
1310,1986,6.0,villeneuve,False,0.0,True,,False,warwick,British,brabham,,21,0.0,0.0,,1,0,8,3.300000000000012,31.0
1297,1986,6.0,villeneuve,False,0.0,True,0.0,False,alboreto,Italian,ferrari,11,8,3.0,0.0,10.0,10,0,5,3.4000000000000057,29.0
1305,1986,6.0,villeneuve,False,0.0,True,0.0,False,boutsen,Belgian,arrows,12,16,0.0,0.0,,0,0,Auto%#,3.5,28.0
1299,1986,6.0,villeneuve,False,0.0,True,0.0,False,jones,Australian,lola,13,10,0.0,0.0,20.0,0,0,10,4.0,39.0
1313,1986,6.0,villeneuve,False,0.0,,0.0,False,tambay,French,lola,14,25,0.0,0.0,16.0,0,0,10,4.0,36.0
1312,1986,6.0,villeneuve,False,0.0,True,0.0,False,fabi,Italian,benetton,15,23,2.0,,11.0,8,0,6,4.400000000000006,31.0
1308,1986,6.0,villeneuve,False,0.0,True,0.0,False,dumfries,British,team_lotus,16,19,0.0,0.0,19.0,25,1,3,4.5,28.0
1300,1986,6.0,villeneuve,False,0.0,True,,False,streiff,French,tyrrell,17,11,0.0,0.0,15.0,2,0,7,4.800000000000011,30.0
1307,1986,6.0,villeneuve,False,0.0,True,0.0,False,johansson,Swedish,ferrari,18,18,7.0,0.0,6.0,10,0,5,5.0,29.0
1298,1986,6.0,villeneuve,False,0.0,True,0.0,False,brundle,British,tyrrell,19,9,2.0,0.0,12.0,2,0,7,5.6000000000000085,27.0
1311,1986,6.0,villeneuve,False,0.0,True,0.0,False,nannini,Italian,minardi,20,22,0.0,0.0,26.0,0,0,13,5.800000000000011,26.0
1304,1986,6.0,villeneuve,False,0.0,True,0.0,False,cesaris,,minardi,21,15,0.0,0.0,24.0,0,0,13,5.900000000000006,27.0
1309,1986,6.0,villeneuve,False,0.0,True,0.0,False,palmer,British,zakspeed,22,20,0.0,0.0,21.0,0,0,Auto%#,7.400000000000006,29.0
1303,1986,6.0,villeneuve,False,0.0,True,0.0,False,ghinzani,Italian,osella,23,14,0.0,0.0,22.0,0,0,12,8.0,34.0
1301,1986,6.0,,False,0.0,True,0.0,False,rothengatter,Dutch,,24,12,0.0,0.0,,0,0,11,17.30000000000001,31.0
1314,1986,7.0,detroit,True,0.0,False,0.0,True,senna,Brazilian,team_lotus,1,1,27.0,1.0,3.0,27,1,3,0.0,26.0
1318,1986,7.0,detroit,True,0.0,False,0.0,True,mansell,British,williams,2,5,27.0,2.0,2.0,46,,1,0.5,32.0
,1986,7.0,detroit,True,0.0,False,0.0,True,piquet,Brazilian,williams,3,15,19.0,1.0,4.0,46,3,1,0.7999999999999972,33.0
1325,1986,7.0,detroit,True,0.0,False,0.0,True,arnoux,Auto%#,ligier,4,12,6.0,0.0,9.0,13,0,4,1.4000000000000057,37.0
,1986,7.0,detroit,True,0.0,False,0.0,True,johansson,,ferrari,5,16,7.0,0.0,6.0,10,0,5,2.0,29.0
1315,1986,7.0,detroit,True,0.0,False,0.0,True,laffite,French,ligier,6,2,7.0,0.0,7.0,13,0,4,2.4000000000000057,42.0
,1986,7.0,detroit,True,0.0,False,0.0,True,prost,French,mclaren,7,3,29.0,2.0,1.0,43,2,2,2.4000000000000057,31.0
1319,,7.0,detroit,True,0.0,False,0.0,Auto%#,patrese,Italian,brabham,8,6,1.0,0.0,13.0,1,0,8,2.5,32.0
1336,1986,7.0,detroit,True,0.0,False,0.0,True,keke_rosberg,Finnish,mclaren,9,23,14.0,0.0,5.0,43,2,2,2.5,37.0
1331,1986,7.0,detroit,True,0.0,False,0.0,True,cheever,American,lola,10,,0.0,0.0,0.0,0,0,10,3.200000000000003,28.0
1317,1986,7.0,detroit,True,0.0,False,0.0,True,alboreto,Italian,ferrari,11,4,3.0,0.0,10.0,10,0,5,,29.0
1337,1986,7.0,detroit,True,0.0,False,0.0,True,berger,Austrian,benetton,12,24,6.0,0.0,8.0,8,0,6,3.5,26.0
1326,1986,7.0,detroit,True,0.0,False,0.0,True,boutsen,Belgian,arrows,13,,0.0,0.0,14.0,0,0,9,4.0,28.0
1320,1986,7.0,detroit,True,0.0,False,0.0,True,dumfries,British,team_lotus,14,7,0.0,0.0,19.0,27,1,3,4.200000000000003,28.0
1323,1986,7.0,detroit,True,0.0,False,0.0,True,warwick,British,brabham,15,10,0.0,0.0,27.0,1,0,8,4.299999999999997,31.0
1334,1986,7.0,detroit,True,0.0,False,0.0,True,brundle,Auto%#,tyrrell,16,21,,0.0,12.0,2,0,7,4.5,27.0
1330,1986,7.0,detroit,True,0.0,False,0.0,True,,Italian,benetton,17,17,2.0,0.0,,8,0,6,5.400000000000006,31.0
1322,1986,7.0,detroit,True,0.0,False,0.0,True,streiff,French,tyrrell,18,9,0.0,0.0,,2,0,7,5.5,30.0
1324,1986,7.0,detroit,True,0.0,False,0.0,True,danner,German,arrows,19,11,,0.0,25.0,0,0,9,6.0,28.0
1321,1986,7.0,detroit,True,0.0,Auto%#,0.0,True,palmer,British,zakspeed,20,8,0.0,0.0,21.0,0,0,11,6.1000000000000085,29.0
1332,1986,7.0,detroit,True,0.0,False,0.0,True,jones,Australian,lola,Auto%#,19,0.0,0.0,,0,0,10,6.200000000000003,39.0
1335,1986,7.0,detroit,True,0.0,False,0.0,True,ghinzani,Italian,osella,22,22,0.0,0.0,,0,0,12,6.799999999999997,34.0
1327,1986,7.0,detroit,True,0.0,False,,True,cesaris,Italian,minardi,23,14,0.0,0.0,24.0,0,,13,,27.0
1338,1986,7.0,detroit,True,0.0,False,0.0,True,nannini,Italian,minardi,24,25,0.0,0.0,26.0,0,0,13,8.900000000000006,
1333,1986,7.0,detroit,,0.0,False,0.0,True,berg,Canadian,osella,25,20,0.0,0.0,0.0,0,0,12,10.400000000000006,24.0
1339,1986,7.0,detroit,True,0.0,False,0.0,Auto%#,rothengatter,Dutch,zakspeed,26,26,0.0,0.0,22.0,0,0,11,11.400000000000006,31.0
1361,1986,8.0,ricard,False,0.0,True,0.0,False,senna,Brazilian,team_lotus,1,22,36.0,2.0,1.0,36,2,3,0.0,26.0
1340,1986,8.0,ricard,False,0.0,True,0.0,False,mansell,British,williams,2,,29.0,2.0,3.0,48,3,1,0.2999999999999971,32.0
1342,1986,8.0,ricard,False,0.0,True,0.0,False,piquet,Brazilian,williams,3,3,19.0,1.0,4.0,48,3,1,0.2999999999999971,33.0
1344,1986,8.0,,False,0.0,,0.0,False,arnoux,French,ligier,4,5,6.0,0.0,10.0,19,0,4,,38.0
1341,1986,8.0,ricard,,0.0,True,0.0,False,prost,French,mclaren,5,2,33.0,2.0,2.0,47,,Auto%#,0.7999999999999972,31.0
1359,1986,8.0,ricard,False,0.0,,0.0,False,fabi,Italian,benetton,6,20,2.0,0.0,11.0,8,0,6,0.9000000000000057,31.0
1343,1986,8.0,ricard,False,0.0,True,0.0,False,keke_rosberg,,mclaren,7,4,14.0,,5.0,47,2,2,1.0,37.0
1358,1986,8.0,ricard,False,0.0,True,0.0,False,berger,Austrian,benetton,8,19,6.0,0.0,8.0,8,0,6,1.0999999999999943,26.0
1347,1986,8.0,ricard,False,0.0,True,0.0,False,alboreto,Italian,ferrari,,8,6.0,0.0,9.0,13,0,5,1.2999999999999972,29.0
1360,1986,8.0,ricard,False,0.0,True,0.0,False,johansson,Swedish,ferrari,10,21,,0.0,7.0,13,0,5,1.4000000000000057,29.0
1345,1986,8.0,ricard,False,0.0,True,0.0,False,laffite,French,ligier,11,6,13.0,0.0,6.0,19,0,4,,42.0
1353,1986,8.0,ricard,False,0.0,True,0.0,False,dumfries,Auto%#,team_lotus,12,14,0.0,0.0,16.0,36,2,3,2.0,28.0
1352,1986,8.0,ricard,False,0.0,True,0.0,False,tambay,French,lola,,13,0.0,0.0,18.0,0,0,10,2.0999999999999943,37.0
1348,1986,8.0,ricard,False,0.0,True,0.0,False,warwick,British,brabham,14,9,0.0,0.0,22.0,2,0,8,2.4000000000000057,31.0
1349,1986,8.0,ricard,False,0.0,True,,False,brundle,British,tyrrell,15,10,2.0,0.0,12.0,2,0,7,2.5,27.0
1346,1986,,ricard,False,0.0,True,0.0,False,patrese,Italian,brabham,16,7,2.0,0.0,13.0,2,0,8,2.9000000000000057,32.0
1355,1986,8.0,ricard,False,0.0,True,0.0,False,streiff,French,tyrrell,17,,,0.0,15.0,2,0,7,3.200000000000003,31.0
,1986,8.0,ricard,,0.0,True,0.0,False,danner,German,arrows,,11,0.0,0.0,24.0,0,,9,3.200000000000003,28.0
1363,1986,8.0,ricard,False,0.0,True,0.0,False,nannini,Italian,minardi,19,24,0.0,0.0,27.0,0,0,Auto%#,3.299999999999997,26.0
1365,1986,8.0,ricard,False,0.0,True,0.0,False,jones,Australian,lola,20,26,0.0,0.0,21.0,,0,10,3.4000000000000057,39.0
1351,1986,8.0,ricard,False,0.0,True,0.0,False,boutsen,Belgian,arrows,21,12,0.0,0.0,14.0,0,0,9,3.5,28.0
1354,1986,8.0,ricard,False,0.0,True,0.0,False,palmer,British,zakspeed,22,15,0.0,0.0,17.0,0,0,11,3.799999999999997,29.0
1364,1986,8.0,,False,0.0,True,0.0,False,cesaris,Italian,minardi,23,25,0.0,0.0,26.0,,0,13,5.0,27.0
1356,1986,8.0,ricard,False,0.0,True,0.0,False,rothengatter,Dutch,zakspeed,24,17,0.0,0.0,23.0,0,0,11,5.700000000000003,31.0
1362,1986,8.0,ricard,False,,True,0.0,False,ghinzani,Italian,osella,25,23,0.0,0.0,25.0,0,0,12,5.900000000000006,34.0
1357,1986,,ricard,False,0.0,True,0.0,False,berg,Canadian,osella,26,18,0.0,0.0,29.0,0,0,12,7.799999999999997,24.0
1367,1986,9.0,,True,0.0,,0.0,False,piquet,Brazilian,williams,1,2,23.0,1.0,4.0,61,4,,0.0,33.0
1366,1986,9.0,brands_hatch,True,0.0,False,0.0,False,mansell,British,williams,2,1,38.0,3.0,2.0,61,4,1,,32.0
1381,,9.0,brands_hatch,True,0.0,False,0.0,False,senna,Brazilian,team_lotus,3,16,36.0,2.0,3.0,36,2,3,0.5,26.0
1384,1986,9.0,brands_hatch,True,0.0,False,0.0,False,berger,Austrian,benetton,4,19,6.0,0.0,9.0,8,0,6,1.2000000000000028,26.0
1387,1986,9.0,brands_hatch,True,0.0,False,0.0,False,keke_rosberg,Finnish,mclaren,,22,17.0,0.0,5.0,56,2,2,1.5,37.0
1368,1986,9.0,brands_hatch,True,0.0,False,0.0,False,prost,French,mclaren,6,3,39.0,2.0,1.0,56,2,2,2.299999999999997,31.0
1379,1986,9.0,brands_hatch,True,0.0,False,0.0,False,fabi,Italian,benetton,7,14,2.0,0.0,11.0,8,0,6,2.4000000000000057,31.0
1369,1986,9.0,Auto%#,True,0.0,False,0.0,False,arnoux,French,,8,4,8.0,0.0,7.0,22,0,4,2.5,38.0
1373,1986,9.0,brands_hatch,True,0.0,False,0.0,False,warwick,British,brabham,9,8,0.0,0.0,,2,0,8,3.200000000000003,31.0
1372,1986,9.0,brands_hatch,True,0.0,False,,False,dumfries,British,team_lotus,10,7,0.0,0.0,16.0,36,2,3,3.299999999999997,28.0
1370,1986,9.0,brands_hatch,True,0.0,False,0.0,False,brundle,British,tyrrell,,5,2.0,0.0,12.0,2,0,7,3.299999999999997,27.0
1377,1986,9.0,brands_hatch,True,0.0,False,0.0,False,alboreto,,ferrari,12,12,6.0,0.0,10.0,13,0,5,3.299999999999997,29.0
1375,1986,9.0,brands_hatch,True,0.0,False,0.0,False,boutsen,Belgian,arrows,13,10,0.0,0.0,14.0,0,0,9,3.9000000000000057,29.0
1385,1986,9.0,brands_hatch,True,0.0,False,0.0,False,jones,Australian,lola,14,20,0.0,0.0,22.0,0,0,10,4.099999999999994,39.0
,1986,9.0,brands_hatch,True,0.0,False,0.0,False,patrese,Italian,brabham,15,15,,0.0,13.0,2,0,8,4.299999999999997,32.0
1371,1986,9.0,brands_hatch,True,0.0,False,0.0,False,streiff,French,tyrrell,16,6,0.0,0.0,15.0,2,0,7,4.5,31.0
1376,1986,,brands_hatch,True,0.0,False,0.0,False,tambay,French,,17,11,0.0,0.0,18.0,0,0,10,4.5,37.0
1386,1986,9.0,brands_hatch,True,0.0,,0.0,False,johansson,Swedish,ferrari,18,21,7.0,0.0,8.0,13,0,5,4.5,29.0
1388,1986,9.0,brands_hatch,True,0.0,False,0.0,False,laffite,French,ligier,19,23,14.0,0.0,6.0,22,0,4,5.299999999999997,42.0
1378,1986,9.0,brands_hatch,True,0.0,False,0.0,False,nannini,Italian,minardi,20,13,0.0,0.0,27.0,0,0,13,5.799999999999997,27.0
1383,1986,9.0,brands_hatch,True,0.0,False,0.0,False,cesaris,Italian,minardi,21,18,0.0,0.0,26.0,0,0,13,6.0,27.0
1374,1986,9.0,brands_hatch,True,0.0,False,0.0,False,palmer,,zakspeed,22,9,0.0,0.0,17.0,0,0,11,6.0,29.0
1389,1986,9.0,brands_hatch,True,0.0,False,0.0,False,danner,German,arrows,23,24,0.0,0.0,23.0,0,0,9,6.299999999999997,28.0
1390,1986,9.0,brands_hatch,True,0.0,False,0.0,False,ghinzani,Italian,osella,24,25,0.0,0.0,25.0,0,0,12,9.099999999999994,34.0
,1986,,brands_hatch,True,0.0,False,0.0,False,rothengatter,Dutch,zakspeed,25,17,0.0,0.0,24.0,0,0,11,9.900000000000006,31.0
1391,1986,9.0,brands_hatch,True,0.0,False,0.0,False,berg,Canadian,osella,26,26,0.0,0.0,28.0,0,0,12,11.299999999999995,24.0
1396,1986,10.0,hockenheimring,False,0.0,True,0.0,False,,Finnish,mclaren,1,5,17.0,0.0,5.0,60,2,2,0.0,37.0
1397,1986,10.0,hockenheimring,False,0.0,True,0.0,False,prost,French,mclaren,2,6,43.0,2.0,2.0,60,2,2,0.2000000000000028,31.0
1393,1986,10.0,hockenheimring,False,0.0,True,0.0,False,senna,Brazilian,team_lotus,3,2,36.0,,3.0,36,2,,0.2999999999999971,26.0
1401,1986,10.0,hockenheimring,False,0.0,True,0.0,False,berger,Austrian,benetton,4,10,6.0,0.0,9.0,8,0,6,0.5,26.0
1392,1986,,hockenheimring,False,0.0,True,0.0,False,piquet,Brazilian,williams,5,1,29.0,1.0,4.0,,5,1,0.5,
1394,1986,10.0,hockenheimring,False,0.0,True,0.0,False,mansell,British,,6,3,47.0,4.0,1.0,,5,1,0.7000000000000028,32.0
1408,1986,10.0,hockenheimring,False,0.0,True,0.0,False,patrese,Italian,brabham,7,17,2.0,0.0,13.0,2,0,8,1.2999999999999972,32.0
1395,1986,10.0,Auto%#,False,0.0,True,0.0,False,arnoux,French,ligier,8,4,11.0,0.0,7.0,25,0,4,1.7000000000000028,38.0
1417,1986,10.0,hockenheimring,False,0.0,True,0.0,False,fabi,Italian,benetton,9,26,2.0,0.0,12.0,8,0,Auto%#,2.0,31.0
1416,1986,10.0,hockenheimring,False,0.0,True,0.0,False,alboreto,Italian,ferrari,10,25,6.0,0.0,10.0,13,0,5,2.299999999999997,29.0
1402,1986,10.0,hockenheimring,False,0.0,True,,False,johansson,Swedish,ferrari,11,11,7.0,0.0,8.0,13,0,5,2.299999999999997,29.0
1411,1986,10.0,hockenheimring,False,0.0,True,0.0,False,dumfries,British,,12,20,0.0,0.0,16.0,36,2,3,,28.0
1399,1986,10.0,hockenheimring,False,0.0,True,0.0,False,tambay,French,lola,13,8,0.0,0.0,19.0,0,0,11,3.0,37.0
1413,1986,10.0,hockenheimring,False,0.0,True,0.0,False,alliot,French,ligier,14,22,0.0,0.0,0.0,25,0,Auto%#,3.0,32.0
1407,1986,10.0,hockenheimring,False,0.0,,0.0,False,brundle,British,tyrrell,15,16,4.0,0.0,11.0,5,0,7,3.4000000000000057,27.0
1406,1986,10.0,,False,0.0,True,0.0,False,palmer,British,zakspeed,16,15,0.0,,18.0,0,0,10,3.9000000000000057,29.0
1404,1986,10.0,hockenheimring,False,0.0,True,,False,danner,German,arrows,17,13,0.0,0.0,23.0,0,0,9,4.400000000000006,28.0
1415,1986,10.0,hockenheimring,False,0.0,True,0.0,False,streiff,French,tyrrell,18,24,1.0,,14.0,5,0,7,5.400000000000006,31.0
1400,1986,10.0,hockenheimring,,0.0,True,0.0,False,jones,Australian,lola,19,9,0.0,0.0,22.0,,0,11,5.5,39.0
1398,1986,10.0,hockenheimring,False,,True,0.0,False,warwick,British,brabham,20,7,0.0,0.0,17.0,2,0,8,6.200000000000003,31.0
1412,1986,10.0,hockenheimring,False,0.0,True,0.0,False,boutsen,Belgian,arrows,21,21,0.0,0.0,15.0,0,0,9,7.200000000000003,29.0
1410,,10.0,hockenheimring,False,0.0,Auto%#,0.0,False,nannini,Italian,minardi,22,19,0.0,0.0,26.0,0,0,13,7.400000000000006,27.0
1409,1986,10.0,hockenheimring,False,0.0,True,0.0,False,cesaris,Italian,minardi,23,18,0.0,0.0,27.0,0,0,13,8.099999999999994,27.0
1405,1986,,hockenheimring,False,0.0,True,0.0,False,rothengatter,Dutch,,24,14,0.0,0.0,24.0,0,0,10,8.900000000000006,31.0
1414,1986,10.0,hockenheimring,False,0.0,True,0.0,False,ghinzani,Italian,osella,25,23,0.0,0.0,25.0,0,0,12,14.5,34.0
1403,1986,10.0,,False,0.0,True,0.0,False,berg,Canadian,osella,26,12,0.0,0.0,28.0,0,0,12,15.0,24.0
1419,1986,11.0,hungaroring,False,,False,0.0,False,senna,Brazilian,team_lotus,1,2,42.0,2.0,3.0,42,2,3,0.0,26.0
1418,1986,11.0,hungaroring,False,0.0,False,0.0,False,piquet,Brazilian,williams,2,1,38.0,,4.0,89,6,1,0.2999999999999971,33.0
1437,1986,11.0,hungaroring,False,0.0,False,0.0,False,prost,French,mclaren,3,20,44.0,2.0,2.0,63,2,2,0.4000000000000057,31.0
1420,1986,11.0,hungaroring,False,0.0,False,0.0,False,mansell,British,williams,4,3,51.0,4.0,1.0,89,6,1,0.5999999999999943,33.0
1432,1986,11.0,hungaroring,False,0.0,False,0.0,False,keke_rosberg,Finnish,mclaren,5,15,19.0,0.0,5.0,63,2,Auto%#,1.0999999999999943,37.0
1424,1986,11.0,hungaroring,False,0.0,False,0.0,False,tambay,French,lola,6,7,0.0,0.0,18.0,0,0,10,2.200000000000003,37.0
1421,1986,11.0,hungaroring,False,0.0,False,,Auto%#,johansson,Swedish,ferrari,7,4,7.0,0.0,8.0,13,0,5,2.4000000000000057,29.0
1422,1986,11.0,hungaroring,False,0.0,False,0.0,False,dumfries,British,team_lotus,8,5,0.0,0.0,16.0,42,2,3,2.4000000000000057,28.0
1428,1986,11.0,hungaroring,False,0.0,False,0.0,False,arnoux,French,ligier,9,11,14.0,0.0,7.0,28,0,4,2.5,38.0
1429,1986,11.0,hungaroring,,0.0,False,0.0,False,jones,Australian,lola,10,12,0.0,0.0,22.0,0,0,10,2.9000000000000057,39.0
1430,1986,11.0,hungaroring,,0.0,False,0.0,False,berger,Austrian,benetton,,13,6.0,0.0,,8,0,6,3.0,26.0
1426,1986,11.0,hungaroring,False,0.0,False,0.0,False,alliot,French,ligier,12,9,0.0,0.0,30.0,28,0,4,3.0999999999999943,32.0
1433,1986,11.0,hungaroring,False,0.0,False,0.0,False,fabi,Italian,benetton,13,16,2.0,0.0,12.0,8,0,6,3.200000000000003,31.0
1440,1986,11.0,hungaroring,False,0.0,False,0.0,False,patrese,Italian,brabham,14,23,2.0,0.0,13.0,2,0,8,3.5,32.0
1435,1986,11.0,hungaroring,False,0.0,False,0.0,False,alboreto,Italian,ferrari,15,18,6.0,0.0,10.0,13,0,Auto%#,3.5999999999999943,
1423,1986,11.0,hungaroring,False,0.0,False,0.0,False,brundle,British,tyrrell,16,6,4.0,0.0,11.0,5,0,7,3.9000000000000057,27.0
1434,,11.0,hungaroring,False,0.0,False,0.0,False,nannini,Italian,minardi,17,17,0.0,0.0,27.0,0,0,13,4.200000000000003,27.0
1425,1986,11.0,hungaroring,False,0.0,False,0.0,False,streiff,French,tyrrell,18,8,1.0,0.0,,5,0,7,4.900000000000006,31.0
1436,1986,11.0,hungaroring,False,0.0,False,0.0,False,warwick,British,brabham,19,19,0.0,0.0,17.0,2,0,8,5.0,31.0
1441,1986,,hungaroring,False,0.0,False,0.0,,cesaris,Italian,minardi,20,24,0.0,0.0,28.0,0,0,13,5.200000000000003,27.0
1439,1986,11.0,hungaroring,False,0.0,False,0.0,False,danner,German,arrows,21,22,0.0,0.0,23.0,0,0,9,5.799999999999997,28.0
1431,1986,11.0,hungaroring,False,0.0,False,0.0,False,boutsen,Belgian,arrows,22,14,0.0,0.0,15.0,0,0,9,5.900000000000006,29.0
1438,1986,11.0,hungaroring,False,0.0,,0.0,False,ghinzani,Italian,Auto%#,23,21,0.0,,26.0,0,0,12,6.700000000000003,34.0
1427,1986,11.0,hungaroring,False,0.0,False,0.0,False,palmer,British,zakspeed,24,10,0.0,0.0,19.0,0,0,11,7.0,29.0
1442,1986,11.0,hungaroring,False,0.0,False,0.0,False,rothengatter,Dutch,zakspeed,25,25,0.0,0.0,24.0,,0,11,9.0,31.0
1443,1986,11.0,hungaroring,False,0.0,False,,False,berg,Canadian,osella,26,26,0.0,0.0,25.0,0,0,12,11.5,25.0
1458,1986,12.0,osterreichring,False,0.0,True,0.0,False,fabi,Italian,benetton,1,15,2.0,0.0,13.0,8,0,6,0.0,31.0
1450,1986,12.0,osterreichring,False,0.0,True,0.0,False,berger,Austrian,benetton,2,7,6.0,0.0,9.0,8,0,6,0.2000000000000028,26.0
1452,1986,12.0,osterreichring,False,0.0,True,0.0,False,keke_rosberg,Finnish,mclaren,3,9,19.0,0.0,5.0,63,2,2,0.4000000000000057,37.0
,1986,12.0,osterreichring,False,0.0,True,0.0,False,patrese,,brabham,4,25,2.0,0.0,14.0,2,0,8,0.5,32.0
1444,1986,12.0,osterreichring,False,0.0,True,0.0,False,prost,French,mclaren,5,1,44.0,2.0,4.0,63,2,2,0.7999999999999972,31.0
1455,1986,12.0,osterreichring,False,0.0,True,0.0,False,mansell,British,williams,6,12,55.0,4.0,1.0,102,7,1,1.0999999999999943,33.0
1456,1986,12.0,osterreichring,False,0.0,True,0.0,False,piquet,Brazilian,williams,7,13,47.0,3.0,3.0,102,7,1,1.2000000000000028,34.0
1462,1986,12.0,osterreichring,False,0.0,Auto%#,0.0,False,senna,Brazilian,,8,19,48.0,2.0,2.0,50,2,3,1.7000000000000028,26.0
1445,1986,12.0,osterreichring,False,0.0,True,0.0,False,alboreto,Italian,ferrari,9,2,6.0,0.0,10.0,16,0,5,2.0999999999999943,29.0
1469,1986,12.0,osterreichring,False,0.0,Auto%#,0.0,False,warwick,British,Auto%#,Auto%#,26,0.0,0.0,18.0,2,0,8,2.200000000000003,31.0
1459,1986,12.0,osterreichring,False,0.0,True,0.0,False,alliot,French,ligier,11,16,0.0,0.0,23.0,28,0,4,2.4000000000000057,32.0
1453,1986,12.0,osterreichring,False,0.0,True,0.0,False,arnoux,French,ligier,12,10,14.0,0.0,7.0,28,0,4,2.799999999999997,38.0
1448,1986,12.0,osterreichring,False,0.0,True,0.0,False,tambay,French,lola,13,5,0.0,,17.0,0,0,10,3.0,37.0
1446,1986,12.0,osterreichring,False,0.0,True,0.0,False,johansson,Swedish,ferrari,14,3,10.0,0.0,8.0,16,0,5,3.0999999999999943,29.0
1465,1986,12.0,osterreichring,False,0.0,True,0.0,False,dumfries,British,team_lotus,15,22,2.0,0.0,12.0,50,2,3,3.700000000000003,28.0
1447,1986,12.0,osterreichring,False,0.0,True,0.0,False,jones,Australian,lola,16,4,0.0,0.0,22.0,0,0,10,3.9000000000000057,39.0
1463,1986,12.0,osterreichring,False,0.0,True,0.0,False,brundle,British,tyrrell,17,20,5.0,0.0,11.0,,0,7,4.5,27.0
1457,1986,12.0,osterreichring,False,,True,0.0,False,boutsen,Belgian,arrows,18,14,0.0,0.0,,0,0,9,5.099999999999994,29.0
1460,1986,12.0,osterreichring,,0.0,True,0.0,False,nannini,Italian,minardi,19,17,0.0,0.0,28.0,0,0,13,5.099999999999994,27.0
1464,1986,12.0,osterreichring,False,0.0,True,0.0,False,streiff,French,tyrrell,20,21,1.0,0.0,15.0,6,0,7,5.5,31.0
1466,1986,12.0,osterreichring,False,0.0,Auto%#,0.0,False,palmer,,zakspeed,21,23,0.0,0.0,19.0,0,0,11,5.599999999999994,29.0
1449,,12.0,osterreichring,False,0.0,True,0.0,,danner,German,arrows,22,6,0.0,0.0,,0,0,9,5.900000000000006,28.0
1461,1986,12.0,osterreichring,False,0.0,True,0.0,False,cesaris,Italian,minardi,23,18,0.0,0.0,29.0,0,0,13,6.099999999999994,27.0
1451,1986,12.0,osterreichring,False,0.0,True,0.0,False,rothengatter,Dutch,zakspeed,24,8,0.0,0.0,25.0,0,0,11,9.0,31.0
1454,1986,12.0,osterreichring,False,0.0,True,0.0,False,ghinzani,Italian,Auto%#,25,11,0.0,0.0,27.0,0,0,12,10.5,34.0
1467,1986,12.0,osterreichring,False,0.0,True,0.0,False,berg,Canadian,osella,26,24,0.0,0.0,26.0,0,0,12,12.700000000000005,25.0
1481,1986,13.0,monza,False,0.0,True,0.0,False,fabi,Italian,benetton,1,12,2.0,0.0,15.0,8,0,6,0.0,31.0
1487,1986,13.0,Auto%#,False,0.0,True,0.0,False,prost,French,mclaren,2,18,53.0,3.0,2.0,72,3,2,0.4000000000000057,31.0
1471,1986,13.0,monza,False,,True,0.0,False,mansell,British,Auto%#,3,2,55.0,4.0,1.0,102,7,1,0.8000000000000114,33.0
1474,1986,13.0,monza,,0.0,True,0.0,False,berger,,benetton,4,5,6.0,0.0,10.0,8,0,6,0.8000000000000114,27.0
1496,1986,13.0,,False,0.0,True,0.0,False,senna,Brazilian,team_lotus,5,27,48.0,2.0,3.0,50,2,3,0.8000000000000114,26.0
1470,1986,13.0,monza,False,0.0,True,0.0,False,piquet,Brazilian,williams,6,1,47.0,3.0,4.0,102,7,1,1.0,34.0
1490,1986,13.0,monza,False,0.0,True,0.0,False,warwick,British,brabham,7,21,0.0,0.0,20.0,2,0,9,1.1000000000000083,32.0
1473,1986,13.0,Auto%#,False,,True,0.0,False,keke_rosberg,Finnish,mclaren,8,4,19.0,0.0,5.0,72,3,2,1.3000000000000114,37.0
1482,1986,13.0,,False,0.0,,0.0,False,alboreto,Italian,ferrari,9,13,12.0,0.0,9.0,26,0,5,1.4000000000000057,29.0
1494,,13.0,monza,False,0.0,True,,False,patrese,Italian,brabham,10,25,2.0,0.0,16.0,2,0,9,2.0,32.0
1485,1986,13.0,monza,False,0.0,True,0.0,False,arnoux,French,,11,16,14.0,0.0,8.0,28,0,4,2.1000000000000085,38.0
1472,1986,13.0,monza,False,0.0,True,0.0,False,johansson,Swedish,ferrari,12,3,14.0,0.0,7.0,26,0,5,2.300000000000012,29.0
1476,1986,13.0,monza,False,0.0,Auto%#,0.0,,boutsen,Belgian,arrows,13,7,0.0,0.0,19.0,,0,10,2.700000000000003,29.0
1488,1986,13.0,monza,False,0.0,True,0.0,False,alliot,French,ligier,14,19,0.0,0.0,25.0,28,0,4,3.200000000000003,32.0
1493,1986,13.0,monza,False,0.0,,0.0,False,tambay,French,lola,15,24,2.0,0.0,14.0,5,0,8,3.700000000000003,37.0
1477,1986,13.0,monza,False,0.0,True,0.0,False,danner,German,arrows,16,8,1.0,0.0,18.0,1,0,10,3.8000000000000114,28.0
1489,1986,13.0,monza,False,0.0,True,0.0,False,dumfries,British,team_lotus,17,20,2.0,0.0,13.0,50,2,3,3.9000000000000057,28.0
1475,1986,13.0,monza,False,0.0,True,0.0,False,jones,Australian,lola,18,6,3.0,0.0,12.0,5,0,8,3.9000000000000057,
1491,1986,13.0,monza,False,0.0,True,,False,nannini,Italian,,19,22,0.0,0.0,28.0,0,0,13,4.6000000000000085,27.0
1479,1986,13.0,monza,False,0.0,True,0.0,False,brundle,British,tyrrell,20,10,5.0,0.0,11.0,6,,7,5.0,27.0
1483,1986,13.0,monza,False,0.0,True,0.0,False,cesaris,Italian,minardi,21,14,0.0,0.0,29.0,0,0,13,5.5,27.0
1486,1986,13.0,monza,False,,True,0.0,False,palmer,British,Auto%#,22,17,0.0,0.0,21.0,0,0,11,5.6000000000000085,29.0
1478,1986,13.0,monza,False,0.0,True,0.0,False,,French,tyrrell,23,9,1.0,0.0,17.0,6,0,7,6.1000000000000085,31.0
1495,1986,,monza,False,0.0,,0.0,False,rothengatter,Dutch,zakspeed,24,26,0.0,0.0,22.0,0,0,11,6.800000000000011,31.0
,1986,13.0,monza,False,0.0,True,0.0,False,capelli,Italian,ags,25,15,0.0,0.0,0.0,0,0,0,,23.0
1492,1986,13.0,monza,False,0.0,True,0.0,False,ghinzani,Italian,osella,26,23,0.0,0.0,26.0,0,0,12,,34.0
1480,1986,13.0,monza,False,0.0,True,0.0,Auto%#,caffi,Italian,osella,27,11,0.0,0.0,0.0,0,0,12,12.800000000000011,22.0
1500,1986,14.0,estoril,False,0.0,True,0.0,False,senna,Brazilian,team_lotus,1,4,48.0,2.0,4.0,50,2,3,0.0,26.0
1497,1986,14.0,estoril,False,0.0,True,0.0,False,mansell,British,williams,2,1,61.0,4.0,1.0,117,8,1,0.7999999999999972,33.0
1498,1986,14.0,estoril,False,0.0,True,0.0,False,prost,French,mclaren,3,2,53.0,3.0,3.0,75,3,2,1.0,31.0
1513,1986,14.0,estoril,False,0.0,True,0.0,False,berger,Austrian,benetton,4,17,8.0,0.0,10.0,10,0,6,1.0,27.0
1504,1986,14.0,estoril,False,0.0,True,0.0,False,fabi,Italian,benetton,5,8,2.0,,15.0,10,0,6,1.3999999999999917,31.0
1499,1986,14.0,estoril,False,0.0,True,0.0,False,piquet,Brazilian,williams,6,3,56.0,4.0,2.0,117,8,,1.5,34.0
1515,1986,14.0,estoril,,0.0,True,0.0,False,,Finnish,mclaren,7,19,22.0,0.0,5.0,75,3,2,1.7000000000000028,37.0
1502,1986,14.0,estoril,False,0.0,True,0.0,False,johansson,Swedish,ferrari,8,6,18.0,0.0,,30,0,4,2.5999999999999943,30.0
1510,1986,14.0,estoril,False,,True,0.0,False,patrese,Italian,brabham,,14,2.0,,16.0,2,0,9,2.8999999999999915,32.0
1503,1986,14.0,estoril,False,0.0,True,0.0,False,arnoux,French,ligier,10,7,14.0,0.0,8.0,28,0,5,3.0,38.0
1517,1986,14.0,estoril,False,0.0,True,0.0,False,alliot,French,ligier,,21,0.0,0.0,25.0,28,0,5,3.0999999999999943,32.0
1516,1986,14.0,estoril,False,0.0,True,0.0,False,warwick,British,brabham,12,20,0.0,0.0,20.0,,0,9,3.200000000000003,32.0
1501,1986,14.0,estoril,False,0.0,True,0.0,False,alboreto,,ferrari,13,5,,0.0,9.0,30,0,4,3.299999999999997,29.0
1511,1986,14.0,estoril,,0.0,True,0.0,False,tambay,Auto%#,lola,14,Auto%#,2.0,0.0,14.0,6,0,7,4.099999999999994,37.0
1505,1986,14.0,estoril,False,0.0,True,0.0,False,dumfries,British,team_lotus,15,9,2.0,0.0,13.0,50,2,3,4.899999999999992,28.0
1514,1986,14.0,estoril,,,True,0.0,False,cesaris,Italian,minardi,16,18,0.0,0.0,,0,0,13,4.899999999999992,27.0
1520,1986,14.0,estoril,False,0.0,True,0.0,False,jones,Australian,lola,17,,4.0,0.0,12.0,6,0,7,4.899999999999992,39.0
,1986,14.0,estoril,False,0.0,True,0.0,False,nannini,,minardi,18,16,0.0,0.0,29.0,0,0,13,5.0,27.0
1519,1986,14.0,estoril,False,0.0,True,0.0,False,,British,tyrrell,19,,5.0,0.0,11.0,6,0,8,5.099999999999994,27.0
1508,1986,14.0,estoril,False,0.0,True,0.0,Auto%#,palmer,British,zakspeed,20,12,0.0,0.0,21.0,0,0,11,5.200000000000003,29.0
1506,1986,14.0,estoril,False,0.0,True,0.0,False,boutsen,Belgian,arrows,21,10,0.0,0.0,19.0,1,0,10,5.399999999999992,29.0
1507,1986,14.0,estoril,False,0.0,True,,False,danner,German,arrows,22,11,1.0,0.0,18.0,1,0,10,5.599999999999994,
1518,1986,14.0,estoril,False,,True,0.0,False,,French,tyrrell,23,22,1.0,0.0,,6,0,8,5.700000000000003,
1522,,14.0,estoril,False,0.0,True,0.0,False,ghinzani,Italian,osella,24,26,0.0,0.0,26.0,0,,12,6.899999999999992,34.0
1523,1986,14.0,estoril,False,0.0,True,0.0,False,capelli,Italian,ags,25,Auto%#,0.0,0.0,0.0,0,0,14,7.299999999999997,23.0
1521,1986,14.0,estoril,False,0.0,,0.0,False,rothengatter,Dutch,zakspeed,26,25,0.0,,22.0,0,0,11,7.399999999999991,31.0
1509,1986,14.0,estoril,False,0.0,True,0.0,False,berg,Canadian,osella,27,13,0.0,0.0,27.0,0,0,12,10.200000000000005,25.0
1526,1986,15.0,rodriguez,True,0.0,,0.0,False,senna,Auto%#,team_lotus,1,3,51.0,2.0,4.0,53,2,3,0.0,26.0
1527,,15.0,rodriguez,True,0.0,False,0.0,False,piquet,Brazilian,williams,2,Auto%#,60.0,4.0,2.0,130,9,1,0.2999999999999971,34.0
1528,1986,15.0,rodriguez,True,0.0,False,0.0,False,mansell,British,williams,3,5,70.0,5.0,1.0,130,9,1,0.5,33.0
1524,1986,15.0,rodriguez,True,0.0,False,0.0,False,berger,Austrian,benetton,4,1,8.0,0.0,10.0,10,0,6,0.5999999999999943,27.0
1536,1986,15.0,rodriguez,True,0.0,False,0.0,False,patrese,Auto%#,brabham,5,13,2.0,0.0,16.0,2,0,9,1.2999999999999972,32.0
1525,1986,15.0,rodriguez,True,0.0,False,0.0,False,prost,French,mclaren,6,2,59.0,3.0,3.0,81,3,2,1.4000000000000057,31.0
1541,1986,15.0,rodriguez,True,0.0,False,0.0,False,warwick,British,brabham,7,18,0.0,0.0,20.0,2,0,9,1.5,32.0
1548,1986,15.0,rodriguez,True,0.0,False,0.0,False,tambay,French,lola,8,25,2.0,0.0,14.0,6,0,7,1.7999999999999972,37.0
1547,1986,15.0,rodriguez,True,0.0,False,0.0,False,fabi,Italian,benetton,9,24,2.0,0.0,15.0,10,0,6,1.9000000000000057,31.0
1529,1986,15.0,rodriguez,True,0.0,False,0.0,False,alliot,French,,10,6,0.0,0.0,25.0,28,0,5,2.299999999999997,32.0
1543,,15.0,rodriguez,True,0.0,False,0.0,False,keke_rosberg,Finnish,mclaren,11,20,22.0,0.0,5.0,81,3,2,2.299999999999997,37.0
1544,1986,15.0,rodriguez,True,0.0,False,0.0,False,alboreto,Italian,ferrari,12,21,14.0,0.0,8.0,33,0,4,2.4000000000000057,29.0
,1986,15.0,rodriguez,True,0.0,False,,False,arnoux,French,ligier,13,15,14.0,0.0,9.0,28,0,5,2.5999999999999943,38.0
1535,1986,15.0,rodriguez,True,0.0,False,0.0,False,johansson,Swedish,ferrari,14,12,,0.0,6.0,33,0,4,2.799999999999997,30.0
1542,1986,15.0,rodriguez,True,0.0,False,0.0,False,jones,Australian,lola,15,19,4.0,0.0,12.0,,0,7,3.0999999999999943,39.0
1534,1986,15.0,Auto%#,True,0.0,False,0.0,Auto%#,brundle,British,tyrrell,16,11,5.0,0.0,11.0,6,0,8,3.200000000000003,27.0
1540,,15.0,rodriguez,True,0.0,False,0.0,False,dumfries,British,team_lotus,17,17,2.0,,13.0,53,,3,3.5,28.0
1533,1986,15.0,rodriguez,True,0.0,False,0.0,False,palmer,British,zakspeed,18,10,0.0,0.0,21.0,0,0,,3.700000000000003,29.0
1546,1986,15.0,rodriguez,True,0.0,False,0.0,False,streiff,French,tyrrell,19,23,1.0,0.0,,6,0,8,3.9000000000000057,31.0
1532,1986,15.0,rodriguez,True,0.0,False,0.0,False,danner,German,arrows,20,9,1.0,0.0,18.0,1,0,10,4.099999999999994,28.0
1530,1986,15.0,rodriguez,True,0.0,False,0.0,False,boutsen,Belgian,arrows,21,7,0.0,0.0,19.0,1,0,10,4.200000000000003,29.0
1531,1986,15.0,rodriguez,True,0.0,False,0.0,False,cesaris,Italian,minardi,,8,0.0,0.0,,0,0,13,5.5,27.0
1537,1986,15.0,rodriguez,True,0.0,False,0.0,False,nannini,,minardi,24,14,0.0,0.0,29.0,0,0,13,6.5,27.0
,1986,15.0,rodriguez,True,0.0,False,0.0,False,ghinzani,Italian,osella,,Auto%#,0.0,0.0,26.0,0,0,12,7.200000000000003,34.0
1539,1986,15.0,rodriguez,,0.0,False,0.0,False,berg,Canadian,osella,26,16,0.0,0.0,27.0,,0,12,9.599999999999994,25.0
1560,1986,16.0,adelaide,True,0.0,False,0.0,False,mansell,British,williams,1,12,70.0,5.0,1.0,135,9,1,0.0,33.0
1550,1986,16.0,adelaide,True,,False,0.0,False,piquet,Brazilian,williams,2,2,63.0,4.0,3.0,135,9,1,0.2999999999999971,34.0
1567,1986,16.0,adelaide,True,0.0,False,0.0,False,senna,Brazilian,team_lotus,3,19,55.0,2.0,4.0,57,2,3,0.5,26.0
1549,1986,16.0,adelaide,True,0.0,False,0.0,False,prost,French,mclaren,4,1,64.0,3.0,2.0,87,3,2,1.2999999999999972,31.0
1555,1986,16.0,adelaide,True,0.0,False,0.0,False,arnoux,French,ligier,5,7,14.0,0.0,10.0,29,0,Auto%#,1.5999999999999943,38.0
1569,1986,16.0,adelaide,True,0.0,False,,False,berger,Austrian,benetton,6,21,17.0,1.0,7.0,,1,6,2.1999999999999886,27.0
1562,1986,16.0,adelaide,True,0.0,False,0.0,False,keke_rosberg,,mclaren,7,14,22.0,0.0,5.0,87,3,2,2.3999999999999915,37.0
1556,1986,16.0,Auto%#,True,0.0,False,0.0,False,alliot,French,ligier,Auto%#,8,1.0,0.0,19.0,29,0,5,2.5999999999999943,32.0
1574,1986,16.0,adelaide,True,0.0,False,0.0,False,alboreto,Italian,ferrari,9,26,14.0,0.0,9.0,33,0,4,3.299999999999997,29.0
1553,1986,16.0,adelaide,True,0.0,False,0.0,False,streiff,French,tyrrell,10,5,1.0,0.0,17.0,6,0,Auto%#,3.299999999999997,31.0
1568,1986,16.0,adelaide,True,0.0,False,0.0,False,cesaris,Italian,minardi,11,20,0.0,0.0,24.0,0,0,12,3.5999999999999943,27.0
1551,1986,16.0,adelaide,True,0.0,False,0.0,False,johansson,Swedish,ferrari,12,3,19.0,0.0,6.0,33,0,4,3.5999999999999943,30.0
1558,1986,16.0,adelaide,True,0.0,False,0.0,False,fabi,Italian,benetton,13,10,2.0,0.0,15.0,19,1,,3.6999999999999886,31.0
1554,1986,16.0,adelaide,True,0.0,False,0.0,False,dumfries,British,team_lotus,14,6,2.0,0.0,13.0,57,2,3,4.299999999999997,28.0
1571,1986,16.0,adelaide,True,0.0,False,0.0,False,jones,Australian,,15,23,4.0,0.0,12.0,6,0,7,4.399999999999992,39.0
1552,1986,16.0,,True,0.0,False,0.0,False,brundle,Auto%#,tyrrell,Auto%#,4,5.0,0.0,11.0,6,0,8,4.599999999999994,27.0
1559,1986,16.0,adelaide,True,0.0,False,0.0,False,tambay,French,lola,17,11,2.0,0.0,14.0,6,0,7,4.599999999999994,37.0
1572,1986,16.0,adelaide,True,0.0,False,0.0,False,nannini,Italian,minardi,18,24,0.0,0.0,29.0,0,0,12,4.699999999999989,27.0
1561,1986,16.0,adelaide,True,0.0,False,0.0,False,patrese,Italian,brabham,19,13,2.0,0.0,16.0,2,0,9,4.799999999999997,32.0
1564,1986,16.0,adelaide,True,0.0,False,0.0,False,warwick,British,brabham,20,16,0.0,0.0,21.0,2,0,9,4.899999999999992,32.0
1557,1986,16.0,adelaide,True,0.0,False,0.0,False,palmer,British,zakspeed,21,9,0.0,0.0,22.0,0,0,11,5.099999999999994,29.0
1566,1986,16.0,adelaide,True,0.0,False,0.0,False,boutsen,Belgian,arrows,22,18,0.0,0.0,20.0,1,0,10,,29.0
1570,1986,16.0,adelaide,True,0.0,False,0.0,False,rothengatter,Dutch,zakspeed,23,22,0.0,0.0,23.0,0,0,11,6.799999999999997,32.0
1565,1986,16.0,adelaide,True,0.0,False,0.0,False,danner,German,arrows,24,17,1.0,0.0,18.0,1,0,10,6.799999999999997,28.0
1573,1986,16.0,adelaide,True,0.0,False,0.0,False,ghinzani,Italian,osella,25,25,0.0,0.0,27.0,0,0,13,6.899999999999992,34.0
1563,1986,16.0,adelaide,True,0.0,False,0.0,False,berg,Canadian,osella,26,15,0.0,0.0,28.0,0,0,13,8.799999999999997,25.0
1580,1987,1.0,jacarepagua,True,0.0,False,0.0,False,mansell,British,williams,1,6,0.0,0.0,0.0,0,0,0,0.0,33.0
1576,1987,1.0,jacarepagua,True,0.0,False,0.0,False,,Brazilian,williams,2,2,0.0,0.0,,0,0,0,0.5,34.0
1588,1987,1.0,jacarepagua,True,0.0,False,,Auto%#,senna,Brazilian,Auto%#,3,14,0.0,0.0,0.0,0,0,0,2.300000000000012,27.0
1595,1987,1.0,jacarepagua,True,0.0,False,0.0,False,fabi,Italian,benetton,4,21,0.0,0.0,0.0,0,0,0,2.300000000000012,32.0
1575,1987,1.0,jacarepagua,True,0.0,False,0.0,False,prost,French,mclaren,5,1,0.0,0.0,0.0,0,0,0,3.1000000000000085,32.0
1579,1987,1.0,jacarepagua,True,0.0,False,0.0,False,boutsen,Belgian,benetton,6,5,0.0,0.0,0.0,0,0,0,3.4000000000000057,29.0
1578,1987,,jacarepagua,True,0.0,False,,,berger,Austrian,ferrari,7,4,0.0,0.0,,0,,0,4.300000000000011,27.0
1591,1987,1.0,jacarepagua,True,0.0,False,0.0,False,warwick,British,arrows,8,17,0.0,0.0,0.0,0,0,0,4.400000000000006,32.0
1582,1987,1.0,jacarepagua,True,0.0,False,0.0,False,alboreto,Italian,ferrari,9,8,0.0,0.0,0.0,0,0,0,4.400000000000006,
1577,1987,1.0,jacarepagua,True,0.0,False,0.0,False,johansson,Swedish,mclaren,10,3,0.0,0.0,0.0,0,0,0,4.400000000000006,30.0
1589,1987,1.0,jacarepagua,,0.0,False,0.0,False,patrese,Italian,brabham,11,15,0.0,0.0,0.0,0,0,0,5.1000000000000085,
1581,1987,1.0,jacarepagua,True,0.0,False,0.0,False,satoru_nakajima,Japanese,team_lotus,12,7,0.0,0.0,0.0,0,0,0,6.200000000000003,34.0
1590,1987,1.0,jacarepagua,True,0.0,False,0.0,Auto%#,cesaris,Italian,brabham,13,16,0.0,0.0,0.0,0,0,0,6.300000000000011,27.0
1587,1987,1.0,jacarepagua,True,0.0,False,,False,cheever,American,arrows,14,13,0.0,0.0,0.0,0,0,0,6.700000000000003,29.0
1593,1987,1.0,jacarepagua,True,0.0,False,0.0,False,nannini,Italian,minardi,15,19,0.0,0.0,0.0,0,0,Auto%#,7.600000000000008,27.0
1596,1987,1.0,jacarepagua,True,0.0,False,0.0,Auto%#,campos,Spanish,minardi,16,22,0.0,0.0,0.0,0,0,0,7.700000000000003,26.0
1583,1987,1.0,jacarepagua,True,,False,0.0,False,danner,German,zakspeed,17,9,0.0,0.0,0.0,0,0,0,9.100000000000009,29.0
1584,1987,1.0,jacarepagua,True,0.0,False,0.0,False,palmer,British,tyrrell,18,10,0.0,0.0,0.0,0,0,0,,30.0
1594,1987,1.0,jacarepagua,True,0.0,False,0.0,False,brundle,British,zakspeed,19,20,0.0,0.0,0.0,0,0,0,,27.0
1585,1987,1.0,jacarepagua,True,0.0,False,0.0,False,streiff,French,tyrrell,20,11,0.0,0.0,0.0,0,0,0,10.200000000000005,31.0
1592,1987,1.0,jacarepagua,True,,False,0.0,False,caffi,Italian,osella,21,18,0.0,0.0,0.0,0,0,0,12.700000000000005,23.0
1586,1987,1.0,jacarepagua,True,0.0,False,0.0,False,fabre,French,ags,22,12,0.0,0.0,0.0,0,0,0,13.700000000000005,27.0
1597,1987,1.0,jacarepagua,True,0.0,False,0.0,False,capelli,Italian,march,23,23,0.0,0.0,0.0,0,0,0,17.5,23.0
1599,1987,2.0,imola,True,0.0,False,0.0,False,senna,Brazilian,team_lotus,1,2,0.0,0.0,14.0,0,0,5,0.0,27.0
1598,1987,2.0,imola,True,0.0,False,0.0,False,mansell,British,williams,2,Auto%#,1.0,0.0,6.0,7,0,2,0.1000000000000085,33.0
1621,1987,2.0,imola,True,0.0,False,0.0,False,prost,French,mclaren,3,24,9.0,1.0,1.0,13,1,1,0.2000000000000028,32.0
1611,1987,2.0,imola,True,0.0,False,0.0,False,fabi,Italian,benetton,4,14,0.0,0.0,21.0,2,0,4,0.2999999999999971,32.0
1620,1987,2.0,imola,True,0.0,False,0.0,False,berger,Austrian,ferrari,5,,3.0,0.0,4.0,3,0,3,1.5,27.0
1600,1987,2.0,,True,0.0,False,0.0,False,alboreto,Italian,ferrari,6,3,0.0,0.0,8.0,3,,3,1.5,30.0
1606,1987,2.0,imola,True,0.0,False,0.0,False,patrese,Italian,brabham,7,9,0.0,0.0,15.0,0,0,10,2.299999999999997,33.0
1601,1987,2.0,imola,True,0.0,False,0.0,False,johansson,Swedish,mclaren,8,4,4.0,0.0,3.0,13,1,1,2.6000000000000085,30.0
1613,,2.0,imola,True,0.0,False,0.0,False,cheever,American,arrows,9,16,0.0,0.0,13.0,0,0,9,2.9000000000000057,29.0
1608,1987,2.0,imola,True,0.0,False,0.0,False,warwick,British,arrows,10,11,0.0,0.0,17.0,0,0,9,3.0,32.0
1612,1987,,imola,True,0.0,False,0.0,False,boutsen,Belgian,Auto%#,11,15,2.0,0.0,5.0,2,0,Auto%#,3.1000000000000085,29.0
1603,1987,2.0,imola,True,0.0,False,0.0,False,satoru_nakajima,Japanese,team_lotus,12,6,0.0,0.0,7.0,0,,5,3.1000000000000085,34.0
1615,1987,2.0,imola,True,0.0,False,0.0,False,cesaris,Italian,brabham,13,18,0.0,0.0,16.0,0,0,10,,27.0
1602,1987,2.0,imola,True,0.0,Auto%#,0.0,False,brundle,British,zakspeed,14,5,0.0,0.0,,0,0,6,4.1000000000000085,27.0
1618,1987,2.0,imola,,0.0,False,0.0,False,nannini,Italian,minardi,15,21,0.0,0.0,19.0,0,0,12,4.6000000000000085,27.0
1616,1987,2.0,imola,True,0.0,False,0.0,False,campos,Spanish,minardi,16,19,0.0,0.0,0.0,0,0,12,5.299999999999997,26.0
1604,1987,2.0,imola,True,0.0,False,0.0,False,danner,German,zakspeed,Auto%#,7,0.0,0.0,9.0,0,,6,6.0,29.0
1622,1987,2.0,imola,True,0.0,False,0.0,False,ghinzani,Italian,ligier,18,25,0.0,0.0,0.0,0,0,0,6.0,35.0
1609,1987,2.0,imola,True,0.0,False,0.0,False,caffi,Italian,osella,19,12,0.0,0.0,18.0,0,0,11,6.1000000000000085,23.0
1605,1987,2.0,imola,True,0.0,False,0.0,False,streiff,French,tyrrell,20,8,0.0,0.0,11.0,0,0,7,6.400000000000006,31.0
1607,1987,2.0,imola,True,0.0,False,0.0,,alliot,French,larrousse,21,10,0.0,0.0,0.0,0,0,0,6.5,32.0
1619,1987,2.0,imola,True,0.0,False,0.0,False,capelli,Italian,march,22,22,0.0,0.0,,0,0,13,7.400000000000006,23.0
1614,1987,2.0,imola,True,0.0,False,0.0,False,palmer,,tyrrell,23,17,0.0,0.0,10.0,0,0,7,8.0,30.0
1610,1987,2.0,imola,True,0.0,False,0.0,False,fabre,French,ags,24,13,0.0,0.0,12.0,0,0,8,8.100000000000009,27.0
1617,1987,2.0,imola,True,0.0,False,0.0,False,tarquini,Italian,osella,25,20,0.0,0.0,0.0,0,0,11,8.799999999999997,25.0
1636,1987,3.0,spa,False,1.0,Auto%#,0.0,True,mansell,British,williams,1,14,10.0,1.0,,16,1,1,0.0,33.0
1639,1987,3.0,spa,False,1.0,False,0.0,True,piquet,Brazilian,williams,,17,6.0,0.0,,16,1,1,1.4000000000000057,34.0
1637,1987,3.0,spa,False,1.0,False,0.0,True,senna,Brazilian,team_lotus,,15,6.0,0.0,,7,0,3,1.4000000000000057,27.0
1645,1987,3.0,spa,False,1.0,False,0.0,True,berger,Austrian,ferrari,4,23,3.0,0.0,7.0,7,0,4,1.5,27.0
1641,1987,3.0,spa,False,1.0,False,0.0,True,alboreto,Italian,ferrari,5,19,,0.0,6.0,7,0,4,1.5,30.0
1623,1987,3.0,spa,False,1.0,False,0.0,True,prost,French,mclaren,6,1,9.0,,2.0,16,1,2,2.200000000000003,32.0
1635,1987,3.0,spa,False,1.0,False,0.0,True,boutsen,Belgian,benetton,7,13,2.0,0.0,8.0,2,0,6,2.299999999999997,29.0
1644,1987,3.0,spa,False,1.0,False,0.0,True,patrese,Italian,brabham,8,22,0.0,0.0,13.0,0,0,8,3.0999999999999943,33.0
1633,1987,3.0,spa,False,1.0,False,0.0,True,fabi,Italian,benetton,,11,0.0,0.0,20.0,2,0,6,3.299999999999997,32.0
,,,spa,False,1.0,False,0.0,True,johansson,Swedish,mclaren,10,2,7.0,0.0,3.0,16,1,2,3.799999999999997,30.0
1626,1987,3.0,spa,False,1.0,False,0.0,True,cheever,American,arrows,11,4,0.0,0.0,19.0,0,0,10,,29.0
1643,1987,3.0,spa,,1.0,False,0.0,True,warwick,British,arrows,12,21,0.0,,16.0,0,0,10,4.400000000000006,32.0
1625,1987,,spa,False,1.0,False,0.0,True,cesaris,Italian,brabham,13,3,0.0,0.0,21.0,0,0,8,5.099999999999994,27.0
1646,1987,3.0,spa,False,1.0,False,0.0,True,nannini,Italian,minardi,14,24,0.0,0.0,22.0,0,0,13,6.099999999999994,27.0
1627,1987,3.0,spa,False,1.0,False,0.0,True,satoru_nakajima,Japanese,team_lotus,15,5,1.0,0.0,10.0,7,0,3,6.599999999999994,34.0
1628,1987,3.0,spa,False,1.0,False,0.0,True,arnoux,French,ligier,16,6,0.0,0.0,27.0,0,0,15,7.099999999999994,38.0
1629,1987,3.0,spa,False,1.0,False,0.0,True,ghinzani,Italian,ligier,17,7,0.0,0.0,26.0,0,0,15,7.299999999999997,35.0
1634,1987,,spa,False,1.0,False,0.0,True,brundle,British,,18,12,2.0,0.0,9.0,2,0,5,8.400000000000006,27.0
1647,1987,3.0,spa,False,1.0,False,0.0,True,campos,Spanish,minardi,19,25,0.0,0.0,23.0,0,0,13,8.799999999999997,26.0
1642,1987,3.0,spa,False,1.0,False,0.0,True,danner,German,zakspeed,,20,0.0,0.0,11.0,2,0,5,9.099999999999994,29.0
1638,1987,3.0,,False,1.0,False,,True,capelli,Italian,march,21,16,0.0,0.0,25.0,0,0,14,10.0,23.0
1630,1987,3.0,spa,False,1.0,False,0.0,True,alliot,French,larrousse,22,8,0.0,0.0,15.0,0,0,9,10.299999999999995,32.0
1631,1987,3.0,spa,False,1.0,False,0.0,True,streiff,French,tyrrell,23,9,0.0,0.0,12.0,0,,7,11.099999999999994,31.0
1648,1987,3.0,spa,False,1.0,False,,True,palmer,Auto%#,tyrrell,24,26,0.0,0.0,14.0,0,0,7,12.700000000000005,30.0
1632,1987,3.0,spa,False,,False,0.0,True,fabre,French,ags,25,10,0.0,0.0,17.0,0,0,,15.400000000000006,27.0
1640,1987,3.0,spa,False,1.0,False,0.0,True,caffi,Italian,osella,26,18,0.0,0.0,18.0,0,0,12,20.099999999999994,23.0
1669,1987,4.0,monaco,True,0.0,False,0.0,False,mansell,British,williams,1,21,10.0,1.0,3.0,16,1,2,0.0,33.0
1649,1987,4.0,,True,0.0,False,0.0,False,senna,Brazilian,,2,1,6.0,0.0,4.0,9,0,3,0.7000000000000028,27.0
1650,1987,4.0,monaco,True,0.0,False,0.0,False,piquet,Brazilian,williams,3,2,6.0,0.0,5.0,16,1,2,1.7999999999999972,34.0
1657,1987,4.0,monaco,True,0.0,False,0.0,False,prost,French,mclaren,Auto%#,9,18.0,2.0,1.0,31,2,1,2.0999999999999943,32.0
1651,1987,4.0,monaco,True,0.0,Auto%#,,False,alboreto,Italian,ferrari,5,3,4.0,0.0,6.0,7,0,4,3.0999999999999943,30.0
1662,1987,4.0,monaco,True,0.0,False,0.0,False,cheever,American,arrows,6,14,3.0,0.0,8.0,,0,6,3.200000000000003,29.0
1664,1987,4.0,monaco,True,0.0,False,0.0,False,johansson,Swedish,mclaren,7,16,13.0,0.0,2.0,31,2,1,3.299999999999997,30.0
1652,1987,4.0,monaco,True,0.0,False,0.0,False,berger,Austrian,ferrari,8,,3.0,0.0,9.0,7,0,4,3.299999999999997,27.0
1672,1987,4.0,monaco,True,0.0,False,0.0,False,boutsen,Belgian,benetton,9,24,2.0,0.0,12.0,2,0,8,3.5999999999999943,29.0
1666,1987,4.0,monaco,True,0.0,,0.0,False,patrese,Italian,brabham,10,18,0.0,0.0,18.0,4,0,5,3.799999999999997,33.0
1663,1987,4.0,monaco,True,0.0,False,0.0,False,warwick,British,arrows,11,15,0.0,0.0,21.0,3,0,6,,32.0
1656,1987,4.0,monaco,True,0.0,False,0.0,False,fabi,Italian,,12,8,0.0,0.0,23.0,2,0,8,4.599999999999994,32.0
1670,1987,4.0,monaco,True,0.0,False,0.0,,nannini,Italian,minardi,13,22,0.0,0.0,25.0,0,0,15,4.700000000000003,27.0
1655,1987,,monaco,True,0.0,False,0.0,False,brundle,British,zakspeed,14,7,2.0,0.0,11.0,2,0,7,4.900000000000006,27.0
1653,1987,4.0,monaco,True,0.0,False,0.0,False,palmer,British,tyrrell,15,5,0.0,0.0,20.0,0,0,10,5.099999999999994,30.0
1667,1987,4.0,monaco,,0.0,False,0.0,False,caffi,Italian,osella,16,19,0.0,0.0,22.0,0,0,13,5.200000000000003,23.0
1658,1987,4.0,monaco,True,0.0,False,0.0,False,satoru_nakajima,Japanese,team_lotus,17,10,3.0,0.0,10.0,9,0,3,5.900000000000006,34.0
1665,1987,4.0,,True,0.0,False,0.0,Auto%#,alliot,French,larrousse,18,,0.0,0.0,17.0,0,0,11,6.099999999999994,32.0
1654,1987,4.0,monaco,True,0.0,False,0.0,False,,Italian,march,19,6,0.0,0.0,24.0,0,0,14,6.099999999999994,24.0
1660,1987,4.0,monaco,True,0.0,False,0.0,False,ghinzani,Italian,ligier,20,12,0.0,0.0,15.0,1,0,9,,35.0
1668,1987,4.0,monaco,True,0.0,False,0.0,False,cesaris,Italian,brabham,21,20,4.0,0.0,7.0,4,0,5,6.799999999999997,28.0
1659,1987,4.0,monaco,,0.0,False,0.0,False,arnoux,French,ligier,22,11,1.0,0.0,13.0,1,0,9,7.0,38.0
1671,1987,4.0,monaco,True,0.0,False,0.0,False,streiff,French,tyrrell,23,23,0.0,0.0,16.0,0,0,,7.099999999999994,31.0
1661,,4.0,monaco,True,0.0,False,0.0,False,fabre,French,ags,24,,0.0,,19.0,0,0,12,7.799999999999997,27.0
1677,1987,5.0,detroit,True,0.0,False,1.0,False,mansell,British,williams,1,5,10.0,1.0,5.0,22,1,2,0.0,33.0
1673,1987,5.0,detroit,True,0.0,False,1.0,False,senna,Brazilian,team_lotus,2,1,15.0,1.0,2.0,18,1,3,1.2999999999999972,27.0
,1987,5.0,detroit,True,0.0,False,1.0,False,piquet,Brazilian,williams,3,2,12.0,0.0,4.0,22,1,2,,34.0
1685,1987,5.0,detroit,True,0.0,,1.0,False,boutsen,Belgian,benetton,4,13,,0.0,13.0,2,0,9,2.799999999999997,29.0
1675,,5.0,detroit,True,0.0,False,1.0,False,prost,French,mclaren,5,3,18.0,2.0,,31,2,1,3.1000000000000085,32.0
1678,1987,5.0,detroit,True,0.0,False,1.0,False,cheever,Auto%#,arrows,6,6,3.0,0.0,9.0,3,0,6,3.1000000000000085,29.0
1689,1987,,detroit,True,0.0,False,1.0,False,alboreto,Italian,ferrari,7,17,8.0,0.0,6.0,14,0,4,3.4000000000000057,
1694,1987,5.0,detroit,True,0.0,False,1.0,False,fabi,Italian,benetton,8,22,0.0,0.0,20.0,2,0,9,3.6000000000000085,32.0
1681,1987,5.0,detroit,True,0.0,False,,False,patrese,Italian,brabham,9,9,0.0,0.0,21.0,4,0,5,4.200000000000003,33.0
1692,1987,5.0,detroit,True,0.0,False,1.0,False,,British,arrows,10,Auto%#,0.0,0.0,23.0,3,0,6,4.200000000000003,32.0
1679,1987,5.0,detroit,True,0.0,False,1.0,False,johansson,Swedish,mclaren,11,7,13.0,0.0,3.0,31,2,1,4.5,30.0
1676,1987,5.0,detroit,True,0.0,False,1.0,,berger,Austrian,ferrari,12,4,6.0,0.0,7.0,14,0,4,4.5,27.0
1683,1987,5.0,detroit,True,0.0,False,1.0,False,palmer,British,tyrrell,13,11,2.0,0.0,12.0,2,0,8,5.0,30.0
1687,1987,5.0,detroit,True,0.0,False,1.0,False,streiff,French,tyrrell,14,15,0.0,0.0,18.0,2,0,8,5.700000000000003,31.0
1691,1987,5.0,detroit,True,0.0,False,1.0,False,brundle,British,zakspeed,15,19,,0.0,11.0,2,0,7,6.0,28.0
1680,1987,5.0,detroit,True,,False,1.0,False,danner,German,zakspeed,16,8,0.0,0.0,16.0,2,0,7,6.400000000000006,29.0
1696,1987,5.0,Auto%#,True,0.0,False,1.0,False,cesaris,Italian,brabham,17,24,4.0,0.0,8.0,4,0,5,6.700000000000003,28.0
1690,1987,5.0,detroit,True,0.0,False,1.0,False,nannini,Italian,minardi,18,18,0.0,0.0,,0,0,15,6.799999999999997,27.0
1695,1987,5.0,detroit,True,0.0,False,1.0,False,caffi,Italian,osella,19,23,0.0,0.0,24.0,0,0,14,6.799999999999997,23.0
1688,1987,5.0,detroit,True,0.0,,1.0,False,alliot,French,larrousse,20,16,0.0,0.0,19.0,,0,12,6.900000000000006,32.0
1682,1987,5.0,detroit,True,0.0,False,1.0,False,arnoux,French,ligier,21,10,1.0,0.0,14.0,1,,10,6.900000000000006,38.0
1693,1987,5.0,detroit,True,0.0,False,1.0,False,capelli,Italian,march,22,21,,,15.0,1,0,11,7.0,24.0
1686,1987,,detroit,True,0.0,False,1.0,False,ghinzani,Italian,ligier,23,14,0.0,0.0,17.0,1,0,10,8.200000000000003,35.0
1698,1987,5.0,detroit,True,0.0,False,1.0,False,satoru_nakajima,Japanese,team_lotus,24,26,3.0,0.0,10.0,18,,3,9.5,34.0
1697,,5.0,detroit,True,,False,1.0,False,campos,Spanish,minardi,25,25,0.0,0.0,26.0,0,0,15,11.200000000000005,27.0
1684,1987,5.0,detroit,True,0.0,False,1.0,False,fabre,Auto%#,Auto%#,26,12,0.0,0.0,22.0,0,0,,14.299999999999995,27.0
1699,1987,6.0,ricard,True,0.0,False,0.0,False,mansell,British,williams,1,1,12.0,1.0,5.0,30,1,2,0.0,33.0
1701,1987,6.0,,True,0.0,False,0.0,False,prost,French,mclaren,2,3,22.0,2.0,2.0,35,2,1,0.4000000000000057,32.0
1702,1987,6.0,ricard,True,0.0,False,0.0,False,senna,Brazilian,team_lotus,3,4,24.0,2.0,1.0,27,2,3,0.5,27.0
1700,1987,6.0,ricard,True,0.0,False,0.0,False,piquet,Brazilian,williams,4,2,,0.0,3.0,30,1,2,0.5999999999999943,34.0
1716,1987,6.0,ricard,True,0.0,False,0.0,False,boutsen,Belgian,benetton,5,18,2.0,0.0,13.0,2,0,9,1.5999999999999943,29.0
1708,1987,,ricard,True,0.0,False,0.0,False,berger,Austrian,ferrari,6,10,9.0,0.0,6.0,17,0,4,1.7000000000000028,27.0
1703,1987,6.0,ricard,True,,False,0.0,False,fabi,Italian,benetton,7,5,0.0,0.0,20.0,2,0,9,1.7999999999999972,32.0
,1987,6.0,ricard,True,0.0,False,0.0,False,alboreto,Italian,ferrari,8,12,8.0,0.0,7.0,17,0,4,1.9000000000000057,30.0
1706,1987,6.0,ricard,True,0.0,False,0.0,,johansson,Swedish,mclaren,9,8,13.0,0.0,4.0,35,2,1,2.0999999999999943,30.0
1711,1987,6.0,ricard,True,0.0,False,0.0,False,warwick,British,Auto%#,10,Auto%#,0.0,0.0,23.0,4,0,6,2.299999999999997,32.0
1723,1987,6.0,ricard,True,,False,0.0,False,cesaris,Italian,brabham,11,25,4.0,0.0,8.0,4,0,5,2.4000000000000057,28.0
1720,1987,6.0,ricard,True,0.0,False,,False,patrese,Italian,brabham,12,22,0.0,0.0,21.0,4,0,5,2.5,33.0
1715,1987,6.0,ricard,True,0.0,False,0.0,False,arnoux,,ligier,13,17,1.0,0.0,14.0,1,0,10,2.9000000000000057,39.0
1724,1987,6.0,ricard,True,0.0,False,0.0,False,cheever,American,arrows,14,26,4.0,0.0,9.0,4,0,Auto%#,,29.0
1719,1987,6.0,ricard,,0.0,False,0.0,False,nannini,Auto%#,minardi,15,21,0.0,0.0,25.0,0,0,15,3.4000000000000057,27.0
1709,1987,,ricard,True,0.0,,0.0,False,satoru_nakajima,Japanese,team_lotus,Auto%#,11,,,10.0,27,2,3,4.200000000000003,34.0
1718,1987,6.0,ricard,True,0.0,False,0.0,False,ghinzani,Italian,ligier,17,20,0.0,0.0,17.0,,0,10,4.299999999999997,35.0
1721,1987,6.0,ricard,True,0.0,False,0.0,False,brundle,British,zakspeed,18,23,2.0,0.0,11.0,2,0,7,4.700000000000003,28.0
1717,1987,6.0,ricard,True,0.0,,0.0,False,danner,German,zakspeed,19,19,0.0,,16.0,2,0,7,4.900000000000006,29.0
1722,1987,6.0,ricard,True,0.0,False,0.0,False,caffi,Italian,,20,24,0.0,,24.0,,0,14,5.700000000000003,23.0
1714,1987,6.0,ricard,,0.0,False,0.0,False,campos,Spanish,minardi,21,16,0.0,0.0,26.0,0,0,15,6.099999999999994,27.0
1713,1987,6.0,ricard,True,0.0,False,0.0,False,capelli,Italian,march,22,15,1.0,0.0,15.0,1,0,11,6.200000000000003,24.0
1712,1987,6.0,ricard,True,0.0,False,0.0,False,alliot,French,larrousse,23,14,0.0,0.0,19.0,0,0,12,6.5,32.0
1705,1987,6.0,ricard,True,0.0,False,0.0,False,palmer,,tyrrell,24,7,2.0,0.0,12.0,2,0,8,6.900000000000006,30.0
1704,1987,6.0,ricard,True,0.0,False,0.0,False,streiff,French,tyrrell,25,Auto%#,0.0,0.0,,2,0,8,7.0,32.0
1707,1987,6.0,ricard,True,0.0,False,0.0,False,fabre,French,ags,26,9,0.0,0.0,22.0,0,0,13,8.200000000000003,27.0
1726,1987,7.0,silverstone,True,0.0,False,0.0,False,piquet,Brazilian,williams,1,2,24.0,0.0,3.0,45,2,1,0.0,34.0
1725,1987,7.0,silverstone,True,0.0,False,0.0,False,mansell,British,williams,2,1,21.0,2.0,4.0,45,2,1,0.1000000000000085,33.0
1727,1987,7.0,silverstone,True,0.0,False,0.0,False,senna,Brazilian,team_lotus,3,3,27.0,2.0,1.0,30,2,3,1.1000000000000083,27.0
,1987,7.0,silverstone,True,0.0,False,0.0,,prost,French,Auto%#,4,12,26.0,2.0,2.0,39,2,Auto%#,1.5,32.0
1731,1987,7.0,silverstone,True,0.0,False,0.0,False,boutsen,Belgian,benetton,5,7,2.0,0.0,14.0,4,0,7,1.9000000000000057,29.0
1730,1987,7.0,silverstone,True,0.0,False,0.0,False,fabi,Italian,benetton,6,6,2.0,0.0,13.0,4,0,7,2.1000000000000085,32.0
1737,1987,7.0,silverstone,True,0.0,False,0.0,False,alboreto,Italian,ferrari,7,13,8.0,0.0,7.0,17,,4,2.200000000000003,30.0
1747,1987,7.0,silverstone,True,0.0,False,0.0,False,berger,Austrian,ferrari,8,22,9.0,,6.0,17,0,4,,27.0
1746,1987,7.0,silverstone,True,0.0,,0.0,False,cesaris,Italian,brabham,9,21,4.0,0.0,8.0,4,0,5,2.4000000000000057,28.0
1744,1987,7.0,silverstone,True,0.0,False,,False,johansson,Swedish,mclaren,10,19,13.0,0.0,,39,2,2,2.4000000000000057,30.0
1743,1987,7.0,silverstone,True,0.0,False,0.0,False,patrese,Italian,brabham,11,18,0.0,0.0,21.0,4,0,5,2.9000000000000057,33.0
1728,1987,7.0,,True,0.0,False,0.0,False,satoru_nakajima,Japanese,team_lotus,12,4,3.0,0.0,10.0,30,2,3,3.5,34.0
1729,1987,7.0,silverstone,True,0.0,False,0.0,False,warwick,British,arrows,13,5,0.0,0.0,23.0,4,0,6,3.6000000000000085,32.0
1738,1987,7.0,silverstone,True,,False,0.0,False,cheever,American,arrows,14,14,4.0,0.0,,4,0,6,4.0,29.0
1745,1987,7.0,,True,0.0,False,0.0,False,nannini,Italian,minardi,15,20,0.0,0.0,26.0,0,0,15,5.200000000000003,
1749,1987,7.0,silverstone,True,0.0,False,0.0,False,arnoux,French,Auto%#,16,24,1.0,0.0,16.0,1,0,10,5.300000000000011,39.0
1735,1987,7.0,silverstone,True,0.0,False,0.0,False,,British,zakspeed,17,11,2.0,0.0,12.0,2,0,9,5.5,28.0
1742,1987,7.0,silverstone,True,0.0,False,,False,danner,,zakspeed,18,17,0.0,0.0,18.0,2,0,9,,29.0
1739,1987,7.0,silverstone,True,0.0,False,0.0,False,campos,Spanish,minardi,19,15,0.0,0.0,25.0,0,0,15,6.300000000000011,27.0
1740,1987,7.0,silverstone,True,0.0,False,0.0,False,ghinzani,Auto%#,ligier,19,26,0.0,0.0,19.0,1,0,10,6.300000000000011,35.0
1741,1987,7.0,silverstone,True,0.0,False,0.0,False,caffi,Italian,osella,20,16,0.0,0.0,24.0,0,0,14,6.700000000000003,23.0
1748,1987,7.0,silverstone,True,0.0,False,0.0,False,alliot,French,larrousse,21,23,0.0,,20.0,0,0,12,8.5,32.0
1734,1987,7.0,silverstone,True,0.0,False,0.0,False,streiff,French,tyrrell,22,10,1.0,0.0,15.0,3,0,8,8.800000000000011,32.0
1732,1987,7.0,silverstone,True,0.0,False,0.0,False,palmer,British,tyrrell,23,8,2.0,0.0,11.0,3,0,8,9.400000000000006,30.0
1750,1987,7.0,silverstone,True,0.0,False,0.0,False,capelli,Italian,march,24,25,1.0,0.0,17.0,,0,11,9.5,24.0
1733,1987,7.0,silverstone,True,0.0,False,0.0,False,fabre,French,ags,,9,0.0,0.0,22.0,0,0,13,9.600000000000009,27.0
1762,1987,8.0,hockenheimring,False,0.0,False,0.0,False,mansell,British,williams,1,12,30.0,3.0,2.0,60,3,1,0.0,33.0
1753,1987,8.0,,False,0.0,False,0.0,False,senna,Brazilian,team_lotus,2,3,31.0,2.0,1.0,37,2,3,0.3000000000000113,27.0
1757,1987,8.0,hockenheimring,False,0.0,False,0.0,Auto%#,prost,French,,Auto%#,7,26.0,2.0,,39,2,2,0.6000000000000085,32.0
1751,1987,8.0,hockenheimring,False,0.0,False,0.0,False,piquet,Brazilian,williams,4,1,30.0,0.0,3.0,60,3,1,1.1000000000000083,34.0
1770,1987,8.0,hockenheimring,False,0.0,False,0.0,False,alboreto,Italian,ferrari,5,20,8.0,0.0,7.0,17,0,4,1.3000000000000114,30.0
1761,,8.0,hockenheimring,False,0.0,False,0.0,False,boutsen,Belgian,benetton,6,11,2.0,0.0,14.0,5,0,6,2.5,30.0
1769,1987,8.0,Auto%#,False,0.0,False,0.0,False,cesaris,Italian,brabham,7,19,4.0,0.0,9.0,4,0,7,2.800000000000012,28.0
1752,1987,8.0,hockenheimring,False,0.0,False,0.0,False,johansson,Swedish,mclaren,8,,13.0,0.0,5.0,,2,Auto%#,2.800000000000012,30.0
1767,1987,8.0,hockenheimring,False,0.0,False,0.0,False,fabi,,benetton,9,17,3.0,0.0,11.0,5,0,6,2.9000000000000057,32.0
1766,1987,8.0,hockenheimring,False,0.0,False,0.0,False,berger,Austrian,ferrari,10,16,9.0,0.0,6.0,17,0,,3.300000000000012,27.0
1776,1987,8.0,hockenheimring,False,0.0,False,,False,patrese,Italian,brabham,11,26,0.0,0.0,23.0,4,0,7,3.5,33.0
1775,1987,8.0,hockenheimring,False,0.0,False,0.0,False,arnoux,French,ligier,12,25,1.0,0.0,17.0,1,0,10,,39.0
1764,1987,8.0,hockenheimring,False,0.0,False,,False,warwick,British,arrows,13,14,2.0,0.0,15.0,6,0,5,3.9000000000000057,32.0
1773,1987,8.0,hockenheimring,False,0.0,False,0.0,False,satoru_nakajima,Japanese,team_lotus,14,23,6.0,0.0,8.0,37,2,3,4.200000000000003,34.0
1772,1987,8.0,hockenheimring,False,0.0,False,0.0,False,cheever,American,arrows,,22,4.0,0.0,10.0,6,0,5,5.200000000000003,
1763,1987,8.0,hockenheimring,False,0.0,False,0.0,False,nannini,Italian,minardi,16,13,0.0,0.0,26.0,0,0,15,5.300000000000011,28.0
1759,1987,8.0,hockenheimring,False,0.0,False,0.0,False,ghinzani,Italian,ligier,17,9,0.0,0.0,20.0,1,0,10,6.6000000000000085,35.0
1760,1987,8.0,hockenheimring,False,0.0,Auto%#,0.0,False,campos,Spanish,minardi,18,10,0.0,0.0,25.0,0,0,15,,27.0
1758,1987,8.0,hockenheimring,False,,False,0.0,False,brundle,,zakspeed,19,8,2.0,0.0,,2,0,9,8.5,28.0
1765,1987,8.0,hockenheimring,False,0.0,False,0.0,False,danner,German,zakspeed,20,15,0.0,0.0,19.0,2,0,9,8.800000000000011,29.0
1756,1987,8.0,hockenheimring,False,0.0,False,0.0,False,alliot,French,larrousse,,6,0.0,0.0,21.0,0,0,12,10.200000000000005,32.0
1754,1987,8.0,hockenheimring,False,0.0,False,0.0,False,streiff,French,tyrrell,22,4,1.0,0.0,16.0,3,0,8,,32.0
1755,1987,8.0,hockenheimring,False,0.0,False,0.0,False,palmer,British,tyrrell,23,5,2.0,0.0,12.0,3,0,8,11.900000000000006,30.0
1774,1987,8.0,hockenheimring,False,,False,0.0,False,capelli,Italian,march,24,24,1.0,0.0,18.0,1,0,11,12.0,24.0
1771,1987,8.0,hockenheimring,False,0.0,False,0.0,False,fabre,French,ags,25,21,,0.0,22.0,0,0,13,12.400000000000006,27.0
1768,1987,8.0,hockenheimring,False,0.0,False,0.0,False,,Italian,osella,26,18,0.0,0.0,24.0,0,0,14,25.200000000000003,23.0
1790,1987,9.0,hungaroring,False,0.0,True,,False,mansell,British,williams,1,14,30.0,3.0,3.0,69,4,1,0.0,34.0
1800,1987,9.0,hungaroring,False,0.0,True,0.0,False,berger,Austrian,ferrari,2,24,9.0,0.0,6.0,17,0,4,0.5,27.0
1777,1987,9.0,hungaroring,False,0.0,True,0.0,False,piquet,Brazilian,williams,3,1,39.0,1.0,1.0,69,4,1,1.7000000000000028,34.0
1779,1987,9.0,hungaroring,False,0.0,True,0.0,False,prost,French,mclaren,4,3,26.0,2.0,4.0,45,2,2,2.200000000000003,32.0
1795,1987,,hungaroring,False,0.0,True,0.0,False,alboreto,Italian,ferrari,Auto%#,19,8.0,0.0,7.0,17,0,4,2.299999999999997,30.0
1778,1987,9.0,hungaroring,False,0.0,True,,False,senna,Brazilian,team_lotus,6,2,35.0,2.0,2.0,41,2,3,2.4000000000000057,
1780,1987,9.0,hungaroring,,0.0,True,0.0,False,boutsen,Belgian,benetton,7,4,2.0,0.0,15.0,5,0,7,2.700000000000003,30.0
1797,1987,9.0,hungaroring,False,0.0,True,0.0,False,johansson,Swedish,mclaren,8,21,19.0,0.0,5.0,45,2,2,3.200000000000003,30.0
1782,1987,9.0,hungaroring,False,0.0,True,0.0,False,warwick,British,arrows,9,6,2.0,0.0,16.0,6,,6,3.4000000000000057,32.0
1781,1987,9.0,hungaroring,False,0.0,True,0.0,False,patrese,Italian,brabham,10,5,0.0,0.0,23.0,4,0,8,3.5999999999999943,33.0
1784,1987,9.0,hungaroring,False,0.0,True,0.0,False,cheever,American,,11,,4.0,0.0,11.0,6,0,6,4.299999999999997,29.0
1798,1987,9.0,hungaroring,False,0.0,True,0.0,False,fabi,Italian,benetton,12,22,3.0,0.0,13.0,5,,7,4.5,32.0
1796,1987,9.0,hungaroring,False,0.0,True,0.0,False,cesaris,Italian,brabham,13,Auto%#,,0.0,9.0,4,0,8,4.599999999999994,28.0
,1987,9.0,hungaroring,False,0.0,True,0.0,False,streiff,French,tyrrell,14,9,4.0,0.0,10.0,8,0,5,5.599999999999994,32.0
1793,1987,9.0,hungaroring,False,0.0,True,0.0,False,alliot,French,larrousse,15,17,1.0,0.0,17.0,1,0,11,5.799999999999997,33.0
1783,1987,9.0,hungaroring,False,0.0,True,0.0,False,palmer,British,tyrrell,16,7,4.0,0.0,12.0,8,0,5,5.900000000000006,30.0
1802,1987,9.0,Auto%#,False,0.0,True,0.0,False,satoru_nakajima,Japanese,Auto%#,17,26,6.0,0.0,8.0,41,2,3,6.299999999999997,34.0
1786,1987,9.0,hungaroring,False,,True,0.0,False,capelli,Italian,march,18,10,1.0,0.0,19.0,1,0,12,6.400000000000006,24.0
1792,1987,9.0,hungaroring,False,0.0,True,0.0,False,arnoux,French,ligier,19,16,1.0,0.0,18.0,1,0,10,6.5,39.0
1787,1987,9.0,hungaroring,False,0.0,True,0.0,False,nannini,Italian,minardi,20,11,0.0,0.0,26.0,0,0,15,6.799999999999997,28.0
1791,1987,9.0,hungaroring,False,0.0,True,0.0,False,caffi,Italian,osella,21,15,0.0,0.0,24.0,0,0,14,7.599999999999994,23.0
1794,1987,9.0,hungaroring,,0.0,True,,False,brundle,British,zakspeed,22,18,2.0,0.0,14.0,2,0,Auto%#,7.799999999999997,28.0
1801,1987,9.0,hungaroring,False,0.0,True,,False,danner,German,zakspeed,23,25,,0.0,20.0,2,0,9,,29.0
1799,1987,9.0,hungaroring,False,0.0,True,0.0,False,campos,Spanish,,24,23,0.0,0.0,25.0,0,0,15,8.099999999999994,27.0
1788,1987,9.0,hungaroring,,0.0,True,0.0,False,ghinzani,Auto%#,ligier,25,,0.0,0.0,21.0,1,0,10,8.099999999999994,35.0
1789,1987,9.0,hungaroring,False,,True,0.0,False,fabre,French,ags,26,13,0.0,0.0,22.0,0,0,13,9.700000000000005,27.0
1804,1987,10.0,osterreichring,False,0.0,True,,False,piquet,Brazilian,williams,1,2,48.0,2.0,1.0,78,5,1,0.0,34.0
1803,1987,10.0,osterreichring,False,0.0,True,0.0,False,mansell,British,williams,2,1,30.0,3.0,3.0,78,5,1,0.0999999999999943,34.0
1824,1987,10.0,osterreichring,False,0.0,True,0.0,False,berger,Austrian,ferrari,3,22,,0.0,,17,0,,0.7999999999999972,27.0
1806,1987,10.0,,False,0.0,True,0.0,False,boutsen,Belgian,benetton,4,4,5.0,0.0,9.0,8,0,,0.8999999999999915,30.0
1805,1987,10.0,osterreichring,False,0.0,True,0.0,False,fabi,Italian,benetton,5,3,3.0,0.0,14.0,8,0,6,1.6999999999999886,32.0
1820,1987,10.0,osterreichring,False,0.0,True,0.0,False,alboreto,Italian,ferrari,6,18,8.0,0.0,7.0,17,0,4,1.6999999999999886,30.0
1807,1987,10.0,osterreichring,False,0.0,True,0.0,False,senna,Brazilian,team_lotus,7,5,41.0,2.0,2.0,47,2,3,2.0999999999999943,27.0
1819,1987,10.0,osterreichring,False,0.0,True,0.0,False,patrese,Italian,brabham,8,17,2.0,0.0,17.0,6,0,8,2.3999999999999915,33.0
1808,1987,10.0,osterreichring,False,0.0,Auto%#,0.0,False,prost,French,mclaren,9,6,30.0,2.0,4.0,49,2,2,2.799999999999997,32.0
1821,1987,10.0,,False,,True,0.0,False,cesaris,Italian,brabham,10,19,4.0,0.0,10.0,6,0,8,4.299999999999997,28.0
1822,,10.0,osterreichring,False,0.0,True,0.0,False,warwick,British,arrows,11,20,3.0,0.0,15.0,7,0,7,4.399999999999992,32.0
1823,1987,10.0,osterreichring,False,0.0,True,0.0,False,cheever,American,arrows,12,,4.0,0.0,12.0,7,0,7,5.0,29.0
1815,1987,,osterreichring,False,0.0,True,0.0,False,satoru_nakajima,Japanese,team_lotus,13,13,6.0,0.0,8.0,47,2,3,5.399999999999992,34.0
1809,1987,10.0,Auto%#,False,0.0,True,0.0,False,johansson,Swedish,mclaren,14,7,19.0,0.0,5.0,49,2,2,5.599999999999994,30.0
1826,1987,10.0,osterreichring,False,0.0,True,0.0,Auto%#,nannini,Italian,minardi,15,24,0.0,,24.0,0,0,14,6.0,28.0
1812,1987,10.0,osterreichring,,0.0,True,0.0,Auto%#,arnoux,French,ligier,16,10,1.0,0.0,,1,,10,6.299999999999997,39.0
1817,1987,10.0,osterreichring,False,0.0,True,0.0,False,brundle,British,zakspeed,17,15,2.0,0.0,16.0,2,0,9,6.5,28.0
,1987,10.0,osterreichring,False,0.0,True,0.0,False,ghinzani,Italian,ligier,18,8,0.0,0.0,22.0,1,0,10,,35.0
1825,1987,10.0,osterreichring,False,0.0,True,0.0,False,campos,Spanish,minardi,19,23,0.0,0.0,26.0,0,0,14,7.399999999999991,27.0
1811,1987,10.0,osterreichring,False,0.0,True,0.0,False,danner,German,zakspeed,20,9,0.0,0.0,,2,0,9,7.599999999999994,29.0
1827,1987,10.0,osterreichring,False,0.0,True,0.0,False,caffi,Italian,osella,21,25,0.0,0.0,25.0,,0,15,8.899999999999991,23.0
1814,1987,10.0,osterreichring,False,0.0,True,0.0,False,alliot,French,larrousse,22,12,1.0,0.0,18.0,1,0,11,10.299999999999995,33.0
1813,1987,10.0,osterreichring,,0.0,True,0.0,Auto%#,capelli,Italian,march,Auto%#,11,1.0,0.0,20.0,1,0,12,10.799999999999995,24.0
1816,1987,10.0,osterreichring,False,0.0,True,0.0,False,palmer,British,tyrrell,24,14,4.0,0.0,13.0,8,0,5,11.199999999999989,30.0
1828,1987,10.0,osterreichring,False,0.0,True,0.0,False,streiff,French,tyrrell,25,26,4.0,0.0,,8,0,5,11.899999999999991,32.0
1818,1987,10.0,osterreichring,False,0.0,True,0.0,False,fabre,French,ags,26,16,0.0,0.0,23.0,0,0,13,17.19999999999999,27.0
1829,1987,11.0,monza,False,0.0,True,0.0,False,piquet,,williams,1,1,54.0,2.0,1.0,93,6,1,0.0,35.0
1831,1987,11.0,monza,False,0.0,True,0.0,False,mansell,British,williams,2,3,39.0,4.0,3.0,93,6,1,0.0999999999999943,34.0
1832,1987,11.0,monza,False,0.0,True,0.0,False,berger,Austrian,ferrari,3,4,9.0,0.0,6.0,17,0,4,0.4000000000000057,28.0
1830,1987,11.0,monza,False,0.0,True,0.0,False,senna,Brazilian,team_lotus,4,2,43.0,2.0,2.0,49,2,3,1.4000000000000057,27.0
1843,1987,11.0,monza,False,0.0,True,0.0,False,prost,French,mclaren,5,,31.0,2.0,4.0,50,2,2,1.4000000000000057,32.0
1833,1987,11.0,monza,False,0.0,True,,False,boutsen,Auto%#,benetton,6,5,8.0,0.0,8.0,,0,5,1.5,30.0
1835,1987,11.0,monza,False,0.0,True,0.0,False,fabi,Italian,benetton,7,7,7.0,0.0,9.0,15,0,5,1.5,32.0
,1987,11.0,monza,False,0.0,True,0.0,False,alboreto,Italian,ferrari,8,23,8.0,0.0,7.0,17,0,4,1.7000000000000028,30.0
1854,1987,11.0,,False,0.0,True,,False,patrese,Italian,brabham,9,26,2.0,0.0,17.0,6,0,8,2.0,33.0
1853,1987,11.0,monza,False,,True,0.0,False,cesaris,Italian,brabham,10,25,4.0,0.0,11.0,,0,8,3.299999999999997,28.0
1834,1987,11.0,monza,False,0.0,True,0.0,False,johansson,Swedish,mclaren,11,6,19.0,0.0,5.0,50,2,2,3.5,30.0
1852,1987,11.0,monza,False,0.0,True,,False,warwick,British,arrows,12,24,3.0,0.0,15.0,7,0,7,4.0,33.0
1848,1987,11.0,monza,False,0.0,True,,False,cheever,American,arrows,13,20,4.0,0.0,13.0,7,0,7,4.5,29.0
1839,1987,11.0,monza,False,0.0,True,0.0,False,satoru_nakajima,,team_lotus,14,11,6.0,0.0,10.0,49,2,3,4.700000000000003,34.0
1838,1987,11.0,monza,False,0.0,True,0.0,False,arnoux,French,ligier,15,10,1.0,0.0,19.0,1,0,10,5.400000000000006,39.0
1837,1987,11.0,monza,False,0.0,True,0.0,False,danner,German,zakspeed,Auto%#,,0.0,0.0,21.0,2,0,9,6.0,29.0
1845,1987,11.0,monza,False,0.0,True,,False,brundle,British,zakspeed,17,17,2.0,0.0,16.0,2,0,9,6.200000000000003,28.0
1844,1987,11.0,monza,False,0.0,Auto%#,0.0,False,nannini,Italian,minardi,18,16,0.0,0.0,24.0,0,0,14,6.200000000000003,28.0
1836,1987,11.0,monza,False,0.0,True,0.0,False,ghinzani,Italian,ligier,19,8,0.0,0.0,22.0,1,0,10,6.400000000000006,35.0
1847,1987,11.0,monza,False,0.0,True,0.0,False,campos,Spanish,minardi,20,19,0.0,0.0,26.0,0,0,14,7.299999999999997,27.0
1850,1987,11.0,monza,False,0.0,True,0.0,False,,Italian,osella,21,22,0.0,0.0,25.0,0,,15,7.5,23.0
1842,1987,11.0,monza,False,0.0,True,0.0,False,palmer,British,tyrrell,22,14,4.0,0.0,14.0,8,0,6,9.5,30.0
1846,1987,11.0,,False,0.0,True,0.0,False,alliot,French,larrousse,23,18,1.0,0.0,18.0,1,0,11,9.700000000000005,33.0
1840,1987,,monza,False,0.0,True,0.0,False,streiff,French,tyrrell,24,12,4.0,0.0,12.0,8,0,6,9.799999999999995,32.0
1841,1987,11.0,monza,False,0.0,True,0.0,False,capelli,Italian,march,25,13,1.0,0.0,20.0,1,0,12,9.799999999999995,24.0
1849,1987,11.0,monza,False,0.0,True,0.0,False,forini,Swiss,osella,26,21,0.0,0.0,0.0,0,0,15,10.299999999999995,28.0
1856,1987,,estoril,False,0.0,True,0.0,False,berger,Austrian,ferrari,Auto%#,2,12.0,0.0,6.0,20,0,4,0.0,28.0
1878,,12.0,estoril,False,0.0,True,0.0,False,mansell,British,williams,,24,43.0,4.0,3.0,,7,1,0.4000000000000057,34.0
1855,1987,12.0,estoril,False,0.0,True,0.0,False,prost,French,mclaren,3,1,31.0,2.0,4.0,51,2,3,0.4000000000000057,32.0
1857,1987,12.0,estoril,False,0.0,True,0.0,,piquet,Brazilian,williams,4,3,63.0,3.0,1.0,106,7,1,0.6000000000000085,35.0
1861,1987,12.0,estoril,False,0.0,True,0.0,False,senna,Brazilian,team_lotus,5,7,49.0,2.0,2.0,55,2,2,0.8000000000000114,27.0
1870,1987,12.0,estoril,False,0.0,True,0.0,False,alboreto,Italian,ferrari,6,16,8.0,0.0,8.0,20,0,4,0.9000000000000057,30.0
1879,1987,12.0,estoril,False,0.0,True,0.0,False,patrese,Italian,brabham,7,25,,0.0,17.0,6,0,8,2.4000000000000057,33.0
1859,1987,12.0,estoril,False,0.0,True,0.0,False,johansson,Swedish,mclaren,8,5,20.0,0.0,5.0,51,2,3,2.5,31.0
1868,1987,12.0,estoril,False,0.0,True,0.0,False,boutsen,Belgian,benetton,9,14,10.0,0.0,7.0,17,0,5,2.700000000000003,30.0
1858,1987,12.0,estoril,False,0.0,True,0.0,False,fabi,Italian,Auto%#,10,4,7.0,0.0,9.0,17,0,5,2.9000000000000057,32.0
1860,1987,12.0,estoril,False,0.0,True,0.0,False,cheever,American,arrows,11,6,,0.0,13.0,7,0,7,3.6000000000000085,29.0
1867,1987,12.0,estoril,False,0.0,True,0.0,False,warwick,British,arrows,12,13,3.0,0.0,15.0,7,0,7,3.8000000000000114,33.0
1869,1987,12.0,estoril,False,0.0,True,0.0,False,cesaris,Italian,brabham,13,15,,0.0,11.0,6,0,8,4.1000000000000085,28.0
1865,1987,12.0,estoril,False,0.0,True,0.0,False,nannini,Italian,minardi,14,11,0.0,0.0,24.0,0,0,14,4.200000000000003,28.0
1862,1987,12.0,estoril,False,0.0,True,0.0,False,satoru_nakajima,Japanese,team_lotus,15,8,6.0,0.0,10.0,55,2,2,4.6000000000000085,34.0
1880,1987,12.0,estoril,False,0.0,True,0.0,False,danner,German,zakspeed,16,26,0.0,0.0,22.0,2,0,9,4.800000000000011,29.0
1871,1987,12.0,estoril,False,0.0,True,,False,brundle,British,zakspeed,17,17,2.0,0.0,16.0,2,0,9,4.800000000000011,28.0
1874,1987,12.0,estoril,False,0.0,True,0.0,False,arnoux,French,ligier,18,20,1.0,0.0,19.0,1,0,10,5.6000000000000085,39.0
1873,1987,12.0,estoril,False,0.0,True,0.0,False,alliot,French,larrousse,19,19,1.0,0.0,18.0,1,0,11,6.0,33.0
1877,1987,12.0,estoril,False,0.0,True,0.0,False,campos,Spanish,minardi,20,23,0.0,0.0,26.0,0,0,14,6.0,27.0
1866,1987,12.0,estoril,False,0.0,True,0.0,False,streiff,French,tyrrell,21,12,4.0,0.0,12.0,8,0,Auto%#,6.200000000000003,32.0
1863,1987,12.0,estoril,False,0.0,True,0.0,False,capelli,Italian,march,22,9,1.0,0.0,20.0,1,0,12,6.300000000000011,24.0
1876,1987,12.0,estoril,False,0.0,True,0.0,False,ghinzani,Italian,ligier,23,22,0.0,0.0,21.0,1,0,10,6.5,35.0
1864,1987,12.0,estoril,False,0.0,True,0.0,False,palmer,British,tyrrell,24,10,4.0,0.0,14.0,8,0,6,6.6000000000000085,30.0
1875,1987,12.0,estoril,False,0.0,True,0.0,False,caffi,Italian,osella,25,21,0.0,0.0,25.0,0,0,15,7.200000000000003,23.0
1872,1987,12.0,estoril,False,0.0,True,0.0,False,forini,Swiss,osella,26,18,0.0,0.0,28.0,0,0,15,9.0,28.0
1884,1987,13.0,jerez,True,0.0,False,0.0,False,piquet,Brazilian,williams,1,4,67.0,3.0,1.0,110,7,1,0.0,35.0
1881,1987,13.0,jerez,True,0.0,False,0.0,False,mansell,British,williams,2,1,43.0,4.0,3.0,110,7,1,0.5999999999999943,34.0
1897,1987,13.0,jerez,True,0.0,False,,False,berger,Austrian,ferrari,Auto%#,17,18.0,0.0,6.0,26,0,4,0.7000000000000028,28.0
1895,1987,13.0,jerez,True,0.0,False,0.0,False,alboreto,Italian,ferrari,4,15,8.0,0.0,9.0,26,0,4,1.7000000000000028,30.0
1885,1987,,jerez,True,0.0,False,0.0,False,senna,Brazilian,team_lotus,5,5,49.0,,2.0,55,2,3,1.7999999999999972,27.0
1902,1987,13.0,jerez,True,,False,0.0,False,fabi,Italian,benetton,6,22,10.0,0.0,7.0,20,0,5,2.0,32.0
1882,1987,13.0,jerez,True,0.0,False,0.0,False,prost,,mclaren,7,2,40.0,3.0,4.0,62,3,2,2.0999999999999943,32.0
1896,1987,13.0,jerez,True,0.0,False,0.0,False,boutsen,Belgian,benetton,8,16,10.0,0.0,8.0,20,0,5,2.799999999999997,30.0
1893,1987,13.0,jerez,True,0.0,False,0.0,False,patrese,Italian,brabham,9,13,2.0,0.0,17.0,6,0,8,2.799999999999997,33.0
1903,1987,13.0,jerez,True,0.0,False,0.0,False,cesaris,Italian,brabham,10,23,4.0,0.0,12.0,6,0,8,3.299999999999997,28.0
1883,1987,13.0,jerez,True,,False,0.0,False,johansson,Swedish,mclaren,11,3,22.0,0.0,5.0,62,3,2,3.5999999999999943,31.0
1890,1987,13.0,jerez,True,0.0,Auto%#,0.0,False,warwick,British,arrows,12,10,3.0,0.0,,8,0,,4.200000000000003,33.0
1888,1987,13.0,jerez,True,0.0,False,0.0,False,cheever,American,arrows,13,8,5.0,0.0,11.0,8,0,7,4.599999999999994,29.0
1899,1987,13.0,jerez,True,0.0,False,0.0,False,arnoux,French,ligier,,19,1.0,0.0,20.0,1,0,10,5.700000000000003,39.0
1887,1987,13.0,jerez,True,0.0,False,0.0,False,streiff,French,tyrrell,15,7,4.0,0.0,13.0,8,0,6,5.799999999999997,32.0
1898,1987,13.0,jerez,True,0.0,,0.0,False,palmer,British,tyrrell,16,18,4.0,0.0,14.0,8,0,6,5.900000000000006,30.0
1886,1987,13.0,jerez,True,0.0,False,0.0,False,,French,larrousse,17,6,1.0,0.0,18.0,1,0,11,5.900000000000006,33.0
1889,1987,13.0,jerez,True,0.0,False,0.0,False,satoru_nakajima,Japanese,team_lotus,18,9,6.0,0.0,10.0,55,2,3,5.900000000000006,34.0
1892,1987,13.0,jerez,True,0.0,False,,False,capelli,Italian,march,19,12,1.0,0.0,19.0,1,0,12,6.0,24.0
1891,1987,13.0,jerez,True,0.0,False,0.0,False,brundle,,zakspeed,20,11,2.0,0.0,16.0,2,0,9,6.099999999999994,28.0
1901,1987,13.0,jerez,True,0.0,False,0.0,False,nannini,Italian,minardi,21,21,0.0,0.0,24.0,0,0,14,6.099999999999994,28.0
1900,1987,13.0,jerez,True,0.0,False,0.0,False,danner,German,zakspeed,22,20,0.0,0.0,22.0,2,0,9,,29.0
1904,1987,13.0,jerez,True,0.0,False,0.0,False,ghinzani,Italian,,23,,0.0,0.0,21.0,1,0,10,6.599999999999994,35.0
1894,1987,13.0,jerez,True,0.0,False,0.0,False,campos,Spanish,minardi,24,14,0.0,0.0,26.0,0,0,14,7.0,27.0
1905,1987,13.0,jerez,True,0.0,False,0.0,False,fabre,French,,25,25,0.0,,23.0,0,0,13,8.200000000000003,27.0
1906,1987,13.0,jerez,True,0.0,False,0.0,False,larini,Italian,coloni,26,26,0.0,0.0,29.0,0,0,16,8.5,23.0
1907,1987,14.0,rodriguez,True,0.0,False,0.0,False,mansell,British,williams,1,1,52.0,5.0,2.0,122,8,1,0.0,34.0
1925,1987,14.0,rodriguez,True,0.0,False,0.0,False,berger,Austrian,ferrari,2,18,18.0,0.0,6.0,,0,4,0.0,28.0
1908,,14.0,rodriguez,True,0.0,False,0.0,False,piquet,Brazilian,williams,3,2,70.0,3.0,1.0,122,,1,0.0999999999999943,35.0
1926,1987,14.0,rodriguez,True,0.0,False,0.0,False,boutsen,Belgian,benetton,4,19,10.0,0.0,8.0,20,0,5,0.2999999999999971,30.0
1932,1987,14.0,rodriguez,True,0.0,False,0.0,False,prost,,mclaren,5,26,46.0,3.0,4.0,72,3,2,0.2999999999999971,32.0
1912,1987,14.0,rodriguez,True,0.0,False,0.0,False,,Italian,benetton,6,5,10.0,0.0,7.0,20,0,5,0.5999999999999943,32.0
1917,1987,,rodriguez,True,0.0,False,0.0,False,senna,Brazilian,team_lotus,7,10,51.0,2.0,3.0,57,2,3,0.6999999999999886,27.0
1909,1987,14.0,rodriguez,True,0.0,Auto%#,,False,patrese,,brabham,8,3,2.0,0.0,17.0,,0,8,1.5,33.0
1928,,14.0,rodriguez,True,0.0,False,0.0,False,alboreto,Italian,,9,21,8.0,0.0,9.0,26,0,4,1.5999999999999943,30.0
1924,1987,14.0,rodriguez,True,0.0,False,0.0,False,cesaris,Italian,brabham,10,17,4.0,0.0,12.0,6,0,8,1.6999999999999886,28.0
1923,1987,14.0,,True,0.0,False,0.0,False,warwick,British,arrows,Auto%#,16,3.0,0.0,15.0,8,0,7,3.299999999999997,33.0
1910,1987,14.0,rodriguez,True,0.0,False,0.0,False,cheever,American,arrows,13,4,5.0,0.0,11.0,8,0,7,3.299999999999997,29.0
1911,1987,14.0,rodriguez,True,0.0,False,0.0,False,,British,zakspeed,13,22,2.0,0.0,16.0,2,0,9,3.299999999999997,
1927,1987,14.0,rodriguez,True,0.0,False,0.0,False,nannini,Italian,minardi,14,20,0.0,0.0,24.0,0,0,,3.5999999999999943,28.0
1929,1987,14.0,rodriguez,True,0.0,False,0.0,False,johansson,Swedish,mclaren,15,23,26.0,0.0,5.0,72,3,2,3.799999999999997,31.0
1930,1987,14.0,rodriguez,True,0.0,False,0.0,False,satoru_nakajima,Japanese,team_lotus,16,24,6.0,0.0,10.0,57,2,3,3.799999999999997,34.0
1931,1987,14.0,rodriguez,True,0.0,False,0.0,False,danner,German,zakspeed,17,25,0.0,0.0,22.0,2,0,9,4.199999999999989,29.0
1922,1987,14.0,rodriguez,True,0.0,False,0.0,False,arnoux,French,ligier,18,15,1.0,0.0,20.0,1,0,11,4.699999999999989,39.0
1921,1987,14.0,rodriguez,,0.0,False,,False,campos,Spanish,minardi,19,14,0.0,0.0,,0,0,14,5.599999999999994,27.0
1918,1987,14.0,,True,0.0,False,0.0,False,capelli,Italian,march,20,11,1.0,0.0,19.0,1,0,12,6.0,24.0
1920,1987,14.0,rodriguez,True,0.0,False,0.0,False,ghinzani,Italian,ligier,21,13,0.0,0.0,21.0,1,0,11,6.199999999999989,35.0
1914,1987,14.0,rodriguez,True,0.0,False,0.0,False,palmer,,tyrrell,22,7,4.0,0.0,14.0,8,0,6,6.299999999999997,30.0
1916,1987,14.0,rodriguez,True,0.0,,0.0,False,dalmas,French,larrousse,23,9,0.0,0.0,0.0,2,0,10,6.299999999999997,26.0
1913,1987,14.0,rodriguez,True,0.0,False,0.0,False,,French,larrousse,24,6,2.0,0.0,,2,0,10,6.699999999999989,33.0
1915,1987,14.0,rodriguez,True,0.0,False,0.0,False,streiff,French,tyrrell,25,8,4.0,0.0,13.0,8,0,6,7.899999999999991,32.0
1919,1987,14.0,rodriguez,True,0.0,False,0.0,False,caffi,Italian,osella,26,12,0.0,0.0,25.0,0,0,15,9.299999999999995,23.0
1933,1987,15.0,suzuka,False,0.0,True,0.0,False,berger,Austrian,ferrari,1,1,18.0,0.0,6.0,26,0,4,0.0,28.0
1939,1987,15.0,Auto%#,False,0.0,True,0.0,False,prost,French,mclaren,2,7,46.0,3.0,4.0,72,3,2,0.7000000000000028,32.0
1937,1987,15.0,suzuka,False,0.0,True,0.0,False,,Belgian,benetton,,5,10.0,0.0,8.0,22,0,5,0.9000000000000057,30.0
1936,1987,15.0,suzuka,False,0.0,True,0.0,False,alboreto,Italian,ferrari,4,4,8.0,0.0,9.0,26,0,4,1.0,30.0
1947,1987,15.0,suzuka,False,0.0,True,0.0,False,piquet,Brazilian,williams,5,15,73.0,3.0,1.0,137,9,1,1.0999999999999943,35.0
1954,1987,15.0,suzuka,False,0.0,True,0.0,False,,Italian,benetton,6,,12.0,0.0,7.0,22,0,5,1.7000000000000028,32.0
1934,1987,15.0,suzuka,False,0.0,True,0.0,False,senna,Brazilian,team_lotus,7,2,51.0,2.0,3.0,57,2,3,2.5999999999999943,27.0
1943,1987,15.0,,False,0.0,True,0.0,False,patrese,,brabham,8,11,6.0,0.0,11.0,10,0,7,2.700000000000003,33.0
1935,1987,15.0,suzuka,False,0.0,True,0.0,False,johansson,Swedish,mclaren,9,3,26.0,0.0,5.0,72,3,2,3.299999999999997,31.0
1953,1987,15.0,suzuka,False,0.0,True,0.0,False,cesaris,Italian,brabham,10,21,4.0,0.0,13.0,10,0,7,3.4000000000000057,28.0
1938,1987,15.0,suzuka,False,0.0,True,0.0,False,satoru_nakajima,Japanese,team_lotus,11,6,6.0,,12.0,57,2,3,3.5999999999999943,34.0
1941,1987,15.0,suzuka,False,0.0,Auto%#,0.0,False,cheever,American,arrows,12,9,,0.0,,11,0,6,3.700000000000003,29.0
1942,1987,15.0,suzuka,False,,True,0.0,False,warwick,British,arrows,13,10,3.0,0.0,16.0,11,0,6,4.299999999999997,33.0
1951,1987,15.0,suzuka,False,0.0,True,0.0,False,nannini,Italian,minardi,14,19,0.0,0.0,25.0,0,0,14,4.599999999999994,28.0
1952,1987,15.0,,False,0.0,True,0.0,False,brundle,British,zakspeed,15,20,2.0,0.0,18.0,2,0,10,5.599999999999994,28.0
1955,1987,15.0,suzuka,False,0.0,True,0.0,False,danner,German,zakspeed,16,23,0.0,0.0,22.0,2,0,10,6.0,29.0
1948,1987,15.0,suzuka,False,0.0,True,0.0,False,,French,ligier,17,16,1.0,0.0,20.0,1,0,11,6.099999999999994,39.0
1958,1987,15.0,suzuka,False,0.0,True,0.0,False,alliot,French,larrousse,18,26,3.0,0.0,17.0,3,0,9,6.200000000000003,33.0
,1987,15.0,suzuka,False,,True,0.0,False,palmer,British,tyrrell,19,8,4.0,0.0,15.0,8,0,8,7.400000000000006,30.0
1956,1987,15.0,suzuka,False,0.0,True,0.0,False,capelli,Italian,march,20,24,1.0,0.0,19.0,1,0,12,7.799999999999997,24.0
1957,1987,15.0,suzuka,False,0.0,True,0.0,False,campos,,minardi,21,25,0.0,0.0,27.0,,0,14,8.200000000000003,27.0
1946,1987,15.0,suzuka,False,0.0,True,0.0,False,dalmas,French,larrousse,22,14,0.0,0.0,24.0,3,0,9,8.299999999999997,26.0
1949,1987,15.0,suzuka,False,0.0,True,0.0,False,caffi,Italian,osella,23,17,0.0,0.0,26.0,0,0,15,8.900000000000006,23.0
1945,1987,15.0,suzuka,False,0.0,True,0.0,False,ghinzani,Italian,,24,13,0.0,0.0,21.0,1,0,11,9.0,35.0
1944,1987,15.0,suzuka,False,0.0,True,0.0,False,streiff,French,tyrrell,25,12,4.0,0.0,14.0,8,0,8,9.599999999999994,32.0
1950,1987,,suzuka,False,,True,0.0,False,moreno,Brazilian,ags,26,18,0.0,0.0,0.0,0,0,13,,28.0
1959,1987,16.0,adelaide,True,0.0,False,0.0,False,berger,Austrian,ferrari,1,1,27.0,1.0,6.0,38,1,4,0.0,28.0
1971,1987,16.0,adelaide,True,0.0,False,0.0,False,prost,French,mclaren,2,13,46.0,3.0,4.0,76,3,2,0.7000000000000028,32.0
1969,1987,16.0,adelaide,True,0.0,False,0.0,False,piquet,Brazilian,williams,Auto%#,11,73.0,3.0,,137,9,1,0.7000000000000028,35.0
1968,1987,16.0,adelaide,True,0.0,False,0.0,False,senna,Brazilian,team_lotus,4,10,57.0,,3.0,64,2,3,1.2000000000000028,27.0
1961,1987,16.0,adelaide,True,0.0,False,0.0,False,boutsen,Belgian,benetton,5,3,12.0,0.0,,24,0,5,1.2000000000000028,30.0
1960,1987,16.0,adelaide,True,0.0,False,0.0,False,alboreto,Italian,ferrari,6,2,11.0,0.0,9.0,38,1,4,1.2999999999999972,30.0
1967,1987,16.0,adelaide,True,0.0,False,0.0,False,patrese,Italian,williams,7,9,6.0,,12.0,137,9,1,1.5,33.0
1973,1987,16.0,adelaide,True,0.0,False,0.0,False,johansson,Swedish,mclaren,8,15,30.0,0.0,5.0,76,3,2,1.5,31.0
1974,1987,16.0,adelaide,True,0.0,False,0.0,False,fabi,Italian,benetton,9,16,12.0,0.0,7.0,24,0,5,2.200000000000003,32.0
1966,1987,16.0,adelaide,True,0.0,False,0.0,False,cesaris,Italian,brabham,10,8,4.0,0.0,13.0,10,0,7,2.299999999999997,
1972,1987,16.0,adelaide,True,0.0,False,0.0,False,cheever,American,arrows,11,14,8.0,0.0,,11,0,6,2.9000000000000057,29.0
1981,1987,16.0,adelaide,True,0.0,False,0.0,False,warwick,British,Auto%#,12,23,3.0,0.0,16.0,,0,6,3.299999999999997,33.0
1984,1987,16.0,adelaide,True,0.0,False,0.0,False,,Italian,minardi,13,26,0.0,0.0,25.0,0,0,14,3.4000000000000057,28.0
1980,1987,16.0,adelaide,True,0.0,False,0.0,False,satoru_nakajima,Japanese,team_lotus,14,22,7.0,0.0,11.0,64,2,3,3.6000000000000085,34.0
1978,1987,16.0,adelaide,True,,False,0.0,False,modena,Italian,brabham,15,20,0.0,0.0,0.0,10,0,7,3.700000000000003,24.0
1982,1987,16.0,adelaide,True,0.0,Auto%#,0.0,False,brundle,British,zakspeed,16,24,2.0,0.0,18.0,2,0,10,4.200000000000003,28.0
1976,1987,16.0,adelaide,True,0.0,False,0.0,False,alliot,French,larrousse,17,18,3.0,0.0,17.0,3,0,9,4.6000000000000085,33.0
1983,1987,16.0,adelaide,True,0.0,False,0.0,False,streiff,French,tyrrell,18,25,4.0,0.0,14.0,8,0,8,4.700000000000003,32.0
1962,1987,16.0,adelaide,True,0.0,False,0.0,False,palmer,British,tyrrell,Auto%#,4,4.0,0.0,15.0,8,0,8,4.799999999999997,31.0
1977,1987,16.0,adelaide,True,0.0,False,0.0,False,arnoux,French,ligier,20,19,1.0,0.0,20.0,1,0,11,5.0,39.0
1963,1987,16.0,adelaide,True,0.0,False,0.0,False,dalmas,French,larrousse,21,5,0.0,0.0,24.0,3,0,9,,26.0
1979,1987,16.0,adelaide,True,0.0,False,0.0,False,ghinzani,Italian,ligier,22,21,0.0,0.0,21.0,1,0,11,5.400000000000006,35.0
1970,1987,16.0,adelaide,True,0.0,,0.0,False,capelli,Italian,march,23,12,1.0,0.0,19.0,1,0,12,5.400000000000006,24.0
1965,1987,16.0,adelaide,True,0.0,False,,False,danner,German,zakspeed,24,7,0.0,0.0,22.0,2,,10,5.400000000000006,29.0
1964,1987,16.0,adelaide,True,0.0,,0.0,False,moreno,,ags,25,6,0.0,0.0,29.0,0,0,13,6.400000000000006,28.0
1975,1987,16.0,adelaide,True,0.0,False,0.0,False,campos,Spanish,minardi,26,17,0.0,0.0,27.0,0,0,14,6.799999999999997,27.0
2001,1988,1.0,jacarepagua,True,0.0,False,0.0,True,senna,Brazilian,mclaren,1,17,0.0,0.0,0.0,0,0,0,0.0,28.0
2004,1988,1.0,jacarepagua,True,0.0,False,0.0,True,mansell,British,williams,2,20,0.0,0.0,0.0,0,0,0,,34.0
1985,1988,1.0,jacarepagua,True,0.0,False,0.0,True,prost,French,mclaren,3,1,0.0,0.0,0.0,0,0,0,0.7000000000000028,33.0
1986,1988,1.0,jacarepagua,True,0.0,False,0.0,True,berger,Austrian,ferrari,4,2,0.0,0.0,0.0,0,0,0,0.9000000000000057,28.0
1987,1988,1.0,jacarepagua,True,0.0,False,0.0,True,piquet,Brazilian,team_lotus,5,3,0.0,0.0,0.0,0,0,0,2.0,35.0
1989,1988,1.0,jacarepagua,True,0.0,False,0.0,True,alboreto,Italian,ferrari,,5,0.0,0.0,0.0,0,0,Auto%#,2.0,
1991,1988,1.0,jacarepagua,True,0.0,False,0.0,True,boutsen,Belgian,benetton,7,7,0.0,0.0,0.0,0,0,,2.0,30.0
2006,1988,1.0,jacarepagua,True,0.0,False,0.0,True,patrese,Italian,williams,8,22,0.0,0.0,0.0,0,0,0,2.300000000000012,33.0
2007,1988,1.0,jacarepagua,True,0.0,False,0.0,True,capelli,Italian,march,9,23,0.0,0.0,0.0,0,0,0,,
1990,1988,1.0,jacarepagua,True,0.0,False,0.0,True,satoru_nakajima,Japanese,team_lotus,10,6,0.0,0.0,0.0,0,0,0,3.200000000000003,35.0
1988,,1.0,jacarepagua,True,0.0,False,0.0,True,warwick,British,arrows,11,4,0.0,0.0,0.0,0,0,0,3.6000000000000085,33.0
2005,1988,1.0,jacarepagua,True,0.0,False,0.0,True,nannini,Italian,benetton,12,21,0.0,0.0,0.0,0,0,0,3.700000000000003,28.0
2009,1988,1.0,jacarepagua,True,0.0,,,True,gugelmin,Brazilian,march,13,25,0.0,0.0,0.0,0,0,0,3.700000000000003,24.0
1994,1988,1.0,jacarepagua,True,0.0,False,0.0,True,cesaris,Italian,rial,14,10,0.0,0.0,0.0,0,0,0,4.200000000000003,28.0
1992,1988,1.0,jacarepagua,True,0.0,Auto%#,0.0,True,cheever,American,arrows,15,Auto%#,0.0,0.0,0.0,0,0,0,4.700000000000003,30.0
1997,1988,1.0,jacarepagua,True,0.0,Auto%#,0.0,True,alliot,French,larrousse,16,13,0.0,0.0,0.0,0,0,0,4.800000000000011,33.0
2000,1988,1.0,jacarepagua,True,0.0,False,0.0,True,dalmas,French,larrousse,17,16,0.0,,0.0,0,0,0,5.300000000000011,26.0
2002,1988,1.0,jacarepagua,True,0.0,False,0.0,True,arnoux,French,ligier,18,18,0.0,0.0,0.0,0,0,0,6.400000000000006,39.0
1999,1988,1.0,jacarepagua,True,0.0,False,0.0,True,streiff,French,ags,,15,0.0,0.0,0.0,0,0,0,6.400000000000006,32.0
1996,1988,1.0,jacarepagua,True,0.0,False,0.0,True,sala,Spanish,minardi,20,12,0.0,0.0,0.0,0,0,0,6.400000000000006,28.0
1993,1988,1.0,jacarepagua,True,0.0,False,0.0,True,johansson,Swedish,ligier,21,9,0.0,0.0,0.0,0,0,0,6.5,
1995,1988,1.0,jacarepagua,True,0.0,False,0.0,True,palmer,British,tyrrell,22,11,0.0,0.0,0.0,0,0,0,6.6000000000000085,31.0
2008,1988,1.0,jacarepagua,True,0.0,False,0.0,True,campos,Spanish,Auto%#,23,24,0.0,0.0,0.0,0,0,0,6.800000000000011,27.0
2003,1988,1.0,jacarepagua,True,0.0,False,0.0,True,modena,Italian,eurobrun,24,19,0.0,,0.0,0,0,0,6.800000000000011,24.0
1998,1988,1.0,jacarepagua,True,0.0,False,0.0,True,tarquini,Italian,coloni,25,14,0.0,0.0,0.0,0,0,0,7.300000000000011,26.0
2010,1988,1.0,jacarepagua,True,0.0,False,0.0,True,larrauri,Argentine,eurobrun,26,26,0.0,0.0,0.0,0,0,0,7.600000000000008,33.0
2011,1988,2.0,imola,True,0.0,False,0.0,False,senna,Brazilian,mclaren,1,1,0.0,0.0,0.0,9,1,1,0.0,28.0
2012,1988,2.0,imola,True,0.0,False,0.0,False,prost,French,mclaren,2,Auto%#,9.0,1.0,1.0,9,1,1,0.8000000000000114,33.0
2013,1988,2.0,imola,True,,False,0.0,False,piquet,Brazilian,team_lotus,3,3,4.0,0.0,3.0,5,0,3,3.4000000000000057,35.0
,1988,2.0,imola,True,0.0,False,0.0,False,nannini,Auto%#,benetton,4,6,0.0,0.0,,0,0,5,3.5,28.0
2015,1988,2.0,imola,True,0.0,False,0.0,False,berger,Austrian,ferrari,5,5,6.0,0.0,2.0,8,0,2,3.6000000000000085,28.0
2023,1988,2.0,imola,True,0.0,False,0.0,False,patrese,Italian,williams,6,13,0.0,0.0,,0,0,14,3.9000000000000057,34.0
2017,1988,2.0,imola,True,0.0,False,0.0,False,cheever,American,arrows,7,7,0.0,0.0,8.0,3,0,4,4.200000000000003,30.0
2014,1988,2.0,imola,,0.0,False,0.0,False,boutsen,Belgian,benetton,8,4,0.0,,7.0,0,,5,4.300000000000011,30.0
2035,1988,2.0,imola,True,0.0,False,0.0,False,capelli,Italian,march,9,25,0.0,0.0,22.0,0,0,15,4.400000000000006,24.0
2028,1988,2.0,,True,0.0,False,0.0,False,alboreto,Italian,ferrari,10,18,2.0,0.0,5.0,8,0,2,,31.0
,1988,2.0,imola,True,0.0,False,0.0,False,mansell,British,williams,11,21,0.0,0.0,19.0,0,0,14,4.5,34.0
2018,1988,2.0,imola,True,0.0,False,0.0,False,satoru_nakajima,Japanese,team_lotus,12,8,1.0,0.0,6.0,5,0,3,4.5,35.0
2020,1988,,imola,True,0.0,False,0.0,False,streiff,French,ags,13,10,0.0,0.0,15.0,0,0,12,4.900000000000006,32.0
2019,1988,2.0,imola,True,0.0,,0.0,False,warwick,British,arrows,14,9,3.0,0.0,4.0,3,0,4,5.400000000000006,33.0
2027,1988,,imola,True,0.0,False,,False,alliot,French,larrousse,15,17,0.0,0.0,13.0,0,0,10,5.6000000000000085,33.0
2036,1988,2.0,imola,True,0.0,False,0.0,False,cesaris,Italian,rial,16,26,0.0,0.0,10.0,,0,7,5.900000000000006,28.0
2032,1988,2.0,imola,True,0.0,False,0.0,False,tarquini,Italian,coloni,17,22,0.0,0.0,14.0,0,0,11,6.1000000000000085,26.0
2021,1988,2.0,imola,True,0.0,False,0.0,False,sala,Spanish,minardi,18,11,0.0,0.0,12.0,0,0,9,6.1000000000000085,28.0
2022,1988,2.0,,True,0.0,Auto%#,0.0,False,dalmas,French,larrousse,19,12,0.0,0.0,16.0,0,0,10,6.300000000000011,26.0
2025,1988,2.0,imola,True,0.0,False,0.0,False,gugelmin,Brazilian,march,20,15,0.0,0.0,24.0,0,0,15,6.300000000000011,25.0
2030,1988,2.0,imola,True,0.0,False,0.0,False,bailey,British,tyrrell,21,20,0.0,0.0,26.0,0,0,8,6.800000000000011,26.0
2026,1988,2.0,,True,0.0,False,0.0,False,campos,Spanish,minardi,22,16,0.0,0.0,23.0,0,0,9,6.800000000000011,27.0
2024,1988,2.0,imola,True,0.0,False,0.0,False,palmer,,tyrrell,23,14,0.0,0.0,11.0,0,0,8,6.900000000000006,31.0
2033,1988,2.0,imola,True,0.0,False,0.0,False,caffi,Italian,dallara,24,23,0.0,0.0,30.0,0,0,18,7.1000000000000085,24.0
2034,1988,2.0,imola,True,0.0,False,,False,ghinzani,Italian,zakspeed,25,24,0.0,0.0,27.0,0,0,16,7.5,36.0
2029,1988,,imola,True,0.0,False,0.0,False,modena,Italian,eurobrun,26,19,0.0,0.0,18.0,0,0,13,7.700000000000003,24.0
2047,1988,3.0,monaco,True,0.0,True,0.0,False,senna,Brazilian,mclaren,1,11,9.0,1.0,2.0,24,2,1,0.0,28.0
2037,1988,3.0,monaco,True,,True,0.0,False,prost,French,mclaren,2,1,15.0,,1.0,24,2,1,1.4000000000000057,33.0
2038,1988,3.0,monaco,True,0.0,True,0.0,False,berger,Austrian,ferrari,3,2,8.0,0.0,3.0,10,0,2,2.700000000000003,28.0
2039,1988,3.0,monaco,True,0.0,True,0.0,False,alboreto,Italian,ferrari,4,3,2.0,0.0,7.0,10,0,2,3.299999999999997,31.0
2053,1988,3.0,monaco,True,0.0,True,0.0,False,mansell,British,williams,5,17,0.0,0.0,24.0,0,0,10,3.700000000000003,34.0
2051,1988,3.0,monaco,True,0.0,True,0.0,False,nannini,Italian,benetton,6,15,1.0,0.0,9.0,4,0,4,3.9000000000000057,28.0
,1988,3.0,monaco,True,0.0,True,0.0,False,warwick,British,arrows,7,4,3.0,0.0,6.0,3,0,5,3.9000000000000057,33.0
2042,1988,3.0,monaco,True,0.0,True,0.0,False,patrese,Italian,williams,8,6,0.0,0.0,15.0,0,0,10,4.0,34.0
2057,1988,3.0,monaco,True,0.0,True,0.0,False,cheever,American,arrows,9,21,0.0,0.0,10.0,3,0,5,4.200000000000003,30.0
2041,1988,3.0,monaco,True,0.0,True,0.0,False,palmer,British,tyrrell,10,5,0.0,0.0,16.0,0,0,11,4.400000000000006,31.0
2060,1988,3.0,monaco,True,0.0,True,0.0,Auto%#,piquet,Brazilian,team_lotus,11,24,8.0,,4.0,9,0,3,4.400000000000006,35.0
2062,1988,3.0,monaco,True,0.0,True,0.0,False,streiff,French,ags,12,26,0.0,0.0,12.0,0,0,7,4.5,32.0
2048,1988,3.0,monaco,True,0.0,True,0.0,False,alliot,French,larrousse,13,12,0.0,0.0,19.0,0,0,9,4.5,33.0
2049,1988,3.0,monaco,True,0.0,True,0.0,False,gugelmin,Brazilian,march,14,13,0.0,0.0,17.0,0,0,12,4.599999999999994,
2052,,3.0,Auto%#,True,0.0,True,0.0,False,sala,Spanish,minardi,15,16,0.0,0.0,13.0,0,0,8,4.599999999999994,29.0
,1988,3.0,monaco,True,0.0,True,0.0,False,boutsen,Belgian,benetton,16,8,3.0,0.0,5.0,4,0,4,4.599999999999994,30.0
2061,1988,3.0,monaco,True,0.0,True,0.0,False,caffi,Italian,dallara,17,25,0.0,0.0,27.0,,0,16,5.099999999999994,24.0
2056,1988,3.0,monaco,True,,True,0.0,False,larrauri,Argentine,eurobrun,18,Auto%#,0.0,0.0,29.0,0,0,15,5.099999999999994,33.0
2054,1988,3.0,monaco,True,0.0,True,0.0,False,cesaris,Italian,rial,19,18,0.0,0.0,20.0,0,0,13,5.299999999999997,28.0
2055,1988,3.0,monaco,True,0.0,Auto%#,0.0,False,arnoux,French,ligier,20,19,0.0,0.0,22.0,0,0,6,5.5,39.0
2043,1988,3.0,monaco,True,0.0,True,0.0,False,dalmas,French,larrousse,,7,0.0,0.0,14.0,0,0,9,5.599999999999994,26.0
2046,1988,3.0,monaco,True,0.0,True,0.0,False,capelli,Italian,march,22,10,0.0,0.0,26.0,0,0,12,5.599999999999994,24.0
2050,1988,3.0,Auto%#,True,0.0,True,0.0,False,ghinzani,Italian,zakspeed,23,14,0.0,0.0,28.0,0,0,17,6.099999999999994,36.0
2059,1988,3.0,monaco,True,0.0,True,0.0,False,tarquini,Italian,coloni,24,23,0.0,0.0,21.0,0,0,14,6.299999999999997,26.0
2045,1988,3.0,monaco,True,0.0,True,0.0,False,larini,Italian,osella,25,9,0.0,0.0,30.0,0,0,,6.299999999999997,24.0
2058,1988,3.0,monaco,True,0.0,True,,False,johansson,Swedish,ligier,26,22,0.0,0.0,11.0,0,0,6,6.5,
,1988,4.0,rodriguez,True,0.0,False,,False,senna,Auto%#,mclaren,1,2,9.0,1.0,3.0,33,3,1,0.0,28.0
2063,1988,4.0,rodriguez,True,0.0,False,0.0,False,prost,French,mclaren,2,1,24.0,2.0,1.0,33,3,1,0.5999999999999943,33.0
2065,1988,4.0,rodriguez,True,0.0,False,0.0,False,berger,Austrian,ferrari,3,3,14.0,0.0,2.0,20,0,2,0.5999999999999943,28.0
2079,1988,4.0,rodriguez,True,0.0,False,0.0,False,piquet,Brazilian,team_lotus,4,17,8.0,0.0,4.0,9,0,3,1.4000000000000057,35.0
2066,1988,4.0,rodriguez,True,0.0,False,0.0,Auto%#,alboreto,Italian,ferrari,5,4,6.0,0.0,5.0,20,0,2,2.0999999999999943,31.0
2081,1988,4.0,rodriguez,True,0.0,False,0.0,False,satoru_nakajima,Japanese,Auto%#,6,19,1.0,0.0,9.0,9,0,3,2.799999999999997,35.0
2068,1988,4.0,rodriguez,True,0.0,False,0.0,False,cheever,American,arrows,7,6,0.0,0.0,12.0,6,0,4,3.0,30.0
2069,1988,4.0,rodriguez,True,0.0,False,0.0,,nannini,Italian,benetton,8,7,1.0,0.0,11.0,4,0,5,3.200000000000003,28.0
2067,1988,4.0,rodriguez,True,0.0,False,0.0,False,warwick,British,arrows,9,5,6.0,0.0,6.0,6,0,4,3.299999999999997,33.0
2078,1988,4.0,rodriguez,True,0.0,False,0.0,False,capelli,Italian,march,10,16,0.0,0.0,17.0,0,0,11,4.5,
2070,1988,4.0,rodriguez,True,0.0,False,0.0,False,boutsen,Belgian,benetton,11,8,3.0,0.0,7.0,4,0,5,4.5,30.0
2080,1988,4.0,rodriguez,True,0.0,False,0.0,False,cesaris,Italian,rial,12,18,0.0,0.0,22.0,0,0,14,4.700000000000003,28.0
2088,1988,4.0,rodriguez,True,0.0,False,0.0,False,alliot,French,larrousse,13,26,0.0,0.0,21.0,0,0,8,4.799999999999997,33.0
2082,1988,4.0,rodriguez,True,0.0,,0.0,False,mansell,British,williams,14,20,0.0,0.0,25.0,1,0,7,4.900000000000006,34.0
2083,,4.0,rodriguez,True,0.0,False,0.0,False,schneider,German,Auto%#,15,21,0.0,0.0,0.0,0,0,,5.099999999999994,23.0
2087,1988,4.0,rodriguez,,0.0,False,0.0,False,gugelmin,Brazilian,march,16,25,0.0,0.0,19.0,0,0,11,5.299999999999997,25.0
2084,1988,4.0,rodriguez,True,0.0,False,0.0,False,patrese,Italian,williams,17,22,1.0,0.0,,1,0,7,5.5,34.0
2077,1988,4.0,rodriguez,True,0.0,False,0.0,False,ghinzani,Italian,zakspeed,18,15,0.0,0.0,24.0,0,0,16,5.599999999999994,36.0
2074,1988,4.0,rodriguez,True,0.0,False,0.0,False,streiff,French,ags,19,12,0.0,0.0,16.0,0,0,,5.700000000000003,32.0
2085,1988,4.0,rodriguez,,0.0,False,0.0,False,arnoux,French,ligier,20,23,0.0,0.0,26.0,,0,9,5.799999999999997,39.0
2076,1988,4.0,rodriguez,True,0.0,False,0.0,False,tarquini,Italian,coloni,21,14,0.0,0.0,23.0,0,0,15,6.099999999999994,26.0
2071,1988,4.0,rodriguez,True,0.0,False,0.0,False,dalmas,French,larrousse,22,9,0.0,0.0,13.0,0,0,8,6.099999999999994,26.0
2086,1988,4.0,rodriguez,True,0.0,False,0.0,False,caffi,Italian,dallara,23,24,0.0,0.0,0.0,0,0,18,6.200000000000003,24.0
2072,1988,4.0,rodriguez,True,0.0,False,0.0,False,johansson,Swedish,ligier,24,10,,0.0,14.0,0,0,9,6.200000000000003,31.0
2073,1988,4.0,rodriguez,True,0.0,False,0.0,False,sala,Spanish,minardi,25,11,0.0,0.0,18.0,0,0,Auto%#,6.400000000000006,29.0
2075,1988,4.0,rodriguez,True,0.0,False,0.0,False,larrauri,Argentine,eurobrun,26,13,0.0,0.0,28.0,0,0,17,6.5,33.0
2089,1988,5.0,villeneuve,True,0.0,False,0.0,False,senna,Brazilian,mclaren,1,1,15.0,1.0,3.0,48,4,1,0.0,28.0
2090,1988,5.0,villeneuve,True,0.0,False,0.0,False,prost,French,mclaren,2,2,33.0,3.0,1.0,48,4,1,0.2000000000000028,33.0
2111,1988,5.0,villeneuve,True,0.0,False,0.0,False,berger,Austrian,ferrari,3,23,18.0,0.0,2.0,27,0,2,1.0,28.0
2106,1988,5.0,villeneuve,True,0.0,False,0.0,False,alboreto,,ferrari,4,18,9.0,0.0,4.0,27,0,2,1.5999999999999943,31.0
2112,1988,5.0,villeneuve,True,0.0,False,0.0,False,,,benetton,5,24,1.0,0.0,10.0,4,0,5,2.299999999999997,28.0
2092,1988,5.0,villeneuve,True,0.0,False,0.0,False,piquet,Brazilian,team_lotus,6,4,8.0,0.0,5.0,9,0,3,,35.0
2091,1988,5.0,villeneuve,True,0.0,False,0.0,False,boutsen,Belgian,benetton,7,3,3.0,0.0,7.0,4,0,5,2.3999999999999915,30.0
,1988,5.0,villeneuve,True,0.0,False,0.0,False,cheever,American,arrows,8,20,1.0,0.0,9.0,9,0,4,,30.0
2109,1988,5.0,villeneuve,True,0.0,False,0.0,False,mansell,British,,9,21,,0.0,26.0,1,0,7,3.0999999999999943,34.0
2104,1988,5.0,villeneuve,True,0.0,False,0.0,False,streiff,French,ags,,16,0.0,0.0,16.0,0,0,11,3.299999999999997,32.0
2107,1988,5.0,villeneuve,True,0.0,False,0.0,False,patrese,Italian,williams,11,19,1.0,0.0,12.0,1,0,,3.299999999999997,34.0
2097,1988,5.0,villeneuve,True,0.0,False,0.0,False,cesaris,Italian,rial,12,9,0.0,0.0,25.0,0,0,,3.299999999999997,29.0
2099,1988,5.0,villeneuve,True,,False,0.0,False,satoru_nakajima,Japanese,team_lotus,13,11,1.0,0.0,11.0,9,0,3,3.700000000000003,35.0
2093,1988,5.0,villeneuve,True,0.0,False,0.0,False,capelli,Italian,march,14,5,0.0,0.0,17.0,0,0,12,,25.0
2100,1988,5.0,villeneuve,True,0.0,False,0.0,False,modena,Italian,eurobrun,15,12,0.0,0.0,28.0,,0,14,4.0,25.0
2095,,5.0,villeneuve,True,0.0,False,0.0,False,warwick,British,arrows,,7,8.0,0.0,6.0,9,0,4,4.0,33.0
2098,1988,5.0,villeneuve,True,0.0,False,0.0,False,alliot,French,larrousse,17,10,0.0,0.0,24.0,0,0,8,4.099999999999994,33.0
2103,1988,5.0,villeneuve,True,0.0,False,0.0,False,gugelmin,Brazilian,march,18,15,0.0,0.0,21.0,0,0,12,4.200000000000003,25.0
,1988,5.0,villeneuve,True,0.0,,0.0,Auto%#,palmer,British,tyrrell,19,6,2.0,,,2,0,6,4.399999999999992,31.0
2105,,5.0,villeneuve,True,0.0,False,0.0,False,arnoux,French,ligier,20,17,0.0,0.0,27.0,0,0,9,4.599999999999994,39.0
2101,1988,5.0,villeneuve,True,0.0,False,0.0,False,sala,Spanish,minardi,21,13,0.0,0.0,18.0,0,,13,4.700000000000003,29.0
2102,1988,5.0,villeneuve,True,0.0,False,0.0,False,ghinzani,Italian,zakspeed,22,14,0.0,0.0,22.0,0,0,16,5.099999999999994,36.0
2114,1988,5.0,villeneuve,True,0.0,False,0.0,False,bailey,British,tyrrell,23,26,0.0,0.0,29.0,2,0,6,5.399999999999992,26.0
2113,1988,5.0,villeneuve,True,0.0,,0.0,False,larrauri,Argentine,eurobrun,24,25,0.0,0.0,19.0,0,0,14,5.599999999999994,33.0
2110,,5.0,villeneuve,True,0.0,False,0.0,False,johansson,Swedish,ligier,25,22,0.0,0.0,14.0,0,0,9,5.899999999999992,31.0
2096,,5.0,villeneuve,True,0.0,False,0.0,False,tarquini,Italian,coloni,26,8,0.0,,20.0,0,,15,6.0,26.0
2115,1988,6.0,detroit,True,0.0,False,0.0,False,,Brazilian,,1,1,24.0,2.0,2.0,63,5,1,0.0,28.0
2139,1988,6.0,Auto%#,True,0.0,False,0.0,False,berger,Austrian,ferrari,2,25,18.0,0.0,,27,0,2,0.9000000000000057,28.0
2127,1988,6.0,detroit,True,0.0,False,0.0,False,alboreto,Italian,ferrari,3,13,9.0,0.0,5.0,27,0,2,1.1000000000000083,31.0
2116,1988,6.0,detroit,True,0.0,False,0.0,False,prost,French,mclaren,4,2,39.0,3.0,1.0,63,5,1,1.4000000000000057,33.0
,1988,6.0,detroit,True,0.0,False,0.0,False,boutsen,Belgian,benetton,5,,7.0,0.0,7.0,8,0,5,2.1000000000000085,30.0
2134,1988,6.0,,True,0.0,False,0.0,False,mansell,British,williams,6,20,0.0,0.0,0.0,1,0,Auto%#,2.300000000000012,34.0
2136,1988,6.0,detroit,True,0.0,False,0.0,False,nannini,Italian,benetton,7,22,1.0,0.0,11.0,8,0,5,2.5,28.0
2131,1988,6.0,detroit,True,0.0,False,0.0,False,piquet,Brazilian,team_lotus,8,Auto%#,11.0,0.0,4.0,12,0,3,2.700000000000003,35.0
2133,1988,6.0,detroit,True,0.0,False,0.0,False,warwick,British,arrows,9,19,8.0,0.0,6.0,9,0,4,3.200000000000003,33.0
2130,1988,6.0,detroit,True,,False,0.0,False,patrese,Italian,williams,10,16,1.0,0.0,13.0,1,0,8,3.200000000000003,34.0
2135,1988,6.0,detroit,True,0.0,False,0.0,False,streiff,French,ags,11,21,0.0,0.0,19.0,0,0,14,3.6000000000000085,32.0
2118,1988,6.0,detroit,True,0.0,False,0.0,False,cesaris,Italian,rial,12,4,0.0,0.0,,0,0,12,3.6000000000000085,29.0
2129,1988,6.0,detroit,True,0.0,False,0.0,False,gugelmin,Brazilian,march,13,15,0.0,0.0,25.0,2,0,7,3.9000000000000057,25.0
2125,1988,6.0,detroit,True,0.0,False,0.0,False,alliot,French,larrousse,14,11,0.0,0.0,20.0,0,0,9,4.0,33.0
2137,1988,,detroit,True,0.0,False,0.0,False,cheever,American,arrows,15,23,1.0,0.0,10.0,9,0,4,4.300000000000011,30.0
2120,1988,6.0,detroit,True,0.0,False,0.0,False,martini,Italian,minardi,16,6,0.0,0.0,0.0,0,0,15,4.400000000000006,27.0
2119,1988,6.0,detroit,True,0.0,False,0.0,False,palmer,British,tyrrell,17,,3.0,0.0,8.0,3,0,6,4.700000000000003,31.0
2140,1988,,detroit,True,0.0,False,0.0,False,johansson,,ligier,18,26,0.0,0.0,16.0,0,0,,4.700000000000003,31.0
2126,1988,6.0,detroit,True,0.0,False,0.0,False,modena,Italian,eurobrun,19,12,0.0,0.0,22.0,0,0,16,4.700000000000003,25.0
2128,1988,6.0,detroit,True,0.0,False,0.0,False,arnoux,French,ligier,20,14,0.0,0.0,27.0,0,0,11,4.800000000000011,39.0
2122,1988,6.0,detroit,True,0.0,False,0.0,False,caffi,Italian,dallara,21,8,0.0,0.0,0.0,0,0,18,4.900000000000006,24.0
2123,1988,6.0,detroit,True,0.0,False,0.0,False,bailey,British,tyrrell,22,,0.0,0.0,29.0,3,0,6,5.1000000000000085,26.0
2132,1988,6.0,detroit,True,0.0,False,0.0,Auto%#,larrauri,Argentine,,23,18,0.0,0.0,23.0,0,0,16,5.700000000000003,33.0
2121,1988,6.0,,True,0.0,False,0.0,False,dalmas,French,larrousse,24,7,0.0,0.0,14.0,0,0,9,5.800000000000011,26.0
2124,1988,6.0,detroit,True,0.0,False,0.0,False,sala,Spanish,minardi,25,10,0.0,0.0,21.0,0,0,15,,29.0
2138,1988,6.0,detroit,True,0.0,False,0.0,False,larini,Italian,osella,Auto%#,24,0.0,0.0,18.0,0,0,13,6.0,24.0
2141,1988,7.0,ricard,True,,False,0.0,False,prost,French,mclaren,1,1,45.0,3.0,1.0,78,6,,0.0,33.0
2142,1988,7.0,ricard,True,0.0,False,0.0,False,senna,Brazilian,mclaren,2,2,33.0,3.0,,78,6,1,0.5,28.0
2144,1988,7.0,ricard,True,0.0,False,0.0,False,berger,Austrian,ferrari,3,4,18.0,0.0,3.0,27,0,2,0.7000000000000028,28.0
2143,1988,7.0,ricard,True,0.0,False,0.0,False,alboreto,Italian,ferrari,4,3,9.0,0.0,6.0,27,0,,1.8000000000000114,31.0
2164,1988,7.0,ricard,True,0.0,False,0.0,False,boutsen,Belgian,benetton,5,24,11.0,0.0,4.0,12,0,3,2.0,30.0
,1988,7.0,ricard,True,0.0,False,0.0,False,nannini,Italian,benetton,6,6,1.0,0.0,12.0,12,0,3,2.1000000000000085,28.0
2145,1988,7.0,ricard,True,0.0,False,0.0,False,piquet,Brazilian,team_lotus,7,5,11.0,0.0,5.0,,0,4,2.1000000000000085,35.0
2147,1988,7.0,ricard,True,0.0,False,0.0,False,satoru_nakajima,Japanese,team_lotus,8,7,1.0,0.0,13.0,12,0,4,2.700000000000003,35.0
2160,1988,7.0,ricard,True,0.0,False,,False,mansell,British,williams,9,20,0.0,0.0,0.0,1,0,10,2.700000000000003,34.0
2149,1988,7.0,ricard,True,0.0,False,0.0,False,capelli,Italian,march,10,9,2.0,0.0,10.0,2,0,8,2.9000000000000057,25.0
2166,1988,7.0,ricard,True,0.0,False,0.0,False,,British,Auto%#,11,26,8.0,0.0,7.0,9,,5,3.0,
2150,1988,7.0,ricard,True,0.0,False,0.0,False,cesaris,Italian,rial,12,Auto%#,3.0,0.0,9.0,3,0,7,3.300000000000012,29.0
2151,1988,7.0,ricard,True,0.0,False,0.0,False,cheever,American,arrows,13,11,1.0,0.0,11.0,9,,5,3.4000000000000057,30.0
2152,1988,7.0,ricard,True,0.0,False,0.0,False,caffi,Italian,dallara,14,12,0.0,0.0,18.0,0,0,13,3.6000000000000085,
2163,1988,7.0,ricard,True,0.0,False,0.0,False,patrese,Italian,williams,15,23,1.0,0.0,14.0,1,0,10,3.700000000000003,34.0
2148,1988,7.0,ricard,True,0.0,False,0.0,False,gugelmin,Brazilian,march,16,8,0.0,0.0,,2,0,8,3.700000000000003,25.0
2165,1988,7.0,ricard,True,0.0,False,0.0,False,streiff,French,ags,17,Auto%#,0.0,0.0,22.0,0,0,16,3.9000000000000057,33.0
2161,1988,7.0,ricard,True,0.0,False,0.0,False,alliot,French,larrousse,18,21,0.0,0.0,23.0,0,0,11,3.9000000000000057,33.0
2153,1988,7.0,ricard,True,0.0,False,0.0,False,dalmas,French,larrousse,19,13,0.0,0.0,16.0,0,0,11,4.1000000000000085,26.0
2154,1988,7.0,,True,0.0,False,0.0,False,modena,Italian,eurobrun,20,14,0.0,0.0,25.0,0,0,17,4.400000000000006,25.0
2159,1988,7.0,ricard,True,0.0,,0.0,False,schneider,German,zakspeed,21,19,0.0,0.0,0.0,0,0,18,4.400000000000006,23.0
2155,1988,7.0,ricard,True,,False,0.0,False,martini,Italian,minardi,22,15,1.0,0.0,15.0,1,0,9,4.700000000000003,27.0
2162,1988,7.0,ricard,True,0.0,False,0.0,False,palmer,British,tyrrell,23,22,5.0,0.0,8.0,5,0,6,4.700000000000003,31.0
2158,1988,7.0,ricard,True,0.0,False,0.0,False,larini,Italian,osella,24,18,0.0,0.0,21.0,0,0,15,4.800000000000011,24.0
,1988,7.0,ricard,True,0.0,False,0.0,False,sala,Spanish,minardi,25,16,0.0,0.0,24.0,1,0,9,4.900000000000006,29.0
2157,1988,7.0,ricard,True,0.0,False,0.0,False,larrauri,Argentine,eurobrun,26,17,0.0,0.0,26.0,,0,17,4.900000000000006,33.0
2175,1988,8.0,silverstone,False,1.0,False,1.0,False,berger,Austrian,ferrari,1,9,21.0,0.0,3.0,34,0,2,0.0,28.0
,1988,8.0,silverstone,False,1.0,False,1.0,False,alboreto,Italian,ferrari,2,17,13.0,0.0,4.0,34,0,2,0.2000000000000028,31.0
2167,1988,8.0,silverstone,False,1.0,False,1.0,False,senna,Brazilian,mclaren,3,1,,3.0,2.0,93,7,1,0.5,28.0
2188,1988,8.0,silverstone,False,1.0,False,1.0,False,prost,French,mclaren,4,22,54.0,4.0,1.0,93,7,1,0.6000000000000085,33.0
2170,1988,8.0,silverstone,False,1.0,False,1.0,False,gugelmin,,march,5,4,,0.0,19.0,2,0,8,1.6000000000000083,25.0
2187,,8.0,silverstone,False,1.0,False,1.0,False,capelli,Italian,march,6,21,2.0,0.0,10.0,2,0,8,1.9000000000000057,25.0
2171,1988,8.0,silverstone,False,1.0,False,1.0,False,piquet,Brazilian,team_lotus,7,5,13.0,0.0,,14,0,3,1.9000000000000057,35.0
2169,1988,8.0,silverstone,False,1.0,False,1.0,False,nannini,Italian,benetton,8,,2.0,0.0,11.0,13,0,4,2.6000000000000085,29.0
2172,1988,8.0,silverstone,False,1.0,Auto%#,1.0,False,warwick,British,arrows,9,,8.0,0.0,,9,0,5,2.700000000000003,33.0
2176,1988,8.0,silverstone,False,1.0,False,1.0,False,satoru_nakajima,Japanese,team_lotus,10,,1.0,0.0,12.0,14,0,3,2.800000000000012,35.0
2168,1988,8.0,silverstone,False,1.0,False,1.0,False,mansell,British,williams,11,2,0.0,0.0,,1,0,10,2.800000000000012,34.0
2186,1988,8.0,silverstone,False,1.0,False,1.0,False,boutsen,Belgian,benetton,12,20,11.0,0.0,6.0,13,0,4,2.9000000000000057,30.0
2173,1988,8.0,silverstone,False,1.0,False,1.0,False,cheever,American,arrows,13,7,1.0,0.0,13.0,9,0,,2.9000000000000057,30.0
2190,1988,8.0,silverstone,False,1.0,False,1.0,False,cesaris,Italian,rial,Auto%#,24,3.0,0.0,9.0,3,0,7,3.300000000000012,29.0
2174,1988,8.0,silverstone,False,1.0,False,1.0,False,patrese,Italian,williams,15,8,1.0,0.0,14.0,1,0,10,3.6000000000000085,34.0
2191,1988,8.0,silverstone,False,1.0,False,1.0,False,streiff,Auto%#,ags,16,25,0.0,,23.0,0,0,16,4.200000000000003,33.0
2189,1988,8.0,silverstone,False,1.0,False,1.0,False,palmer,British,tyrrell,17,23,5.0,0.0,8.0,5,0,6,4.400000000000006,31.0
2192,1988,8.0,silverstone,False,1.0,False,1.0,False,sala,Spanish,minardi,18,26,0.0,0.0,25.0,1,0,9,4.5,29.0
2181,1988,,silverstone,False,1.0,False,1.0,False,martini,Italian,minardi,19,15,1.0,0.0,15.0,1,0,9,4.6000000000000085,27.0
2178,1988,8.0,silverstone,False,1.0,False,1.0,False,modena,Italian,eurobrun,20,12,0.0,0.0,26.0,0,0,17,4.800000000000011,25.0
2177,1988,8.0,silverstone,False,1.0,False,1.0,False,caffi,Italian,dallara,21,11,0.0,0.0,17.0,0,0,12,4.800000000000011,24.0
2180,1988,8.0,,False,1.0,False,1.0,False,alliot,French,larrousse,22,14,0.0,0.0,24.0,0,0,11,4.900000000000006,33.0
2179,1988,8.0,silverstone,False,1.0,False,1.0,False,dalmas,French,larrousse,23,13,0.0,0.0,16.0,0,0,11,4.900000000000006,
2182,1988,8.0,silverstone,False,1.0,False,1.0,False,bailey,British,tyrrell,24,16,0.0,0.0,22.0,5,0,6,5.0,26.0
2184,1988,8.0,silverstone,False,1.0,False,1.0,False,arnoux,French,ligier,25,18,0.0,0.0,0.0,0,0,14,5.300000000000011,40.0
2185,1988,8.0,silverstone,False,1.0,False,1.0,False,larini,Italian,osella,26,19,0.0,0.0,,0,0,15,5.400000000000006,24.0
2193,1988,9.0,hockenheimring,False,,False,1.0,,senna,Brazilian,,1,1,48.0,,2.0,102,8,1,0.0,28.0
2194,1988,9.0,hockenheimring,False,1.0,False,1.0,False,prost,French,mclaren,2,2,54.0,4.0,1.0,102,8,1,0.3000000000000113,33.0
2195,1988,9.0,hockenheimring,False,1.0,False,1.0,False,berger,Austrian,ferrari,3,3,21.0,0.0,3.0,34,0,2,1.5,28.0
2196,1988,9.0,hockenheimring,False,1.0,False,1.0,False,alboreto,Italian,ferrari,4,4,13.0,0.0,5.0,34,0,2,2.6000000000000085,31.0
2218,1988,9.0,hockenheimring,False,1.0,False,1.0,False,piquet,Brazilian,team_lotus,5,26,15.0,0.0,4.0,16,0,4,3.1000000000000085,35.0
2210,1988,9.0,hockenheimring,False,,False,1.0,,nannini,Italian,benetton,6,18,6.0,0.0,9.0,17,0,3,3.6000000000000085,29.0
2197,1988,9.0,hockenheimring,False,1.0,False,1.0,False,capelli,Italian,march,7,5,2.0,,,5,0,7,4.1000000000000085,25.0
2201,1988,9.0,hockenheimring,False,1.0,False,1.0,False,satoru_nakajima,,team_lotus,8,9,1.0,0.0,15.0,16,0,4,4.200000000000003,35.0
2198,1988,9.0,hockenheimring,False,1.0,Auto%#,1.0,False,boutsen,Belgian,benetton,9,6,11.0,0.0,6.0,17,0,3,4.200000000000003,31.0
2200,1988,9.0,hockenheimring,False,1.0,False,1.0,False,gugelmin,Brazilian,march,10,8,3.0,0.0,11.0,5,0,7,4.900000000000006,25.0
2215,1988,9.0,hockenheimring,False,1.0,False,,False,mansell,British,,11,23,6.0,0.0,8.0,7,0,6,5.300000000000011,34.0
2199,1988,9.0,hockenheimring,False,1.0,False,1.0,False,warwick,British,arrows,12,7,9.0,0.0,7.0,10,0,5,5.900000000000006,33.0
2213,1988,9.0,hockenheimring,False,,False,,False,patrese,Italian,williams,13,21,1.0,0.0,16.0,7,0,6,6.1000000000000085,34.0
2205,1988,9.0,hockenheimring,False,1.0,False,1.0,False,cesaris,Italian,,14,13,3.0,0.0,12.0,3,0,9,6.400000000000006,29.0
,1988,9.0,,False,1.0,False,1.0,False,cheever,American,arrows,15,10,1.0,0.0,14.0,10,0,5,6.6000000000000085,30.0
2212,1988,9.0,hockenheimring,False,1.0,False,1.0,False,streiff,French,ags,16,20,0.0,0.0,24.0,0,0,16,7.0,33.0
,1988,9.0,hockenheimring,False,1.0,False,1.0,False,arnoux,French,ligier,17,Auto%#,0.0,0.0,0.0,0,0,14,7.5,40.0
,1988,9.0,hockenheimring,False,,False,1.0,False,larini,,Auto%#,18,22,0.0,0.0,23.0,0,0,15,7.600000000000008,24.0
2207,1988,9.0,hockenheimring,False,,False,1.0,False,caffi,Italian,dallara,19,15,0.0,0.0,19.0,0,0,12,7.700000000000003,24.0
2217,1988,9.0,hockenheimring,False,,False,1.0,False,alliot,French,larrousse,20,25,0.0,0.0,25.0,0,0,11,7.700000000000003,33.0
2211,1988,9.0,hockenheimring,False,1.0,False,1.0,False,dalmas,French,larrousse,21,19,0.0,0.0,18.0,0,0,11,7.800000000000011,26.0
2204,1988,9.0,hockenheimring,False,1.0,False,1.0,False,schneider,German,zakspeed,22,12,0.0,0.0,0.0,0,0,18,8.100000000000009,24.0
2206,1988,9.0,hockenheimring,False,1.0,False,1.0,False,ghinzani,Italian,zakspeed,23,14,0.0,0.0,29.0,0,0,18,8.100000000000009,36.0
2203,1988,9.0,hockenheimring,False,1.0,False,1.0,,palmer,British,tyrrell,24,11,5.0,,10.0,5,0,8,8.300000000000011,31.0
2216,1988,9.0,hockenheimring,False,,False,1.0,False,modena,Italian,eurobrun,25,24,0.0,,27.0,0,0,17,8.400000000000006,25.0
2208,1988,9.0,hockenheimring,False,1.0,False,1.0,False,larrauri,Argentine,eurobrun,26,16,0.0,0.0,28.0,0,0,17,8.400000000000006,33.0
2219,1988,10.0,hungaroring,True,,False,0.0,False,senna,Brazilian,mclaren,1,1,57.0,5.0,2.0,,9,1,0.0,28.0
2233,1988,10.0,hungaroring,True,0.0,False,0.0,False,mansell,British,williams,2,15,6.0,0.0,8.0,7,0,6,0.1000000000000085,34.0
2221,1988,10.0,hungaroring,True,0.0,False,0.0,False,boutsen,Belgian,benetton,3,3,12.0,0.0,6.0,18,0,3,0.4000000000000057,31.0
2243,1988,10.0,hungaroring,True,0.0,False,0.0,False,capelli,Italian,march,4,25,4.0,0.0,11.0,7,0,,0.8000000000000114,25.0
2238,1988,10.0,hungaroring,True,0.0,False,0.0,False,nannini,Italian,benetton,5,20,6.0,0.0,9.0,18,0,3,0.9000000000000057,29.0
2224,1988,10.0,hungaroring,True,0.0,False,0.0,False,patrese,Italian,williams,6,6,1.0,0.0,16.0,7,0,6,1.0,34.0
2220,1988,10.0,hungaroring,True,0.0,False,0.0,False,prost,French,mclaren,7,2,60.0,4.0,,117,9,1,1.2000000000000028,33.0
2223,1988,10.0,hungaroring,True,0.0,False,0.0,False,gugelmin,Brazilian,march,8,5,3.0,,12.0,7,0,7,1.5,25.0
2222,1988,10.0,hungaroring,True,0.0,False,0.0,False,berger,Austrian,ferrari,9,4,25.0,0.0,3.0,41,0,2,1.6000000000000083,28.0
2239,1988,10.0,hungaroring,True,0.0,,0.0,False,caffi,Italian,dallara,10,21,0.0,0.0,19.0,0,0,12,2.300000000000012,24.0
2228,1988,10.0,hungaroring,True,0.0,False,0.0,False,sala,Spanish,minardi,11,10,0.0,0.0,26.0,1,0,10,2.5,29.0
2232,1988,10.0,,True,0.0,False,0.0,False,warwick,British,arrows,12,14,9.0,0.0,7.0,10,0,5,2.6000000000000085,33.0
2226,1988,10.0,hungaroring,True,0.0,False,0.0,False,piquet,Auto%#,team_lotus,13,Auto%#,15.0,0.0,5.0,16,0,4,2.800000000000012,35.0
2234,1988,10.0,hungaroring,True,0.0,False,0.0,False,cheever,American,arrows,14,16,1.0,0.0,,10,0,5,3.300000000000012,30.0
2235,1988,10.0,hungaroring,True,0.0,False,0.0,False,alboreto,Italian,ferrari,Auto%#,17,16.0,0.0,4.0,41,0,2,3.5,31.0
2241,1988,10.0,hungaroring,True,0.0,False,0.0,False,martini,Italian,minardi,16,23,1.0,0.0,17.0,1,0,10,3.5,27.0
2227,1988,10.0,hungaroring,True,0.0,False,0.0,False,dalmas,French,larrousse,17,9,0.0,0.0,18.0,0,0,11,3.6000000000000085,27.0
2237,1988,10.0,hungaroring,True,,False,0.0,False,cesaris,Auto%#,rial,18,19,3.0,0.0,13.0,3,0,9,3.9000000000000057,29.0
,1988,10.0,hungaroring,True,0.0,False,0.0,False,satoru_nakajima,Japanese,team_lotus,19,7,1.0,0.0,15.0,16,0,4,4.0,35.0
2230,1988,10.0,hungaroring,True,0.0,False,0.0,False,alliot,,larrousse,20,12,0.0,,25.0,0,0,11,4.1000000000000085,34.0
2244,1988,10.0,,True,0.0,False,0.0,False,palmer,British,tyrrell,21,26,5.0,0.0,10.0,5,0,8,4.1000000000000085,31.0
2231,1988,10.0,hungaroring,True,0.0,False,0.0,False,tarquini,Italian,coloni,22,13,0.0,0.0,20.0,0,0,13,4.6000000000000085,26.0
2242,1988,10.0,hungaroring,True,0.0,False,0.0,False,streiff,French,ags,23,24,0.0,0.0,24.0,0,0,16,4.700000000000003,33.0
2240,1988,10.0,hungaroring,True,0.0,False,0.0,False,johansson,Swedish,ligier,24,22,0.0,0.0,21.0,0,0,14,4.700000000000003,31.0
2236,1988,10.0,hungaroring,True,0.0,False,0.0,False,arnoux,French,ligier,25,18,0.0,0.0,0.0,0,0,14,4.900000000000006,40.0
2229,1988,10.0,hungaroring,True,0.0,False,,False,modena,Italian,Auto%#,26,11,0.0,0.0,27.0,0,0,17,5.0,25.0
2245,1988,11.0,spa,False,0.0,True,0.0,True,senna,Brazilian,mclaren,1,1,66.0,6.0,1.0,132,10,1,0.0,28.0
2246,1988,11.0,spa,False,0.0,True,0.0,True,prost,French,mclaren,2,2,66.0,4.0,2.0,132,10,1,0.3999999999999915,33.0
2267,1988,11.0,spa,False,0.0,True,0.0,True,berger,Austrian,ferrari,3,23,28.0,0.0,3.0,44,0,2,0.8999999999999915,29.0
2261,1988,11.0,spa,False,0.0,True,0.0,True,alboreto,Italian,ferrari,4,,16.0,0.0,5.0,44,0,2,2.0,31.0
2262,1988,11.0,spa,False,0.0,True,0.0,True,patrese,Italian,williams,5,18,2.0,0.0,14.0,8,0,7,3.3999999999999915,34.0
2258,1988,11.0,spa,False,0.0,True,0.0,True,boutsen,Belgian,benetton,6,14,16.0,0.0,4.0,22,0,3,3.799999999999997,31.0
2259,1988,11.0,spa,False,0.0,True,0.0,True,,Italian,benetton,7,15,6.0,0.0,9.0,22,0,3,3.799999999999997,29.0
2265,1988,11.0,spa,False,0.0,True,0.0,True,satoru_nakajima,Japanese,team_lotus,8,21,1.0,0.0,15.0,16,0,4,3.899999999999992,35.0
2248,1988,11.0,spa,False,0.0,True,0.0,True,piquet,Brazilian,team_lotus,9,4,,0.0,6.0,16,0,Auto%#,4.099999999999994,36.0
2249,1988,11.0,spa,False,,True,0.0,True,warwick,British,,10,5,9.0,0.0,7.0,10,0,5,4.200000000000003,34.0
2250,1988,11.0,spa,False,0.0,True,0.0,True,cheever,American,arrows,11,6,1.0,0.0,16.0,10,0,5,4.299999999999997,30.0
2251,1988,11.0,spa,False,0.0,True,0.0,True,brundle,British,williams,12,7,0.0,0.0,0.0,8,0,7,4.5,29.0
2263,1988,11.0,spa,False,0.0,True,0.0,True,gugelmin,Brazilian,march,13,19,5.0,0.0,10.0,9,0,6,4.700000000000003,25.0
2247,1988,11.0,spa,False,0.0,True,0.0,True,capelli,Italian,march,14,3,4.0,0.0,12.0,9,0,6,5.700000000000003,
2252,1988,11.0,spa,False,0.0,True,0.0,True,caffi,Italian,dallara,15,8,0.0,0.0,19.0,0,0,12,6.099999999999994,24.0
,1988,11.0,spa,False,0.0,True,0.0,True,alliot,French,larrousse,16,9,0.0,0.0,,0,0,11,6.200000000000003,34.0
2270,1988,11.0,spa,False,0.0,True,0.0,True,arnoux,French,ligier,17,26,0.0,0.0,0.0,0,0,,6.299999999999997,40.0
2254,1988,11.0,spa,False,0.0,True,0.0,True,streiff,French,ags,18,10,0.0,,26.0,0,0,Auto%#,6.700000000000003,33.0
2269,1988,11.0,spa,False,0.0,True,0.0,True,cesaris,Italian,rial,19,25,,0.0,13.0,3,0,9,6.799999999999997,29.0
2255,1988,11.0,spa,False,0.0,True,0.0,True,johansson,Swedish,ligier,20,11,0.0,0.0,21.0,0,0,14,7.200000000000003,31.0
2256,1988,11.0,spa,False,,True,0.0,True,palmer,British,,,12,5.0,0.0,11.0,5,0,8,7.399999999999991,31.0
2260,1988,11.0,spa,False,0.0,True,0.0,,tarquini,Italian,coloni,22,16,0.0,0.0,20.0,0,0,13,7.700000000000003,26.0
2268,1988,11.0,spa,,0.0,True,0.0,True,dalmas,French,larrousse,23,24,0.0,0.0,18.0,0,0,11,7.799999999999997,27.0
2264,1988,11.0,spa,False,0.0,True,0.0,True,,Italian,zakspeed,24,20,0.0,0.0,0.0,0,0,18,8.200000000000003,
2257,1988,11.0,spa,False,0.0,True,0.0,True,schneider,German,zakspeed,25,13,0.0,0.0,28.0,0,0,18,8.200000000000003,24.0
,1988,11.0,spa,False,0.0,True,0.0,True,larini,Italian,osella,26,22,,0.0,23.0,0,0,15,8.299999999999997,24.0
2280,1988,12.0,monza,True,0.0,False,0.0,False,senna,Brazilian,mclaren,1,10,75.0,7.0,1.0,147,11,1,0.0,28.0
2284,1988,12.0,,True,0.0,False,0.0,False,prost,French,mclaren,2,14,72.0,4.0,2.0,147,11,1,0.2999999999999971,33.0
2271,1988,12.0,monza,True,0.0,False,0.0,False,berger,Austrian,ferrari,3,1,28.0,0.0,3.0,44,0,2,0.7000000000000028,29.0
2272,1988,12.0,monza,True,0.0,False,0.0,False,alboreto,Italian,ferrari,4,2,16.0,,6.0,44,0,Auto%#,1.0,31.0
2273,1988,12.0,monza,True,0.0,False,0.0,False,cheever,American,arrows,5,3,2.0,,14.0,13,0,6,1.7000000000000028,30.0
2274,1988,12.0,monza,True,0.0,False,0.0,False,warwick,British,arrows,6,4,11.0,0.0,7.0,13,0,6,1.7999999999999972,34.0
2295,,12.0,monza,True,0.0,False,0.0,False,piquet,Brazilian,team_lotus,7,25,18.0,0.0,4.0,19,0,4,2.0,36.0
2276,1988,12.0,monza,True,0.0,False,0.0,Auto%#,boutsen,Auto%#,benetton,8,6,16.0,0.0,5.0,,0,3,2.9000000000000057,31.0
2279,1988,12.0,monza,True,0.0,False,0.0,,nannini,Italian,benetton,9,9,6.0,0.0,10.0,22,0,3,3.0,29.0
2277,1988,12.0,monza,True,0.0,False,0.0,False,patrese,Italian,williams,10,7,2.0,0.0,15.0,8,0,7,3.4000000000000057,34.0
2275,1988,12.0,monza,True,0.0,False,0.0,False,capelli,Italian,march,11,5,8.0,0.0,8.0,13,0,5,3.5,25.0
,1988,12.0,monza,True,0.0,False,0.0,False,satoru_nakajima,Japanese,team_lotus,12,23,1.0,0.0,16.0,19,0,4,3.5,35.0
2278,1988,,monza,True,0.0,False,0.0,False,gugelmin,Brazilian,march,13,8,5.0,0.0,11.0,13,0,5,4.0,25.0
2292,1988,12.0,monza,True,,False,,False,martini,Italian,minardi,14,22,1.0,0.0,17.0,1,0,10,4.099999999999994,27.0
2287,1988,12.0,monza,True,0.0,Auto%#,0.0,False,,German,zakspeed,15,17,0.0,0.0,29.0,0,0,18,4.200000000000003,24.0
2289,1988,12.0,monza,True,0.0,False,0.0,False,ghinzani,Italian,zakspeed,16,19,0.0,0.0,0.0,0,0,18,4.5,36.0
2296,1988,12.0,monza,True,0.0,False,0.0,False,larini,Italian,osella,17,26,0.0,0.0,25.0,0,0,15,4.5,24.0
2288,1988,12.0,monza,True,0.0,False,0.0,False,cesaris,Italian,rial,18,Auto%#,3.0,0.0,13.0,3,0,9,4.599999999999994,29.0
2294,,12.0,monza,True,0.0,False,0.0,False,sala,Spanish,minardi,19,24,0.0,0.0,27.0,1,0,10,4.700000000000003,29.0
2285,1988,12.0,monza,True,0.0,False,0.0,False,alliot,French,larrousse,20,15,0.0,0.0,23.0,0,0,11,5.0,34.0
2290,1988,12.0,monza,True,0.0,False,0.0,False,caffi,Italian,dallara,21,20,0.0,0.0,20.0,0,0,12,5.0,24.0
2281,1988,12.0,monza,True,0.0,False,0.0,False,,French,williams,22,11,0.0,0.0,0.0,8,0,7,5.5,39.0
2286,1988,12.0,monza,True,0.0,False,0.0,,streiff,French,ags,23,16,0.0,0.0,26.0,0,0,16,5.700000000000003,33.0
2283,1988,12.0,monza,True,0.0,Auto%#,0.0,,arnoux,French,ligier,24,13,0.0,0.0,0.0,0,0,14,6.0,40.0
2291,1988,12.0,monza,True,0.0,False,0.0,False,dalmas,French,larrousse,25,21,,0.0,18.0,0,0,11,6.200000000000003,27.0
2282,1988,12.0,monza,True,0.0,False,0.0,False,bailey,British,tyrrell,26,12,0.0,0.0,24.0,5,0,8,6.299999999999997,26.0
2297,1988,13.0,estoril,True,0.0,False,0.0,False,prost,French,mclaren,1,1,72.0,4.0,2.0,147,11,1,0.0,33.0
2302,1988,13.0,Auto%#,True,0.0,False,0.0,False,senna,Brazilian,mclaren,Auto%#,6,75.0,7.0,1.0,147,11,1,0.5,28.0
2298,1988,13.0,estoril,True,0.0,False,0.0,False,capelli,Italian,march,3,2,10.0,0.0,8.0,15,0,6,1.3999999999999917,25.0
2313,1988,13.0,estoril,True,0.0,False,0.0,False,berger,Austrian,ferrari,4,17,37.0,1.0,3.0,59,1,2,1.5,29.0
2309,1988,13.0,estoril,True,0.0,False,0.0,False,gugelmin,Brazilian,march,5,13,,0.0,12.0,15,0,6,1.5999999999999943,25.0
2310,1988,13.0,estoril,True,0.0,False,0.0,False,mansell,British,williams,6,14,6.0,0.0,9.0,,0,7,1.6999999999999886,35.0
2301,1988,13.0,estoril,True,0.0,False,0.0,False,alboreto,Italian,ferrari,7,5,22.0,0.0,4.0,59,1,,2.0,31.0
2314,1988,13.0,estoril,True,0.0,False,0.0,False,piquet,Brazilian,team_lotus,8,18,18.0,0.0,5.0,19,,5,2.1999999999999886,36.0
2312,1988,13.0,estoril,True,0.0,False,0.0,False,nannini,Italian,benetton,9,16,6.0,0.0,11.0,23,0,3,2.1999999999999886,29.0
2300,1988,13.0,estoril,True,0.0,False,0.0,False,warwick,British,arrows,10,4,14.0,0.0,7.0,20,0,4,2.1999999999999886,34.0
2315,1988,,estoril,True,0.0,False,0.0,False,patrese,Italian,williams,11,19,2.0,0.0,15.0,8,0,7,2.3999999999999915,34.0
2319,1988,13.0,estoril,True,0.0,False,0.0,False,cesaris,Italian,rial,12,23,3.0,0.0,14.0,3,0,9,2.5,29.0
2299,1988,13.0,estoril,True,,False,0.0,False,boutsen,Belgian,benetton,Auto%#,3,17.0,0.0,6.0,23,0,3,2.8999999999999915,31.0
2316,1988,13.0,estoril,True,0.0,False,0.0,False,martini,Italian,minardi,14,20,1.0,0.0,17.0,1,0,10,3.299999999999997,27.0
2317,1988,13.0,estoril,True,0.0,False,0.0,False,dalmas,French,larrousse,15,21,0.0,,18.0,0,0,11,3.299999999999997,27.0
2318,1988,13.0,estoril,True,0.0,False,0.0,False,satoru_nakajima,Japanese,team_lotus,16,22,1.0,0.0,16.0,19,0,5,3.3999999999999915,35.0
,1988,13.0,estoril,True,0.0,False,0.0,False,caffi,Italian,dallara,17,7,0.0,0.0,20.0,0,0,12,3.5,24.0
2320,1988,13.0,estoril,True,0.0,False,0.0,False,cheever,American,arrows,18,24,6.0,0.0,10.0,20,0,4,3.5999999999999943,30.0
2304,1988,13.0,estoril,True,0.0,False,0.0,False,sala,Spanish,minardi,19,8,0.0,0.0,27.0,1,0,10,3.6999999999999886,29.0
2321,1988,13.0,estoril,True,0.0,False,0.0,False,alliot,French,larrousse,20,Auto%#,0.0,,23.0,0,0,11,3.6999999999999886,34.0
2305,1988,13.0,estoril,True,0.0,False,0.0,False,streiff,French,ags,21,9,0.0,0.0,26.0,0,0,16,4.0,33.0
2311,1988,13.0,estoril,True,0.0,False,0.0,False,palmer,British,tyrrell,22,15,5.0,0.0,13.0,5,0,,4.399999999999992,31.0
2306,1988,13.0,,True,0.0,,0.0,False,arnoux,French,ligier,23,10,0.0,0.0,0.0,0,0,14,4.399999999999992,40.0
2322,1988,13.0,estoril,True,0.0,False,0.0,False,johansson,Swedish,ligier,24,26,0.0,0.0,22.0,0,0,14,4.599999999999994,32.0
2308,1988,13.0,estoril,,0.0,False,0.0,False,larini,Italian,osella,25,12,0.0,0.0,25.0,0,0,15,4.699999999999989,24.0
2307,1988,13.0,estoril,True,0.0,False,0.0,False,tarquini,Italian,coloni,26,11,0.0,0.0,21.0,,0,13,4.799999999999997,26.0
2326,1988,14.0,jerez,True,0.0,False,0.0,False,senna,Brazilian,mclaren,1,4,76.0,7.0,2.0,157,12,1,0.0,28.0
2323,,14.0,jerez,True,0.0,False,0.0,False,prost,French,mclaren,2,1,81.0,5.0,1.0,157,12,,0.0,33.0
2324,1988,14.0,jerez,True,0.0,False,0.0,False,mansell,British,williams,3,2,6.0,0.0,9.0,8,0,,0.2000000000000028,35.0
2331,1988,14.0,jerez,True,0.0,False,0.0,False,boutsen,Belgian,benetton,4,9,,0.0,5.0,,0,3,0.8000000000000114,31.0
2325,1988,14.0,jerez,True,0.0,False,0.0,False,nannini,Italian,benetton,5,3,6.0,0.0,11.0,27,0,3,0.9000000000000057,29.0
2339,1988,14.0,jerez,True,0.0,False,0.0,,,Italian,march,6,17,16.0,,8.0,21,0,,1.0,25.0
2327,1988,14.0,jerez,True,0.0,False,0.0,False,patrese,Italian,williams,7,5,2.0,0.0,15.0,8,0,7,1.1000000000000083,34.0
2328,1988,14.0,jerez,True,,False,0.0,False,berger,Austrian,ferrari,8,6,37.0,1.0,3.0,61,1,2,,29.0
2330,1988,14.0,Auto%#,True,0.0,False,0.0,False,piquet,Brazilian,team_lotus,9,8,18.0,0.0,6.0,19,0,6,1.5,36.0
2343,1988,14.0,,True,0.0,False,0.0,False,alboreto,Italian,ferrari,10,21,24.0,0.0,4.0,61,1,2,2.300000000000012,31.0
2329,1988,14.0,jerez,True,0.0,Auto%#,0.0,False,gugelmin,Brazilian,march,11,7,5.0,0.0,12.0,,0,5,2.5,25.0
2336,1988,14.0,jerez,True,,False,,False,alliot,French,larrousse,12,14,0.0,0.0,25.0,0,0,11,2.700000000000003,34.0
,1988,14.0,jerez,True,0.0,False,,False,streiff,French,ags,13,20,0.0,0.0,23.0,0,0,15,2.9000000000000057,33.0
2346,1988,14.0,,True,0.0,False,0.0,False,larini,Italian,osella,14,24,0.0,0.0,27.0,0,0,16,2.9000000000000057,24.0
2345,1988,14.0,jerez,True,0.0,False,0.0,False,satoru_nakajima,Japanese,team_lotus,15,Auto%#,1.0,0.0,16.0,19,0,6,3.1000000000000085,35.0
2333,1988,14.0,jerez,True,0.0,False,0.0,False,dalmas,French,larrousse,16,11,0.0,0.0,18.0,0,0,11,3.1000000000000085,27.0
2340,1988,14.0,jerez,True,0.0,False,,False,warwick,British,arrows,17,18,17.0,0.0,7.0,23,0,4,3.1000000000000085,34.0
2332,1988,14.0,jerez,True,0.0,False,0.0,False,caffi,Italian,dallara,18,10,0.0,0.0,19.0,0,0,Auto%#,3.200000000000003,24.0
2348,1988,14.0,jerez,True,0.0,False,0.0,False,arnoux,French,ligier,19,,0.0,0.0,28.0,0,0,14,3.300000000000012,40.0
2344,1988,14.0,jerez,True,0.0,False,0.0,False,martini,Italian,minardi,20,22,1.0,0.0,17.0,1,0,10,3.300000000000012,27.0
2337,1988,14.0,jerez,True,0.0,False,0.0,False,johansson,Swedish,,21,15,0.0,0.0,24.0,0,0,14,3.4000000000000057,32.0
2347,1988,14.0,jerez,True,0.0,False,0.0,False,palmer,British,tyrrell,22,25,5.0,0.0,13.0,5,0,8,3.4000000000000057,31.0
2341,1988,14.0,jerez,True,0.0,False,0.0,False,cesaris,Italian,rial,23,19,3.0,0.0,14.0,3,0,9,3.700000000000003,29.0
2334,1988,14.0,jerez,True,0.0,False,0.0,False,sala,Spanish,Auto%#,24,12,0.0,0.0,21.0,1,0,10,3.700000000000003,29.0
2338,,14.0,jerez,True,0.0,False,0.0,False,cheever,American,arrows,25,16,6.0,0.0,10.0,23,0,4,3.8000000000000114,30.0
2335,1988,14.0,Auto%#,True,0.0,False,0.0,False,modena,Italian,eurobrun,26,13,0.0,0.0,29.0,0,0,17,3.9000000000000057,25.0
2349,1988,15.0,suzuka,False,1.0,False,1.0,False,senna,Brazilian,mclaren,1,1,79.0,7.0,2.0,169,13,1,0.0,28.0
2350,1988,15.0,suzuka,False,1.0,False,1.0,False,prost,French,mclaren,2,2,84.0,6.0,1.0,169,13,1,0.2999999999999971,33.0
2352,1988,15.0,suzuka,False,1.0,False,1.0,False,berger,Austrian,ferrari,3,,38.0,1.0,3.0,62,1,2,1.5,29.0
2372,1988,15.0,,False,1.0,False,1.0,False,capelli,Italian,march,4,24,16.0,0.0,8.0,21,0,Auto%#,1.6999999999999886,25.0
2369,1988,15.0,suzuka,False,1.0,False,1.0,False,piquet,Brazilian,team_lotus,5,21,18.0,0.0,6.0,19,0,6,1.7999999999999972,
2355,,15.0,suzuka,False,1.0,False,,False,satoru_nakajima,Japanese,team_lotus,6,7,1.0,0.0,16.0,19,0,6,1.7999999999999972,35.0
2373,1988,15.0,suzuka,False,1.0,False,1.0,False,warwick,British,arrows,7,25,17.0,0.0,7.0,23,0,4,1.8999999999999917,34.0
2370,1988,15.0,suzuka,False,1.0,False,1.0,False,mansell,British,Auto%#,8,22,12.0,0.0,9.0,16,0,7,2.0,35.0
2359,,15.0,suzuka,,1.0,False,1.0,False,alboreto,Italian,ferrari,9,11,24.0,0.0,4.0,62,1,2,2.0999999999999943,31.0
2351,1988,15.0,suzuka,False,1.0,False,1.0,False,boutsen,Belgian,benetton,10,3,21.0,0.0,5.0,31,0,3,2.5999999999999943,31.0
2354,1988,15.0,suzuka,False,1.0,False,1.0,False,,Italian,williams,11,6,4.0,0.0,14.0,16,0,7,2.6999999999999886,34.0
2353,1988,,suzuka,False,1.0,False,1.0,False,nannini,Italian,benetton,12,5,10.0,,10.0,31,0,3,2.6999999999999886,29.0
2358,1988,15.0,suzuka,False,1.0,False,1.0,False,gugelmin,Brazilian,march,13,10,5.0,0.0,12.0,21,0,5,3.1999999999999886,25.0
2366,1988,15.0,,False,1.0,False,1.0,False,cesaris,Italian,rial,14,18,3.0,0.0,15.0,3,0,9,3.6999999999999886,29.0
2367,1988,15.0,suzuka,False,,False,1.0,False,cheever,,arrows,15,19,6.0,0.0,11.0,,0,4,3.899999999999992,30.0
2360,,15.0,suzuka,False,1.0,False,1.0,False,palmer,British,tyrrell,16,12,,0.0,13.0,5,0,8,4.0,
2361,1988,15.0,suzuka,False,1.0,False,1.0,False,martini,Italian,minardi,17,13,1.0,0.0,17.0,1,0,10,4.5,27.0
2356,1988,15.0,suzuka,False,1.0,False,1.0,False,streiff,French,ags,18,8,0.0,0.0,23.0,0,0,15,4.599999999999994,33.0
2357,1988,15.0,suzuka,False,1.0,False,1.0,False,alliot,French,larrousse,19,9,0.0,0.0,,0,0,11,4.599999999999994,34.0
2364,1988,15.0,suzuka,False,1.0,False,1.0,False,suzuki,Japanese,larrousse,20,16,0.0,0.0,0.0,,0,11,5.0,28.0
2371,1988,15.0,suzuka,False,1.0,False,1.0,Auto%#,caffi,Italian,dallara,21,23,0.0,0.0,19.0,0,0,,5.099999999999994,24.0
2363,1988,,suzuka,False,1.0,False,1.0,False,sala,Spanish,minardi,22,15,0.0,0.0,21.0,1,0,10,5.199999999999989,29.0
2365,1988,15.0,suzuka,False,1.0,False,1.0,False,arnoux,French,ligier,23,17,0.0,0.0,28.0,0,0,14,5.299999999999997,40.0
2368,1988,15.0,,False,,False,1.0,False,larini,Italian,osella,24,20,0.0,0.0,27.0,0,0,16,5.599999999999994,24.0
2374,1988,15.0,suzuka,False,1.0,False,1.0,False,schneider,German,zakspeed,25,26,0.0,0.0,0.0,0,0,18,5.699999999999989,24.0
2362,1988,15.0,suzuka,False,1.0,False,1.0,False,bailey,British,tyrrell,26,Auto%#,0.0,0.0,26.0,5,0,8,6.699999999999989,27.0
2376,1988,16.0,adelaide,True,0.0,False,0.0,True,senna,Brazilian,mclaren,1,2,87.0,8.0,1.0,184,14,1,0.0,28.0
2375,1988,16.0,adelaide,True,0.0,False,0.0,True,prost,French,mclaren,2,1,84.0,6.0,2.0,184,14,1,0.2000000000000028,33.0
,1988,16.0,adelaide,True,0.0,False,0.0,True,mansell,British,williams,3,,12.0,0.0,9.0,17,,7,1.7000000000000028,35.0
2396,1988,16.0,adelaide,True,0.0,False,,True,berger,Austrian,ferrari,4,22,41.0,1.0,3.0,65,1,2,1.7999999999999972,29.0
2377,1988,16.0,adelaide,True,0.0,False,0.0,True,piquet,Brazilian,team_lotus,5,3,18.0,0.0,6.0,19,0,6,1.7999999999999972,36.0
2378,1988,16.0,adelaide,True,0.0,False,0.0,True,patrese,Italian,williams,6,4,5.0,0.0,14.0,17,0,7,2.200000000000003,34.0
2390,1988,16.0,adelaide,True,0.0,False,,True,warwick,British,arrows,7,16,17.0,0.0,7.0,23,0,4,2.3999999999999915,34.0
2388,1988,16.0,,True,0.0,False,0.0,True,nannini,Italian,benetton,8,14,12.0,0.0,10.0,37,0,3,2.5,29.0
2380,1988,16.0,adelaide,True,0.0,False,0.0,True,capelli,Italian,march,9,6,16.0,0.0,8.0,21,0,5,2.799999999999997,25.0
2379,1988,16.0,adelaide,True,0.0,False,0.0,True,boutsen,Belgian,benetton,10,5,25.0,0.0,4.0,37,0,3,2.799999999999997,31.0
2395,1988,16.0,adelaide,True,0.0,False,0.0,True,caffi,Italian,dallara,11,21,0.0,0.0,19.0,0,0,12,3.0999999999999943,24.0
2400,1988,16.0,adelaide,True,0.0,False,0.0,True,alboreto,Italian,ferrari,12,26,24.0,0.0,5.0,65,1,2,3.0999999999999943,31.0
2393,1988,16.0,adelaide,True,0.0,False,0.0,True,satoru_nakajima,Japanese,team_lotus,13,19,1.0,0.0,16.0,19,0,6,3.200000000000003,35.0
2381,1988,16.0,adelaide,True,0.0,False,0.0,True,martini,Italian,minardi,14,7,1.0,0.0,17.0,1,0,10,3.3999999999999915,27.0
2382,1988,16.0,adelaide,True,0.0,False,0.0,True,cesaris,Italian,rial,15,8,3.0,0.0,15.0,3,0,9,3.5,29.0
2385,1988,16.0,adelaide,True,0.0,False,0.0,True,streiff,French,ags,16,11,0.0,,21.0,0,0,13,3.5999999999999943,33.0
2398,1988,16.0,adelaide,True,0.0,False,,True,palmer,British,tyrrell,17,24,5.0,0.0,13.0,5,0,8,3.5999999999999943,32.0
2391,1988,16.0,adelaide,True,0.0,False,0.0,True,cheever,,arrows,18,17,6.0,0.0,11.0,23,0,4,3.700000000000003,30.0
2392,1988,16.0,adelaide,True,0.0,False,0.0,True,gugelmin,Brazilian,,19,18,5.0,0.0,12.0,21,0,5,3.899999999999992,25.0
2389,1988,16.0,adelaide,True,0.0,False,,True,modena,Italian,,20,15,0.0,0.0,29.0,0,0,17,4.200000000000003,25.0
2394,1988,16.0,adelaide,True,0.0,False,0.0,True,sala,Spanish,minardi,21,20,0.0,0.0,22.0,1,0,10,4.200000000000003,29.0
2383,1988,16.0,adelaide,True,0.0,False,0.0,True,johansson,Swedish,ligier,22,9,0.0,0.0,,0,0,15,4.299999999999997,32.0
2397,1988,16.0,adelaide,True,0.0,False,0.0,True,arnoux,Auto%#,ligier,23,23,0.0,0.0,28.0,0,0,15,4.299999999999997,40.0
2384,,16.0,adelaide,True,0.0,False,0.0,True,alliot,French,larrousse,24,10,0.0,0.0,24.0,0,0,11,4.5,34.0
2399,1988,16.0,adelaide,,0.0,False,0.0,True,larrauri,Argentine,eurobrun,,25,0.0,0.0,0.0,0,0,17,4.5,34.0
2386,1988,16.0,adelaide,True,0.0,False,0.0,True,ghinzani,Italian,zakspeed,26,12,0.0,,0.0,0,0,18,4.599999999999994,36.0
2411,,1.0,jacarepagua,True,0.0,False,0.0,False,senna,Brazilian,mclaren,1,11,0.0,0.0,0.0,0,0,0,0.0,29.0
2415,1989,1.0,Auto%#,True,0.0,False,0.0,False,patrese,Italian,williams,2,,0.0,0.0,0.0,0,0,0,0.9000000000000057,34.0
2425,1989,1.0,jacarepagua,True,0.0,False,0.0,False,berger,Austrian,ferrari,3,25,0.0,0.0,0.0,0,0,0,1.0,29.0
2423,1989,1.0,jacarepagua,True,,False,0.0,False,boutsen,Belgian,williams,4,23,0.0,0.0,0.0,0,0,0,1.2000000000000028,31.0
2402,1989,1.0,jacarepagua,True,0.0,False,0.0,False,prost,French,mclaren,5,2,0.0,0.0,0.0,0,0,0,1.2999999999999972,34.0
2401,1989,1.0,jacarepagua,True,0.0,False,0.0,False,mansell,British,ferrari,6,1,0.0,0.0,0.0,0,0,0,1.5,35.0
2419,,1.0,jacarepagua,True,0.0,False,0.0,False,capelli,Italian,march,7,19,0.0,0.0,0.0,0,0,0,1.7000000000000028,25.0
2405,1989,1.0,jacarepagua,True,0.0,False,0.0,False,warwick,British,arrows,8,5,0.0,0.0,0.0,0,0,0,2.1000000000000085,34.0
2420,1989,1.0,jacarepagua,True,0.0,False,0.0,False,piquet,Brazilian,team_lotus,9,20,0.0,0.0,0.0,0,0,0,2.1000000000000085,36.0
2404,1989,1.0,jacarepagua,True,,False,0.0,Auto%#,herbert,British,benetton,10,4,0.0,0.0,0.0,0,0,0,2.299999999999997,24.0
2406,1989,1.0,jacarepagua,True,0.0,False,0.0,False,nannini,Italian,benetton,,Auto%#,0.0,0.0,0.0,0,0,0,2.6000000000000085,
,1989,1.0,jacarepagua,True,0.0,False,0.0,False,gugelmin,Brazilian,march,12,3,0.0,0.0,0.0,0,0,0,2.700000000000003,25.0
2418,1989,1.0,jacarepagua,True,0.0,False,0.0,False,brundle,British,brabham,13,18,0.0,0.0,0.0,0,0,0,3.0,29.0
2422,1989,1.0,jacarepagua,True,0.0,False,0.0,False,modena,Italian,brabham,14,Auto%#,0.0,0.0,0.0,0,0,0,3.299999999999997,25.0
2413,1989,1.0,jacarepagua,True,0.0,False,0.0,False,cesaris,Italian,dallara,15,13,0.0,0.0,0.0,0,0,0,3.700000000000003,29.0
2424,1989,1.0,,True,0.0,False,0.0,False,martini,Italian,minardi,16,24,0.0,0.0,0.0,0,0,0,4.1000000000000085,27.0
2414,1989,1.0,jacarepagua,True,0.0,False,0.0,False,danner,German,rial,17,14,,0.0,0.0,0,0,0,4.200000000000003,30.0
2407,1989,1.0,jacarepagua,True,0.0,,0.0,False,palmer,British,tyrrell,18,7,0.0,0.0,0.0,0,0,0,4.299999999999997,32.0
2421,1989,1.0,jacarepagua,True,0.0,False,0.0,False,,Italian,osella,19,21,0.0,0.0,0.0,0,0,0,4.799999999999997,25.0
2410,1989,1.0,jacarepagua,True,0.0,,0.0,False,alboreto,Italian,tyrrell,20,10,0.0,0.0,0.0,0,0,0,5.0,32.0
2408,1989,1.0,jacarepagua,True,0.0,False,0.0,False,satoru_nakajima,Japanese,team_lotus,21,,0.0,0.0,0.0,0,0,0,5.1000000000000085,36.0
2409,1989,1.0,jacarepagua,True,0.0,False,0.0,False,grouillard,French,ligier,22,9,0.0,0.0,0.0,0,0,0,5.1000000000000085,30.0
2426,1989,1.0,jacarepagua,True,0.0,False,0.0,False,sala,Spanish,minardi,23,26,0.0,0.0,0.0,0,0,0,5.299999999999997,29.0
2416,1989,1.0,jacarepagua,True,0.0,False,0.0,False,cheever,American,arrows,24,16,0.0,0.0,,0,0,0,5.400000000000006,31.0
2417,1989,1.0,jacarepagua,,0.0,False,0.0,Auto%#,schneider,German,zakspeed,25,17,0.0,0.0,0.0,0,0,0,5.6000000000000085,24.0
2412,1989,1.0,jacarepagua,True,0.0,False,,Auto%#,alliot,French,larrousse,26,12,0.0,0.0,0.0,0,0,0,5.700000000000003,
2427,,2.0,imola,True,0.0,False,0.0,False,senna,,,1,1,,0.0,11.0,6,0,2,0.0,29.0
2428,1989,2.0,Auto%#,True,0.0,False,0.0,False,prost,French,mclaren,2,2,6.0,0.0,2.0,6,0,2,0.2000000000000028,34.0
2444,1989,,imola,True,0.0,False,0.0,False,mansell,British,ferrari,3,18,9.0,1.0,1.0,9,1,1,1.7000000000000028,35.0
2445,1989,2.0,imola,True,0.0,False,0.0,False,patrese,Italian,williams,4,19,0.0,0.0,15.0,0,0,12,1.9000000000000057,35.0
2449,1989,2.0,imola,True,,False,0.0,False,berger,Austrian,ferrari,5,23,0.0,0.0,24.0,9,1,,2.0999999999999943,
2430,1989,2.0,imola,True,0.0,False,0.0,False,boutsen,Belgian,williams,6,4,0.0,0.0,22.0,0,0,12,2.299999999999997,31.0
2429,1989,2.0,imola,True,0.0,False,0.0,False,nannini,Italian,benetton,7,3,1.0,0.0,6.0,4,0,4,2.9000000000000057,29.0
2443,1989,2.0,imola,True,0.0,False,0.0,False,piquet,Brazilian,team_lotus,8,17,0.0,0.0,20.0,0,0,7,3.0999999999999943,36.0
2433,1989,2.0,imola,,,Auto%#,0.0,False,caffi,Italian,dallara,9,7,0.0,0.0,30.0,0,0,10,3.0999999999999943,25.0
2448,1989,2.0,imola,True,0.0,False,0.0,False,grouillard,French,ligier,10,22,0.0,0.0,9.0,0,0,8,3.0999999999999943,30.0
2447,1989,2.0,imola,True,0.0,False,0.0,False,martini,Italian,minardi,11,21,0.0,0.0,23.0,0,0,15,3.200000000000003,28.0
2431,1989,2.0,imola,True,0.0,False,0.0,False,warwick,British,arrows,12,5,2.0,0.0,5.0,2,,5,3.299999999999997,34.0
2450,1989,,imola,True,0.0,False,0.0,False,capelli,Italian,march,13,24,0.0,0.0,19.0,4,0,3,3.4000000000000057,25.0
2438,1989,2.0,imola,True,0.0,False,0.0,False,larini,Italian,osella,14,12,0.0,0.0,0.0,0,0,18,3.5,25.0
2441,1989,2.0,imola,True,0.0,False,0.0,False,sala,Spanish,minardi,15,15,0.0,0.0,25.0,0,0,15,3.5,29.0
2436,1989,2.0,imola,True,0.0,False,0.0,False,cesaris,Auto%#,dallara,16,10,0.0,0.0,13.0,0,0,10,3.700000000000003,29.0
2446,1989,2.0,imola,True,0.0,False,0.0,False,modena,Italian,brabham,17,20,0.0,0.0,21.0,0,0,14,3.799999999999997,25.0
2434,1989,2.0,imola,True,0.0,False,0.0,False,tarquini,Italian,ags,18,8,0.0,0.0,0.0,0,,19,3.9000000000000057,27.0
2442,1989,,imola,True,0.0,False,0.0,False,gugelmin,Brazilian,march,19,16,4.0,0.0,3.0,4,0,3,4.200000000000003,26.0
2451,1989,2.0,,True,0.0,False,0.0,False,alliot,French,larrousse,20,25,0.0,0.0,12.0,0,0,9,4.200000000000003,34.0
2435,1989,2.0,,True,0.0,False,0.0,,cheever,American,arrows,21,9,0.0,0.0,16.0,2,0,5,4.200000000000003,31.0
2439,1989,2.0,imola,True,0.0,False,0.0,False,brundle,British,brabham,22,13,0.0,0.0,18.0,0,0,14,4.299999999999997,29.0
2437,1989,2.0,,True,0.0,False,,False,herbert,British,benetton,23,11,3.0,0.0,4.0,4,0,4,4.299999999999997,24.0
2440,1989,2.0,imola,True,0.0,False,0.0,False,satoru_nakajima,Japanese,team_lotus,24,14,0.0,0.0,8.0,0,0,7,4.700000000000003,36.0
2432,1989,2.0,imola,True,0.0,False,0.0,False,palmer,British,tyrrell,25,6,0.0,0.0,7.0,0,0,6,4.900000000000006,32.0
2452,1989,2.0,imola,True,0.0,False,0.0,False,dalmas,Auto%#,larrousse,,26,0.0,0.0,26.0,0,0,9,5.099999999999994,27.0
2453,1989,3.0,monaco,True,0.0,False,0.0,False,senna,Auto%#,mclaren,1,1,9.0,1.0,2.0,21,1,1,0.0,29.0
2454,1989,3.0,monaco,True,0.0,False,0.0,False,prost,French,mclaren,2,2,12.0,0.0,1.0,21,1,1,1.2000000000000028,34.0
2462,1989,3.0,monaco,True,0.0,False,0.0,False,boutsen,Belgian,williams,3,10,3.0,0.0,8.0,3,0,6,2.0,31.0
2458,1989,3.0,monaco,True,0.0,False,,False,brundle,British,brabham,4,6,0.0,0.0,21.0,0,0,15,2.299999999999997,29.0
2474,1989,3.0,monaco,True,0.0,False,0.0,False,mansell,British,ferrari,5,22,9.0,1.0,3.0,9,1,Auto%#,2.4000000000000057,35.0
2478,1989,3.0,monaco,True,0.0,False,0.0,False,warwick,,arrows,6,26,4.0,0.0,6.0,4,0,5,2.5,34.0
2467,1989,3.0,monaco,True,0.0,False,0.0,False,patrese,Italian,williams,7,15,0.0,0.0,20.0,3,0,6,2.700000000000003,35.0
,1989,3.0,monaco,True,0.0,False,0.0,False,modena,Italian,brabham,8,3,0.0,0.0,26.0,0,0,15,2.799999999999997,25.0
2456,1989,,monaco,True,0.0,False,0.0,False,caffi,Italian,dallara,9,4,0.0,0.0,10.0,0,0,8,3.200000000000003,25.0
2465,1989,3.0,monaco,True,0.0,False,0.0,False,cesaris,Italian,dallara,10,13,0.0,,15.0,0,0,8,3.200000000000003,29.0
2477,1989,3.0,monaco,True,0.0,False,0.0,False,martini,Italian,minardi,11,25,0.0,0.0,27.0,0,0,16,4.0,28.0
2457,1989,3.0,monaco,True,0.0,False,0.0,False,alboreto,Italian,tyrrell,12,5,0.0,0.0,16.0,1,0,7,4.1000000000000085,32.0
2469,,3.0,monaco,True,0.0,False,0.0,Auto%#,tarquini,Italian,ags,Auto%#,17,0.0,0.0,12.0,0,0,10,4.1000000000000085,27.0
2472,1989,,monaco,True,0.0,False,0.0,False,gugelmin,Brazilian,march,14,20,4.0,0.0,5.0,4,0,4,4.200000000000003,26.0
2460,1989,3.0,monaco,True,0.0,False,0.0,False,nannini,Italian,benetton,15,8,5.0,0.0,4.0,8,0,3,4.299999999999997,29.0
2476,1989,3.0,monaco,True,0.0,False,0.0,False,grouillard,French,ligier,16,24,0.0,0.0,14.0,0,0,11,4.5,30.0
2471,1989,3.0,monaco,True,0.0,False,0.0,False,alliot,French,larrousse,17,19,0.0,0.0,17.0,0,0,12,4.6000000000000085,34.0
2475,1989,3.0,monaco,True,0.0,False,0.0,False,raphanel,French,coloni,18,23,0.0,0.0,0.0,0,0,19,4.700000000000003,27.0
2473,1989,3.0,monaco,True,0.0,False,0.0,False,piquet,Brazilian,team_lotus,19,21,0.0,0.0,23.0,0,0,9,4.700000000000003,36.0
2459,1989,3.0,monaco,True,0.0,False,0.0,False,cheever,American,arrows,20,7,0.0,0.0,13.0,4,0,5,4.799999999999997,31.0
2464,1989,3.0,monaco,True,0.0,False,0.0,False,arnoux,French,ligier,21,12,0.0,0.0,30.0,0,0,11,4.900000000000006,40.0
2463,1989,3.0,monaco,True,0.0,False,0.0,False,capelli,Italian,march,22,11,0.0,0.0,25.0,4,0,4,5.0,25.0
2461,1989,3.0,monaco,True,0.0,False,0.0,False,palmer,British,tyrrell,23,9,1.0,0.0,9.0,1,0,7,5.200000000000003,32.0
2466,1989,3.0,monaco,True,0.0,False,0.0,False,herbert,British,benetton,24,14,3.0,0.0,7.0,8,0,3,5.400000000000006,24.0
2470,1989,3.0,monaco,True,0.0,False,0.0,False,moreno,Brazilian,coloni,25,18,0.0,0.0,,0,0,19,5.400000000000006,30.0
2468,1989,3.0,monaco,True,0.0,False,0.0,False,sala,,minardi,26,16,0.0,0.0,22.0,0,0,16,5.5,29.0
2479,1989,4.0,rodriguez,True,0.0,Auto%#,0.0,False,senna,Brazilian,mclaren,1,1,18.0,2.0,1.0,36,2,1,0.0,29.0
2483,1989,,rodriguez,True,0.0,False,0.0,False,prost,French,mclaren,2,5,,0.0,2.0,36,2,1,0.8999999999999915,34.0
2495,1989,4.0,rodriguez,True,0.0,False,0.0,False,mansell,British,ferrari,,17,9.0,1.0,,,1,2,1.1999999999999886,35.0
2504,1989,4.0,rodriguez,True,0.0,False,0.0,False,capelli,Italian,march,4,26,0.0,0.0,19.0,4,0,5,1.3999999999999917,26.0
2480,1989,4.0,rodriguez,True,0.0,False,0.0,False,patrese,Italian,williams,5,2,0.0,0.0,24.0,3,0,8,1.7999999999999972,35.0
2500,1989,4.0,rodriguez,True,0.0,False,0.0,False,berger,Austrian,Auto%#,6,22,0.0,0.0,30.0,9,1,,1.8999999999999917,29.0
2481,1989,4.0,rodriguez,True,0.0,False,,False,alboreto,Italian,tyrrell,7,3,2.0,0.0,11.0,3,0,9,2.1999999999999886,32.0
2502,1989,4.0,rodriguez,True,0.0,False,0.0,False,boutsen,Belgian,williams,8,24,3.0,0.0,9.0,3,0,8,2.299999999999997,31.0
2488,1989,4.0,rodriguez,True,0.0,False,0.0,False,modena,Italian,brabham,9,10,4.0,0.0,,5,0,4,2.5999999999999943,26.0
2496,1989,4.0,rodriguez,True,0.0,False,0.0,,warwick,British,arrows,10,18,4.0,0.0,7.0,4,0,6,2.6999999999999886,
2486,1989,4.0,rodriguez,True,0.0,False,0.0,False,grouillard,French,ligier,11,8,0.0,0.0,17.0,0,0,12,3.0,30.0
2499,1989,4.0,rodriguez,True,0.0,False,0.0,False,cesaris,Italian,dallara,,21,0.0,0.0,18.0,3,0,7,3.0,29.0
2482,1989,4.0,rodriguez,True,0.0,False,0.0,False,nannini,Italian,benetton,13,4,5.0,0.0,4.0,8,0,3,3.0,29.0
2503,1989,4.0,rodriguez,True,0.0,False,0.0,Auto%#,palmer,British,tyrrell,Auto%#,25,1.0,0.0,12.0,3,,9,3.0,32.0
2497,1989,4.0,rodriguez,True,,False,0.0,False,satoru_nakajima,Japanese,Auto%#,15,Auto%#,0.0,0.0,15.0,0,0,10,3.0,36.0
2498,,4.0,rodriguez,True,0.0,False,0.0,False,alliot,French,larrousse,16,20,0.0,0.0,20.0,0,0,13,3.0999999999999943,34.0
2484,1989,4.0,rodriguez,True,0.0,False,0.0,False,tarquini,Italian,ags,17,6,0.0,0.0,16.0,0,0,11,3.0999999999999943,27.0
2493,1989,4.0,rodriguez,True,0.0,False,0.0,False,herbert,British,benetton,18,15,3.0,0.0,10.0,8,0,3,3.1999999999999886,24.0
2491,1989,4.0,rodriguez,True,0.0,False,0.0,False,caffi,Italian,dallara,19,13,3.0,0.0,8.0,3,0,7,3.1999999999999886,25.0
2487,1989,4.0,rodriguez,True,0.0,False,0.0,False,brundle,British,brabham,20,9,1.0,0.0,13.0,5,0,,3.299999999999997,29.0
2501,1989,4.0,rodriguez,True,0.0,False,0.0,False,johansson,Swedish,onyx,21,23,0.0,0.0,0.0,0,0,20,3.5,32.0
2494,1989,4.0,rodriguez,True,0.0,,,False,martini,Italian,minardi,22,16,0.0,0.0,29.0,0,0,16,3.5999999999999943,28.0
2490,1989,,rodriguez,True,0.0,False,0.0,False,danner,German,rial,23,12,0.0,0.0,23.0,0,0,15,3.799999999999997,31.0
2485,1989,4.0,,True,0.0,False,0.0,,cheever,American,arrows,24,7,0.0,0.0,14.0,4,0,6,3.799999999999997,31.0
2492,1989,4.0,rodriguez,True,0.0,False,0.0,False,arnoux,French,ligier,25,14,0.0,0.0,21.0,0,0,12,3.899999999999992,40.0
2489,1989,4.0,rodriguez,True,0.0,False,0.0,False,piquet,Brazilian,team_lotus,26,11,0.0,0.0,26.0,0,0,10,3.899999999999992,36.0
2519,1989,5.0,phoenix,False,0.0,False,0.0,False,senna,Brazilian,Auto%#,1,15,27.0,3.0,1.0,47,3,1,0.0,29.0
2505,1989,5.0,phoenix,,0.0,,0.0,False,prost,French,mclaren,2,1,20.0,0.0,2.0,47,3,1,1.4000000000000057,34.0
2528,1989,5.0,phoenix,False,0.0,False,,False,nannini,Italian,benetton,3,24,8.0,0.0,4.0,11,0,2,1.7000000000000028,29.0
2522,1989,5.0,phoenix,False,,False,0.0,False,mansell,British,ferrari,4,18,9.0,1.0,3.0,9,1,3,1.8000000000000114,35.0
,1989,5.0,phoenix,False,0.0,False,0.0,False,brundle,British,brabham,5,16,1.0,0.0,15.0,5,0,6,1.9000000000000057,30.0
2515,1989,5.0,phoenix,False,0.0,Auto%#,,False,caffi,Italian,dallara,6,11,3.0,0.0,10.0,3,0,9,2.1000000000000085,25.0
2521,1989,5.0,phoenix,False,0.0,False,0.0,False,modena,Italian,brabham,7,17,4.0,0.0,7.0,5,0,6,2.200000000000003,26.0
2514,1989,5.0,phoenix,False,0.0,False,0.0,False,berger,Austrian,ferrari,8,10,0.0,0.0,30.0,9,1,3,2.300000000000012,29.0
2527,1989,5.0,phoenix,False,0.0,False,0.0,False,alboreto,Italian,tyrrell,9,23,6.0,0.0,,7,0,5,2.4000000000000057,32.0
2529,1989,5.0,phoenix,False,,False,0.0,False,warwick,British,arrows,10,25,4.0,0.0,,4,0,8,2.4000000000000057,34.0
2525,1989,5.0,Auto%#,False,0.0,False,0.0,False,capelli,Italian,march,11,21,0.0,0.0,21.0,4,0,7,2.4000000000000057,26.0
2530,1989,5.0,phoenix,False,0.0,False,0.0,False,alliot,French,larrousse,12,26,0.0,0.0,24.0,0,0,14,2.5,34.0
2512,1989,5.0,phoenix,False,0.0,False,0.0,False,cesaris,Italian,dallara,13,8,0.0,0.0,19.0,3,0,9,2.5,30.0
2506,1989,5.0,phoenix,False,0.0,False,0.0,False,patrese,Italian,williams,14,2,6.0,0.0,5.0,,0,4,2.700000000000003,35.0
2523,,5.0,phoenix,False,0.0,False,0.0,False,martini,Italian,minardi,15,19,0.0,0.0,27.0,0,0,16,2.9000000000000057,28.0
2510,1989,5.0,phoenix,False,,False,0.0,False,boutsen,Belgian,williams,16,6,3.0,0.0,11.0,9,0,4,2.9000000000000057,31.0
2507,1989,5.0,phoenix,False,,False,0.0,False,cheever,American,arrows,17,3,0.0,0.0,16.0,4,0,8,,31.0
2526,1989,5.0,phoenix,False,0.0,False,0.0,False,gugelmin,Brazilian,march,18,22,4.0,0.0,8.0,4,0,7,3.200000000000003,26.0
2517,1989,5.0,phoenix,False,0.0,Auto%#,0.0,False,johansson,Swedish,onyx,19,13,0.0,0.0,0.0,0,0,19,3.300000000000012,32.0
2518,1989,5.0,phoenix,False,0.0,False,0.0,False,sala,Spanish,minardi,20,14,0.0,0.0,26.0,0,0,16,,30.0
2513,,5.0,phoenix,False,0.0,False,0.0,False,palmer,British,tyrrell,21,9,1.0,0.0,13.0,7,0,,3.6000000000000085,32.0
2516,1989,5.0,phoenix,False,0.0,False,0.0,False,piquet,Brazilian,team_lotus,22,12,0.0,0.0,20.0,0,0,12,3.6000000000000085,36.0
2524,1989,5.0,phoenix,False,0.0,False,0.0,False,satoru_nakajima,Japanese,team_lotus,23,20,0.0,0.0,18.0,0,0,12,3.700000000000003,36.0
2511,1989,5.0,phoenix,False,0.0,False,0.0,False,tarquini,Italian,ags,24,7,1.0,0.0,14.0,1,0,10,3.700000000000003,27.0
2509,1989,5.0,phoenix,False,0.0,False,0.0,False,herbert,British,benetton,25,5,3.0,0.0,12.0,11,,2,3.700000000000003,24.0
2508,1989,5.0,phoenix,False,0.0,False,0.0,False,danner,German,rial,26,4,0.0,0.0,22.0,0,0,13,3.700000000000003,31.0
2551,1989,6.0,Auto%#,False,1.0,False,1.0,False,prost,French,mclaren,1,21,29.0,1.0,1.0,56,4,1,0.0,34.0
2537,1989,6.0,villeneuve,False,1.0,False,1.0,,senna,Brazilian,mclaren,2,7,27.0,3.0,2.0,56,4,1,0.0,29.0
2532,1989,6.0,villeneuve,False,1.0,False,1.0,False,patrese,Italian,williams,3,2,12.0,,3.0,16,0,2,0.7999999999999972,35.0
2548,1989,6.0,villeneuve,False,1.0,False,1.0,False,berger,Austrian,ferrari,4,18,0.0,0.0,26.0,9,1,4,0.9000000000000057,29.0
2552,1989,6.0,villeneuve,False,,False,1.0,False,mansell,British,ferrari,5,22,9.0,1.0,4.0,9,1,4,1.2000000000000028,35.0
2531,,6.0,villeneuve,False,1.0,False,1.0,False,boutsen,Belgian,williams,,1,4.0,0.0,11.0,16,0,2,1.2999999999999972,31.0
2553,1989,6.0,villeneuve,False,1.0,False,,False,modena,Italian,brabham,7,23,4.0,0.0,9.0,5,0,7,1.5999999999999943,26.0
2536,1989,6.0,villeneuve,False,1.0,False,1.0,False,caffi,Italian,dallara,8,6,3.0,0.0,13.0,3,0,9,1.9000000000000057,25.0
2533,1989,6.0,villeneuve,False,1.0,False,1.0,,cesaris,Italian,dallara,,3,0.0,0.0,19.0,3,0,9,2.0999999999999943,30.0
2544,1989,6.0,villeneuve,False,,False,1.0,False,alliot,French,larrousse,10,14,0.0,0.0,24.0,0,0,14,2.0999999999999943,34.0
2554,1989,6.0,villeneuve,False,1.0,False,,False,martini,,minardi,11,24,0.0,,29.0,0,0,17,2.299999999999997,28.0
2540,1989,6.0,villeneuve,False,1.0,False,1.0,,warwick,British,arrows,12,10,4.0,0.0,12.0,8,0,5,2.299999999999997,34.0
2555,1989,6.0,villeneuve,False,1.0,False,1.0,False,nannini,Italian,benetton,13,25,8.0,,5.0,13,0,3,2.5,29.0
2541,1989,6.0,villeneuve,False,,False,1.0,False,palmer,British,tyrrell,,11,1.0,0.0,16.0,7,0,6,2.700000000000003,32.0
2542,1989,6.0,villeneuve,False,,False,1.0,False,larini,Italian,osella,15,12,0.0,0.0,25.0,0,0,15,2.799999999999997,25.0
2550,1989,6.0,villeneuve,False,1.0,False,1.0,False,cheever,American,,16,20,4.0,0.0,8.0,8,0,5,2.799999999999997,31.0
2547,,6.0,villeneuve,False,1.0,False,1.0,False,gugelmin,Brazilian,march,17,17,4.0,0.0,10.0,4,0,8,,26.0
2545,1989,6.0,villeneuve,False,1.0,False,1.0,False,johansson,Swedish,onyx,18,15,0.0,0.0,27.0,0,0,16,3.0,32.0
2534,1989,6.0,villeneuve,False,1.0,False,1.0,False,piquet,Brazilian,team_lotus,19,4,0.0,0.0,21.0,0,0,13,3.0,36.0
2556,1989,,villeneuve,False,1.0,False,1.0,False,alboreto,Italian,tyrrell,20,26,6.0,0.0,6.0,7,0,6,3.299999999999997,32.0
2543,1989,6.0,villeneuve,False,1.0,False,1.0,False,capelli,Italian,march,21,13,0.0,0.0,22.0,4,0,8,3.4000000000000057,26.0
2535,1989,6.0,villeneuve,False,1.0,False,1.0,False,arnoux,French,ligier,22,5,0.0,0.0,23.0,0,0,12,3.5999999999999943,40.0
2538,1989,6.0,villeneuve,False,1.0,False,1.0,False,danner,German,rial,23,8,3.0,0.0,14.0,3,0,10,3.700000000000003,31.0
2546,1989,6.0,villeneuve,False,1.0,False,1.0,False,sala,Spanish,minardi,24,16,0.0,0.0,28.0,,0,17,3.799999999999997,30.0
2549,1989,6.0,villeneuve,False,1.0,False,1.0,False,tarquini,Italian,ags,25,19,1.0,0.0,15.0,1,0,11,3.799999999999997,27.0
2539,1989,6.0,Auto%#,False,1.0,False,1.0,False,moreno,Brazilian,coloni,26,9,0.0,0.0,0.0,0,0,19,4.0,30.0
2557,1989,7.0,ricard,True,0.0,False,0.0,False,prost,French,mclaren,1,1,29.0,1.0,1.0,56,4,1,0.0,34.0
2582,1989,7.0,ricard,True,0.0,False,0.0,False,senna,Brazilian,mclaren,2,26,27.0,3.0,2.0,56,4,1,0.0,29.0
2558,1989,7.0,ricard,True,,False,0.0,,mansell,British,ferrari,3,2,9.0,1.0,5.0,9,1,4,0.2999999999999971,35.0
2575,1989,7.0,ricard,True,0.0,False,0.0,False,nannini,Italian,benetton,4,19,8.0,0.0,6.0,13,0,3,0.8999999999999915,30.0
2572,1989,7.0,ricard,True,0.0,False,0.0,False,boutsen,Belgian,williams,5,16,13.0,1.0,4.0,31,1,2,,31.0
2579,1989,7.0,ricard,True,0.0,,0.0,False,berger,Austrian,ferrari,6,23,0.0,0.0,0.0,9,1,4,1.0,29.0
2577,1989,7.0,ricard,True,0.0,False,0.0,False,alliot,French,larrousse,7,21,0.0,0.0,25.0,0,0,15,1.3999999999999917,34.0
2559,1989,7.0,ricard,True,0.0,False,0.0,False,patrese,Italian,,8,3,18.0,0.0,3.0,31,1,2,1.7999999999999972,35.0
2566,1989,7.0,ricard,True,0.0,False,0.0,False,palmer,British,tyrrell,9,10,1.0,0.0,19.0,7,0,7,1.7999999999999972,32.0
2570,1989,7.0,ricard,True,0.0,False,0.0,False,gugelmin,Brazilian,march,10,14,4.0,0.0,12.0,4,0,9,1.7999999999999972,
2569,,7.0,ricard,True,0.0,False,0.0,False,,,onyx,11,13,0.0,0.0,0.0,0,0,17,1.8999999999999917,26.0
2574,1989,7.0,ricard,True,0.0,False,0.0,False,capelli,Italian,march,12,18,0.0,0.0,23.0,4,0,9,2.0999999999999943,26.0
2561,1989,7.0,ricard,True,0.0,False,,Auto%#,johansson,Swedish,onyx,13,5,0.0,0.0,28.0,0,0,17,2.0999999999999943,32.0
2568,1989,7.0,,True,0.0,False,0.0,False,donnelly,British,arrows,14,12,0.0,0.0,0.0,8,0,Auto%#,2.299999999999997,25.0
2567,1989,7.0,ricard,True,0.0,False,0.0,False,bernard,French,larrousse,15,11,0.0,0.0,0.0,0,0,15,2.3999999999999915,24.0
2560,1989,7.0,ricard,True,0.0,False,0.0,False,alesi,French,tyrrell,16,4,0.0,0.0,0.0,7,0,7,2.5,25.0
2562,1989,7.0,ricard,True,0.0,False,0.0,False,grouillard,French,ligier,17,6,0.0,0.0,21.0,2,0,12,2.5,30.0
2581,1989,7.0,ricard,True,0.0,False,0.0,False,arnoux,French,ligier,18,25,2.0,0.0,17.0,2,0,12,2.8999999999999915,
2573,1989,7.0,ricard,True,0.0,False,0.0,False,satoru_nakajima,Japanese,team_lotus,19,17,0.0,0.0,22.0,3,0,10,2.8999999999999915,36.0
2564,1989,7.0,ricard,True,0.0,False,0.0,False,piquet,Brazilian,team_lotus,20,8,3.0,0.0,,3,0,10,2.8999999999999915,36.0
2578,1989,7.0,ricard,True,0.0,False,0.0,Auto%#,tarquini,Italian,ags,21,22,1.0,0.0,18.0,1,0,13,3.0,27.0
2571,1989,7.0,ricard,True,,False,0.0,False,modena,Italian,brabham,,15,4.0,0.0,11.0,5,0,8,3.0999999999999943,26.0
2576,1989,7.0,ricard,True,0.0,False,0.0,False,martini,Italian,minardi,23,20,0.0,0.0,0.0,0,0,18,3.0999999999999943,28.0
2565,1989,7.0,ricard,True,0.0,False,0.0,False,pirro,Italian,benetton,24,9,0.0,0.0,0.0,13,0,3,3.0999999999999943,27.0
2563,1989,,ricard,True,0.0,False,0.0,False,cheever,American,arrows,Auto%#,7,4.0,0.0,9.0,8,0,6,3.200000000000003,31.0
2580,1989,7.0,ricard,True,0.0,False,0.0,False,caffi,Italian,dallara,26,24,4.0,0.0,13.0,8,0,5,3.299999999999997,25.0
2607,1989,8.0,silverstone,True,0.0,False,0.0,False,senna,Auto%#,mclaren,1,25,27.0,3.0,2.0,65,5,1,0.0,29.0
2583,1989,8.0,silverstone,True,0.0,False,0.0,False,prost,French,mclaren,2,1,38.0,2.0,1.0,65,5,1,0.2000000000000028,34.0
2584,1989,,silverstone,True,0.0,False,0.0,False,mansell,British,ferrari,3,2,15.0,1.0,4.0,15,1,3,0.4000000000000057,35.0
2597,1989,,silverstone,True,0.0,False,0.0,False,berger,Austrian,ferrari,4,15,0.0,0.0,0.0,15,1,3,0.8000000000000114,29.0
2604,1989,8.0,silverstone,True,0.0,False,0.0,False,patrese,Italian,williams,5,22,22.0,0.0,3.0,35,1,2,0.8000000000000114,35.0
2595,1989,8.0,,True,0.0,False,0.0,False,gugelmin,Brazilian,march,6,13,4.0,,12.0,4,0,9,1.2000000000000028,26.0
2592,1989,8.0,silverstone,True,0.0,False,0.0,False,boutsen,Belgian,Auto%#,7,10,13.0,1.0,5.0,35,1,2,1.3000000000000114,32.0
2605,1989,8.0,silverstone,True,0.0,False,0.0,False,capelli,Italian,march,8,23,0.0,0.0,,4,0,9,1.6000000000000083,26.0
2585,1989,8.0,,True,0.0,False,0.0,False,nannini,Italian,benetton,9,3,8.0,0.0,6.0,13,0,4,1.7000000000000028,30.0
2586,1989,8.0,silverstone,True,0.0,False,0.0,False,piquet,Brazilian,team_lotus,10,4,3.0,0.0,15.0,3,0,10,1.8000000000000114,36.0
2587,1989,,silverstone,True,0.0,False,0.0,False,martini,Italian,minardi,11,5,0.0,0.0,0.0,0,,18,2.300000000000012,28.0
2599,1989,8.0,silverstone,True,0.0,False,,False,alliot,French,larrousse,12,17,0.0,0.0,0.0,0,0,15,2.4000000000000057,34.0
2598,1989,8.0,,True,0.0,False,0.0,False,bernard,French,larrousse,13,16,0.0,0.0,27.0,0,0,15,2.6000000000000085,24.0
2601,1989,8.0,silverstone,True,0.0,False,0.0,False,modena,Italian,brabham,14,19,4.0,0.0,11.0,,0,8,2.700000000000003,26.0
2588,1989,8.0,silverstone,True,0.0,False,0.0,False,sala,Spanish,minardi,15,6,0.0,0.0,0.0,0,0,18,2.700000000000003,30.0
2590,1989,8.0,silverstone,True,0.0,False,0.0,False,satoru_nakajima,Japanese,team_lotus,16,8,0.0,0.0,24.0,3,0,10,2.9000000000000057,36.0
2603,1989,8.0,silverstone,True,0.0,False,0.0,False,larini,Italian,osella,17,21,0.0,0.0,,,0,16,3.0,25.0
,1989,8.0,silverstone,True,0.0,False,0.0,False,palmer,British,tyrrell,18,18,1.0,0.0,21.0,10,0,5,3.0,32.0
2591,1989,8.0,silverstone,True,0.0,False,0.0,False,warwick,British,arrows,19,9,4.0,0.0,14.0,8,,7,3.1000000000000085,34.0
2596,1989,8.0,silverstone,True,0.0,False,0.0,False,brundle,British,brabham,20,14,,0.0,,5,0,8,3.200000000000003,30.0
2594,1989,8.0,silverstone,True,0.0,False,0.0,False,gachot,Belgian,onyx,21,12,0.0,0.0,0.0,2,0,13,3.200000000000003,26.0
2602,1989,8.0,silverstone,True,0.0,False,0.0,False,alesi,French,tyrrell,22,20,3.0,0.0,17.0,,0,5,3.200000000000003,25.0
2608,1989,8.0,silverstone,True,0.0,False,0.0,False,moreno,Brazilian,coloni,23,26,0.0,0.0,0.0,0,0,17,3.300000000000012,30.0
2589,1989,8.0,silverstone,True,0.0,False,0.0,False,grouillard,French,ligier,24,7,1.0,0.0,22.0,3,,12,3.5,30.0
2606,1989,8.0,,True,0.0,False,0.0,False,cesaris,Italian,dallara,25,24,4.0,0.0,10.0,8,0,6,3.8000000000000114,30.0
2593,1989,8.0,silverstone,True,,False,0.0,Auto%#,pirro,Italian,benetton,26,11,0.0,0.0,25.0,13,,4,4.0,
2609,1989,9.0,hockenheimring,,0.0,False,0.0,Auto%#,senna,Brazilian,mclaren,1,1,27.0,3.0,2.0,74,6,1,0.0,29.0
2610,1989,9.0,hockenheimring,False,,False,0.0,True,prost,French,mclaren,2,2,47.0,3.0,1.0,74,6,1,1.0,34.0
2611,1989,9.0,hockenheimring,False,0.0,False,0.0,,mansell,British,ferrari,3,3,21.0,1.0,4.0,21,1,3,1.7000000000000028,35.0
2628,1989,9.0,hockenheimring,False,0.0,False,0.0,True,berger,Austrian,ferrari,4,20,0.0,0.0,0.0,21,1,3,2.200000000000003,29.0
2612,1989,9.0,hockenheimring,False,0.0,False,0.0,True,patrese,Italian,williams,5,4,22.0,0.0,3.0,35,1,2,2.200000000000003,35.0
2631,1989,9.0,hockenheimring,False,0.0,False,0.0,True,boutsen,Belgian,williams,6,23,13.0,1.0,5.0,35,1,2,2.4000000000000057,32.0
2630,1989,9.0,hockenheimring,False,0.0,False,0.0,True,nannini,Italian,benetton,7,22,12.0,0.0,6.0,17,0,4,2.700000000000003,30.0
2613,1989,9.0,hockenheimring,False,0.0,False,0.0,True,piquet,Brazilian,team_lotus,8,5,6.0,0.0,8.0,6,0,8,3.200000000000003,36.0
2625,1989,9.0,hockenheimring,False,,False,0.0,True,pirro,Italian,benetton,9,17,0.0,0.0,27.0,17,0,4,3.5,27.0
2618,1989,9.0,hockenheimring,False,0.0,False,0.0,True,alesi,French,,10,10,3.0,0.0,,10,0,5,4.6000000000000085,25.0
2634,1989,9.0,hockenheimring,False,0.0,False,0.0,True,grouillard,French,ligier,11,26,1.0,0.0,21.0,3,0,12,4.6000000000000085,30.0
2616,1989,9.0,hockenheimring,False,0.0,False,0.0,True,brundle,British,brabham,12,8,1.0,0.0,24.0,5,0,9,4.900000000000006,30.0
2617,1989,9.0,hockenheimring,False,0.0,False,0.0,True,martini,Italian,minardi,13,9,2.0,0.0,20.0,3,0,13,5.1000000000000085,28.0
2624,1989,,hockenheimring,False,0.0,False,0.0,True,gugelmin,Brazilian,Auto%#,14,16,4.0,0.0,13.0,4,0,10,5.1000000000000085,26.0
2626,1989,9.0,hockenheimring,False,0.0,False,0.0,True,alliot,French,,15,18,0.0,0.0,0.0,0,0,16,5.200000000000003,35.0
2621,1989,9.0,hockenheimring,,0.0,False,0.0,True,modena,Italian,brabham,,13,4.0,0.0,12.0,5,0,9,5.200000000000003,26.0
,1989,9.0,hockenheimring,False,0.0,False,0.0,True,warwick,British,arrows,17,6,4.0,0.0,15.0,8,0,7,5.200000000000003,34.0
,1989,9.0,hockenheimring,False,,False,0.0,True,satoru_nakajima,Japanese,team_lotus,18,14,0.0,0.0,26.0,6,0,8,5.400000000000006,36.0
2627,,9.0,hockenheimring,False,0.0,False,0.0,True,palmer,British,tyrrell,19,19,1.0,0.0,23.0,10,0,5,5.400000000000006,32.0
2632,1989,9.0,hockenheimring,False,0.0,False,,,caffi,Italian,dallara,20,24,4.0,0.0,14.0,8,0,6,5.400000000000006,25.0
2615,1989,9.0,hockenheimring,False,0.0,False,0.0,True,cesaris,Italian,dallara,21,7,4.0,0.0,11.0,8,0,6,5.6000000000000085,30.0
2623,1989,9.0,hockenheimring,False,0.0,False,,True,capelli,Italian,march,22,15,0.0,0.0,28.0,4,0,10,,26.0
2619,1989,9.0,hockenheimring,False,0.0,False,0.0,True,arnoux,French,ligier,23,11,2.0,0.0,18.0,3,0,12,6.0,41.0
2629,1989,9.0,hockenheimring,False,0.0,False,0.0,True,johansson,Swedish,onyx,24,21,2.0,0.0,19.0,2,0,14,6.0,32.0
2620,1989,9.0,hockenheimring,False,0.0,False,0.0,True,cheever,American,arrows,25,12,4.0,0.0,10.0,8,0,7,6.1000000000000085,31.0
2633,1989,9.0,hockenheimring,False,0.0,False,0.0,True,alboreto,Italian,larrousse,26,25,6.0,,7.0,0,0,16,6.400000000000006,32.0
2650,1989,10.0,hungaroring,False,0.0,False,0.0,True,patrese,Italian,williams,1,16,25.0,0.0,4.0,38,1,2,0.0,35.0
2636,1989,10.0,hungaroring,False,0.0,False,0.0,True,senna,Brazilian,mclaren,2,2,36.0,4.0,2.0,89,7,1,,
2641,1989,10.0,hungaroring,False,0.0,False,0.0,True,caffi,Italian,dallara,3,7,4.0,0.0,15.0,8,0,7,1.0,25.0
2637,1989,10.0,hungaroring,False,0.0,False,0.0,,boutsen,Belgian,williams,4,3,13.0,1.0,5.0,38,1,2,1.2999999999999972,32.0
2638,1989,10.0,hungaroring,False,0.0,False,0.0,True,prost,French,mclaren,5,4,53.0,3.0,1.0,89,7,1,1.3999999999999917,34.0
2649,1989,10.0,hungaroring,False,0.0,,0.0,True,berger,Austrian,ferrari,6,15,0.0,0.0,,25,1,3,1.5999999999999943,
2652,1989,10.0,hungaroring,False,0.0,False,0.0,True,nannini,Italian,benetton,7,18,12.0,0.0,6.0,17,0,Auto%#,1.5999999999999943,30.0
2645,1989,10.0,hungaroring,False,0.0,False,0.0,True,modena,Italian,brabham,8,11,4.0,0.0,13.0,5,0,9,1.7999999999999972,26.0
2644,1989,10.0,hungaroring,False,0.0,False,0.0,True,warwick,British,arrows,9,10,5.0,,10.0,9,0,6,1.8999999999999917,34.0
2659,1989,10.0,hungaroring,False,0.0,False,0.0,,martini,Italian,minardi,10,25,2.0,0.0,18.0,3,0,13,2.0,28.0
2643,1989,10.0,hungaroring,False,0.0,False,,True,alesi,French,tyrrell,11,,3.0,0.0,17.0,10,0,5,2.0999999999999943,25.0
2635,1989,10.0,hungaroring,False,0.0,False,0.0,True,mansell,British,ferrari,12,1,25.0,1.0,3.0,25,,3,2.299999999999997,36.0
2655,1989,10.0,hungaroring,False,0.0,False,0.0,True,gugelmin,Brazilian,march,13,,4.0,0.0,14.0,4,0,10,2.3999999999999915,26.0
2656,1989,10.0,hungaroring,False,0.0,False,0.0,True,,Italian,march,14,22,0.0,0.0,28.0,4,0,10,2.3999999999999915,26.0
2646,,10.0,hungaroring,False,0.0,,0.0,True,brundle,British,brabham,15,12,1.0,0.0,24.0,5,0,9,2.5999999999999943,30.0
2639,1989,10.0,hungaroring,False,0.0,,0.0,True,cheever,American,arrows,16,5,4.0,0.0,11.0,9,0,6,2.700000000000003,31.0
2640,1989,10.0,hungaroring,False,0.0,False,0.0,True,piquet,Brazilian,team_lotus,17,6,8.0,0.0,7.0,8,0,8,2.700000000000003,36.0
2660,1989,10.0,hungaroring,False,0.0,False,0.0,True,cesaris,Italian,dallara,18,26,4.0,0.0,12.0,8,0,7,2.700000000000003,30.0
2647,1989,,hungaroring,False,0.0,False,0.0,True,palmer,British,tyrrell,19,13,1.0,0.0,23.0,10,0,5,2.8999999999999915,32.0
2654,1989,10.0,hungaroring,False,0.0,False,0.0,True,satoru_nakajima,Japanese,team_lotus,20,20,0.0,0.0,26.0,8,0,8,2.8999999999999915,36.0
2653,1989,10.0,hungaroring,False,0.0,False,0.0,True,gachot,,onyx,21,19,,0.0,30.0,2,0,14,2.8999999999999915,26.0
2658,1989,10.0,hungaroring,False,0.0,False,0.0,True,ghinzani,Italian,osella,22,24,0.0,0.0,0.0,0,0,17,3.0999999999999943,37.0
2648,1989,10.0,hungaroring,False,0.0,False,0.0,True,,Spanish,Auto%#,,14,1.0,0.0,25.0,3,0,13,3.299999999999997,30.0
2651,1989,10.0,hungaroring,False,0.0,False,0.0,True,johansson,Swedish,onyx,24,17,2.0,0.0,20.0,2,0,14,3.3999999999999915,32.0
2642,1989,10.0,Auto%#,False,,False,0.0,True,pirro,Italian,benetton,25,8,0.0,0.0,27.0,17,0,4,3.700000000000003,27.0
2657,1989,10.0,hungaroring,False,0.0,False,0.0,,alboreto,Italian,larrousse,26,23,6.0,0.0,8.0,0,0,16,4.0,32.0
2661,1989,11.0,spa,False,1.0,False,0.0,False,senna,Brazilian,mclaren,1,1,42.0,4.0,2.0,98,7,1,0.0,29.0
2662,1989,11.0,spa,False,1.0,False,0.0,False,prost,French,mclaren,2,2,56.0,3.0,1.0,,7,1,0.5999999999999943,34.0
2683,1989,11.0,spa,False,1.0,False,0.0,False,berger,Austrian,ferrari,3,23,0.0,0.0,0.0,34,2,3,1.5,
2664,1989,11.0,spa,False,1.0,False,0.0,False,boutsen,Belgian,williams,4,4,17.0,1.0,5.0,,1,2,1.8999999999999917,32.0
2679,1989,11.0,spa,False,1.0,False,0.0,False,patrese,Italian,williams,5,19,25.0,0.0,4.0,42,,2,2.0,
2663,1989,11.0,spa,False,1.0,False,0.0,False,mansell,British,ferrari,6,3,34.0,2.0,3.0,34,,3,2.0,36.0
2665,1989,11.0,,False,1.0,False,0.0,False,nannini,Italian,benetton,7,5,12.0,0.0,6.0,17,0,4,4.199999999999989,30.0
2684,1989,11.0,spa,False,1.0,False,0.0,False,modena,Italian,brabham,8,24,4.0,,13.0,5,0,9,4.699999999999989,26.0
,1989,11.0,spa,False,1.0,False,0.0,False,gugelmin,Brazilian,march,9,7,4.0,0.0,14.0,4,0,10,4.799999999999997,26.0
2666,1989,11.0,spa,False,1.0,False,0.0,False,warwick,British,arrows,10,6,5.0,0.0,11.0,11,0,5,5.0,35.0
2676,1989,11.0,spa,False,1.0,False,0.0,,alliot,French,larrousse,11,16,0.0,0.0,0.0,0,0,16,5.0,35.0
2681,1989,11.0,spa,False,1.0,False,0.0,False,caffi,Italian,dallara,12,21,4.0,0.0,15.0,8,0,8,5.0,25.0
2670,1989,11.0,spa,False,1.0,False,0.0,False,pirro,Italian,benetton,13,10,0.0,0.0,27.0,17,0,,5.0,27.0
2669,1989,11.0,spa,False,1.0,False,0.0,Auto%#,martini,Italian,minardi,14,9,2.0,0.0,18.0,3,0,13,5.199999999999989,28.0
2668,1989,11.0,spa,False,1.0,False,0.0,False,johansson,Swedish,onyx,15,8,2.0,0.0,20.0,2,0,14,5.199999999999989,32.0
2686,1989,11.0,spa,False,1.0,False,0.0,False,herbert,British,tyrrell,16,,5.0,0.0,10.0,10,0,6,5.299999999999997,25.0
2685,,11.0,spa,False,1.0,False,0.0,False,arnoux,French,ligier,17,25,2.0,,19.0,3,,Auto%#,5.399999999999992,41.0
2671,1989,11.0,spa,False,1.0,False,0.0,False,cesaris,Italian,dallara,,11,4.0,0.0,12.0,8,0,8,5.399999999999992,30.0
2672,1989,11.0,spa,False,1.0,False,0.0,False,capelli,Italian,march,19,12,0.0,0.0,28.0,4,0,10,5.399999999999992,26.0
2682,1989,11.0,spa,False,1.0,False,0.0,False,brundle,British,brabham,20,22,1.0,0.0,24.0,5,0,Auto%#,5.399999999999992,30.0
2674,1989,11.0,spa,False,1.0,False,0.0,False,palmer,British,tyrrell,21,14,1.0,0.0,23.0,10,0,6,5.699999999999989,32.0
2680,1989,11.0,spa,False,1.0,False,0.0,False,alboreto,Italian,larrousse,22,20,6.0,0.0,9.0,0,0,16,5.699999999999989,32.0
2678,1989,11.0,spa,False,1.0,False,0.0,False,gachot,Belgian,onyx,23,18,0.0,0.0,30.0,2,0,14,5.799999999999997,26.0
2677,1989,11.0,Auto%#,False,1.0,False,0.0,False,cheever,American,arrows,24,17,6.0,0.0,8.0,11,0,5,5.799999999999997,31.0
2675,1989,11.0,spa,False,1.0,False,0.0,False,sala,Spanish,minardi,25,15,1.0,0.0,25.0,3,0,13,6.099999999999994,30.0
2673,1989,11.0,spa,False,1.0,False,0.0,False,grouillard,French,,26,13,1.0,0.0,21.0,3,0,12,6.099999999999994,30.0
2699,1989,12.0,monza,True,0.0,False,0.0,False,senna,Brazilian,Auto%#,1,13,51.0,5.0,,113,8,1,0.0,29.0
2688,1989,12.0,monza,True,0.0,False,0.0,False,berger,Austrian,ferrari,2,2,0.0,0.0,0.0,38,2,3,1.0,30.0
2700,1989,12.0,monza,True,0.0,False,0.0,False,mansell,British,ferrari,3,14,38.0,2.0,3.0,38,2,3,1.0,36.0
2687,1989,12.0,monza,True,,,0.0,False,prost,French,mclaren,4,1,,3.0,1.0,113,8,1,1.7999999999999972,34.0
2690,1989,12.0,monza,True,0.0,False,0.0,False,patrese,Italian,williams,5,4,25.0,0.0,4.0,45,1,2,1.7999999999999972,35.0
2689,1989,12.0,monza,True,0.0,False,0.0,False,boutsen,Belgian,williams,6,3,20.0,1.0,5.0,45,1,2,2.5,
2711,1989,12.0,monza,True,0.0,False,0.0,False,alliot,French,larrousse,7,25,0.0,0.0,0.0,0,0,16,,35.0
2702,1989,12.0,monza,True,,False,0.0,False,nannini,Italian,benetton,8,16,14.0,0.0,6.0,19,0,4,3.3999999999999915,30.0
2712,1989,12.0,monza,True,,False,0.0,False,pirro,Italian,benetton,9,26,0.0,0.0,27.0,19,0,4,3.700000000000003,27.0
2691,1989,12.0,monza,True,0.0,False,0.0,False,alesi,French,tyrrell,10,5,3.0,0.0,17.0,10,0,6,3.700000000000003,25.0
2705,1989,12.0,monza,True,0.0,False,0.0,False,,Brazilian,team_lotus,11,19,9.0,0.0,7.0,9,0,7,3.799999999999997,37.0
2692,1989,12.0,monza,,0.0,False,0.0,False,brundle,British,brabham,12,6,1.0,0.0,24.0,5,0,9,3.899999999999992,30.0
2709,1989,12.0,monza,True,0.0,False,0.0,False,alboreto,Italian,larrousse,13,23,6.0,0.0,9.0,0,0,Auto%#,4.099999999999994,32.0
2706,1989,12.0,monza,True,0.0,False,0.0,False,palmer,British,,14,20,1.0,0.0,23.0,10,0,6,4.099999999999994,32.0
2693,1989,12.0,monza,True,0.0,Auto%#,0.0,False,martini,Italian,,15,7,2.0,0.0,19.0,3,0,Auto%#,4.200000000000003,28.0
2707,1989,12.0,monza,True,0.0,False,0.0,False,warwick,British,arrows,16,21,6.0,0.0,10.0,12,0,5,4.399999999999992,35.0
2698,1989,12.0,monza,True,0.0,False,0.0,False,cesaris,Italian,dallara,17,12,4.0,0.0,12.0,8,0,8,4.399999999999992,30.0
2703,1989,12.0,monza,True,0.0,False,0.0,False,capelli,Italian,march,18,,0.0,0.0,28.0,4,0,10,4.700000000000003,26.0
2696,1989,12.0,monza,True,0.0,False,0.0,False,satoru_nakajima,Japanese,team_lotus,19,10,0.0,0.0,26.0,9,0,7,4.700000000000003,36.0
2697,1989,12.0,monza,True,0.0,False,0.0,False,caffi,Italian,dallara,20,11,4.0,0.0,15.0,8,0,8,4.899999999999992,25.0
2704,1989,12.0,monza,True,0.0,False,0.0,False,grouillard,French,ligier,21,18,1.0,0.0,21.0,3,0,12,5.0,31.0
2701,1989,12.0,monza,True,0.0,Auto%#,0.0,False,gachot,,onyx,22,15,0.0,0.0,0.0,2,0,14,5.0,26.0
2695,1989,12.0,monza,True,0.0,False,0.0,False,arnoux,French,ligier,23,9,2.0,0.0,20.0,3,0,12,5.0,41.0
2708,1989,12.0,monza,True,0.0,False,0.0,False,larini,Italian,Auto%#,24,22,0.0,0.0,0.0,0,0,17,5.099999999999994,25.0
2710,1989,12.0,monza,True,0.0,False,0.0,False,gugelmin,Brazilian,march,25,24,4.0,0.0,13.0,4,0,10,5.200000000000003,26.0
2694,1989,12.0,monza,True,,False,0.0,False,sala,Spanish,minardi,,8,1.0,0.0,25.0,3,0,,5.599999999999994,30.0
2729,1989,13.0,estoril,True,0.0,False,0.0,False,senna,Brazilian,mclaren,1,17,51.0,5.0,,122,9,1,0.0,
2713,1989,13.0,estoril,True,0.0,False,0.0,False,berger,Austrian,ferrari,2,1,6.0,0.0,8.0,44,2,3,0.5999999999999943,30.0
2730,1989,13.0,estoril,True,0.0,False,0.0,False,mansell,British,ferrari,,18,38.0,2.0,3.0,44,2,3,0.7000000000000028,36.0
2714,1989,13.0,estoril,True,0.0,False,0.0,False,prost,French,mclaren,4,2,71.0,4.0,1.0,122,9,1,0.7000000000000028,34.0
2717,1989,13.0,estoril,True,0.0,False,0.0,False,martini,Italian,minardi,5,5,2.0,0.0,19.0,3,0,13,1.4000000000000057,28.0
2727,1989,13.0,estoril,True,0.0,False,0.0,False,patrese,Italian,williams,6,15,28.0,0.0,4.0,52,1,2,1.7999999999999972,35.0
2733,1989,13.0,estoril,True,0.0,False,0.0,False,caffi,Italian,dallara,7,21,4.0,0.0,17.0,8,0,8,2.200000000000003,25.0
2728,1989,13.0,estoril,True,0.0,,0.0,False,boutsen,Belgian,williams,8,16,24.0,1.0,5.0,52,1,2,2.299999999999997,
2724,1989,13.0,estoril,True,0.0,False,0.0,False,sala,Spanish,minardi,9,12,1.0,0.0,26.0,3,0,13,2.299999999999997,30.0
2720,1989,13.0,Auto%#,True,0.0,False,0.0,False,brundle,British,brabham,10,8,2.0,0.0,22.0,6,0,9,2.4000000000000057,30.0
2726,1989,13.0,estoril,True,0.0,False,0.0,False,modena,Italian,brabham,11,Auto%#,4.0,0.0,16.0,6,0,9,2.5999999999999943,26.0
2715,1989,13.0,estoril,True,0.0,False,0.0,False,johansson,Swedish,onyx,12,3,2.0,0.0,20.0,2,0,14,2.5999999999999943,33.0
2716,1989,13.0,estoril,True,,False,0.0,False,nannini,Italian,benetton,13,4,14.0,0.0,6.0,19,0,4,2.5999999999999943,30.0
2722,1989,13.0,estoril,True,0.0,False,0.0,,gugelmin,Brazilian,march,14,,4.0,0.0,,4,0,10,2.5999999999999943,26.0
2738,1989,13.0,estoril,True,0.0,False,0.0,False,moreno,,coloni,15,26,0.0,0.0,0.0,0,0,18,2.700000000000003,30.0
2734,1989,13.0,estoril,True,0.0,False,0.0,False,pirro,Italian,benetton,16,22,0.0,0.0,,19,0,4,2.799999999999997,27.0
2721,1989,13.0,estoril,True,0.0,False,0.0,,alliot,French,larrousse,17,9,0.0,0.0,0.0,0,0,16,2.9000000000000057,35.0
2718,1989,13.0,estoril,,0.0,False,0.0,False,palmer,British,tyrrell,18,6,1.0,0.0,25.0,12,0,5,2.9000000000000057,32.0
2737,1989,13.0,estoril,True,0.0,,0.0,False,cesaris,Italian,dallara,19,25,4.0,0.0,14.0,8,0,8,2.9000000000000057,30.0
2732,1989,,estoril,True,0.0,False,0.0,False,piquet,Brazilian,team_lotus,20,20,9.0,0.0,7.0,9,0,7,3.0,37.0
2723,1989,13.0,estoril,True,0.0,False,0.0,False,alboreto,Italian,larrousse,21,11,6.0,0.0,10.0,0,0,16,3.0999999999999943,32.0
2731,1989,13.0,estoril,True,0.0,False,0.0,False,warwick,British,arrows,22,19,6.0,0.0,11.0,12,0,6,3.200000000000003,35.0
2725,1989,13.0,estoril,True,0.0,False,0.0,False,arnoux,French,ligier,23,13,2.0,0.0,21.0,3,0,12,3.299999999999997,41.0
2735,1989,13.0,estoril,True,0.0,False,0.0,False,capelli,Italian,march,24,23,0.0,0.0,29.0,4,0,10,3.299999999999997,26.0
2719,1989,13.0,estoril,True,,False,0.0,False,satoru_nakajima,Japanese,team_lotus,25,7,0.0,0.0,27.0,9,0,7,3.700000000000003,36.0
2736,1989,13.0,estoril,True,0.0,False,0.0,False,cheever,American,arrows,,24,6.0,0.0,9.0,12,0,6,3.700000000000003,31.0
2739,1989,14.0,jerez,True,0.0,False,0.0,False,senna,Brazilian,mclaren,1,1,51.0,5.0,2.0,128,9,1,0.0,29.0
2740,1989,14.0,jerez,True,0.0,False,0.0,False,berger,Austrian,ferrari,2,2,15.0,1.0,7.0,53,3,2,0.2999999999999971,30.0
2741,1989,14.0,jerez,True,0.0,False,0.0,False,prost,French,mclaren,3,3,75.0,4.0,1.0,128,9,1,1.1000000000000083,34.0
2757,1989,14.0,jerez,True,0.0,False,0.0,False,martini,Italian,minardi,4,19,4.0,0.0,19.0,5,0,11,1.2000000000000028,28.0
2744,1989,14.0,jerez,True,0.0,False,0.0,False,alliot,French,larrousse,5,6,0.0,0.0,29.0,0,0,16,1.4000000000000057,35.0
2743,1989,14.0,jerez,True,0.0,False,0.0,False,patrese,Italian,williams,6,5,28.0,0.0,4.0,52,1,3,1.5,35.0
,1989,14.0,jerez,True,0.0,False,0.0,False,piquet,Brazilian,team_lotus,7,8,9.0,0.0,8.0,9,0,Auto%#,1.6000000000000083,37.0
2752,1989,14.0,jerez,True,0.0,False,0.0,False,brundle,British,brabham,Auto%#,14,2.0,0.0,23.0,6,0,10,1.7999999999999972,30.0
2742,1989,14.0,jerez,True,0.0,False,0.0,False,alesi,French,tyrrell,9,4,5.0,0.0,13.0,13,0,5,2.1000000000000085,25.0
2750,1989,14.0,jerez,,0.0,False,0.0,False,pirro,Italian,Auto%#,10,12,0.0,0.0,28.0,22,0,4,2.299999999999997,27.0
2763,1989,14.0,jerez,True,0.0,False,0.0,,larini,Italian,osella,11,25,0.0,0.0,0.0,0,0,17,2.299999999999997,25.0
2762,1989,14.0,jerez,True,0.0,False,0.0,False,modena,Italian,brabham,12,24,4.0,0.0,17.0,6,0,10,2.5,26.0
2748,1989,14.0,jerez,True,0.0,False,0.0,False,palmer,British,tyrrell,13,10,2.0,0.0,22.0,13,0,5,2.799999999999997,32.0
2761,1989,14.0,jerez,True,0.0,False,0.0,False,nannini,Italian,benetton,14,23,17.0,0.0,6.0,22,0,4,2.799999999999997,30.0
2745,1989,14.0,jerez,True,0.0,False,0.0,False,cesaris,Italian,dallara,15,7,4.0,0.0,15.0,8,0,8,2.9000000000000057,30.0
2747,1989,14.0,jerez,True,0.0,False,0.0,False,warwick,British,arrows,16,9,6.0,0.0,12.0,12,0,6,2.9000000000000057,35.0
2759,1989,14.0,jerez,True,0.0,False,0.0,False,lehto,Finnish,onyx,17,21,0.0,0.0,0.0,6,0,9,2.9000000000000057,23.0
2764,1989,14.0,jerez,True,0.0,False,0.0,False,satoru_nakajima,Japanese,team_lotus,18,26,0.0,0.0,27.0,9,0,7,3.0,36.0
2758,1989,14.0,jerez,True,0.0,False,0.0,False,capelli,Italian,march,19,20,0.0,0.0,30.0,4,0,12,3.1000000000000085,26.0
2754,1989,14.0,jerez,True,0.0,False,0.0,False,sala,Spanish,minardi,20,16,1.0,0.0,26.0,5,0,11,3.1000000000000085,30.0
2755,1989,14.0,jerez,True,0.0,False,0.0,False,boutsen,Belgian,williams,21,17,24.0,1.0,5.0,52,,3,3.4000000000000057,32.0
2749,1989,14.0,jerez,True,0.0,False,0.0,False,cheever,American,arrows,22,11,6.0,0.0,9.0,12,0,6,3.4000000000000057,31.0
2751,1989,14.0,jerez,True,0.0,False,0.0,False,caffi,Italian,dallara,23,13,4.0,0.0,18.0,8,0,8,3.5,25.0
2756,1989,14.0,jerez,True,0.0,False,0.0,False,grouillard,French,ligier,24,18,1.0,0.0,24.0,3,0,14,3.6000000000000085,31.0
2760,1989,14.0,jerez,True,0.0,False,0.0,False,ghinzani,Italian,osella,25,22,0.0,0.0,0.0,0,0,17,3.700000000000003,37.0
2753,1989,14.0,jerez,True,0.0,False,0.0,False,gugelmin,Brazilian,march,26,15,4.0,0.0,16.0,4,0,12,4.400000000000006,26.0
2775,1989,15.0,suzuka,False,0.0,,0.0,True,senna,Brazilian,mclaren,1,11,60.0,6.0,2.0,141,10,1,0.0,29.0
2776,1989,15.0,suzuka,False,0.0,False,0.0,True,prost,French,mclaren,2,12,76.0,4.0,1.0,141,10,1,1.7999999999999972,34.0
2782,1989,15.0,suzuka,False,0.0,False,,True,berger,Austrian,,3,18,21.0,1.0,6.0,59,3,2,2.200000000000003,30.0
2778,1989,15.0,suzuka,False,0.0,False,0.0,True,mansell,British,ferrari,4,14,38.0,2.0,3.0,59,3,2,2.4000000000000057,36.0
2766,,15.0,suzuka,False,0.0,False,0.0,True,patrese,Italian,williams,5,2,30.0,0.0,4.0,54,1,3,,35.0
2765,1989,15.0,suzuka,False,0.0,False,0.0,True,nannini,Italian,benetton,6,1,17.0,0.0,,22,0,4,3.0999999999999943,30.0
,1989,15.0,suzuka,False,0.0,False,0.0,True,boutsen,Belgian,williams,7,3,24.0,1.0,5.0,54,1,Auto%#,3.299999999999997,32.0
2781,1989,15.0,suzuka,False,0.0,False,0.0,,alliot,French,larrousse,8,17,1.0,0.0,27.0,1,0,16,3.299999999999997,35.0
2777,1989,15.0,suzuka,False,0.0,False,0.0,True,modena,Auto%#,brabham,9,13,4.0,0.0,17.0,6,0,10,3.5,26.0
2786,1989,15.0,suzuka,False,0.0,False,0.0,True,larini,Italian,osella,10,22,0.0,0.0,0.0,0,0,17,3.5,25.0
2768,1989,,suzuka,False,0.0,False,,True,piquet,Brazilian,team_lotus,11,4,9.0,0.0,8.0,9,0,7,3.799999999999997,37.0
2779,1989,15.0,suzuka,False,0.0,False,0.0,True,satoru_nakajima,Japanese,team_lotus,12,15,0.0,0.0,28.0,9,0,7,4.0,36.0
2769,1989,15.0,suzuka,False,0.0,False,0.0,True,brundle,British,brabham,13,5,,0.0,23.0,6,0,10,4.200000000000003,30.0
,1989,15.0,suzuka,False,0.0,False,0.0,True,,Spanish,minardi,14,25,1.0,0.0,26.0,5,0,11,4.299999999999997,30.0
2773,1989,15.0,suzuka,False,0.0,False,0.0,True,caffi,Italian,dallara,15,9,4.0,0.0,18.0,8,0,8,4.5,25.0
2774,1989,15.0,suzuka,False,,False,0.0,,cesaris,Italian,dallara,16,10,4.0,0.0,15.0,,0,8,4.599999999999994,30.0
2785,1989,15.0,suzuka,False,0.0,False,0.0,True,capelli,Italian,,17,21,0.0,0.0,30.0,4,0,12,4.700000000000003,26.0
2780,1989,15.0,suzuka,False,,False,0.0,,alesi,French,tyrrell,18,16,8.0,0.0,9.0,16,0,5,4.700000000000003,25.0
2790,1989,15.0,suzuka,False,0.0,False,0.0,True,barilla,Italian,minardi,19,26,0.0,,,,0,11,4.799999999999997,28.0
2771,1989,15.0,suzuka,False,0.0,False,0.0,,gugelmin,Brazilian,march,20,7,4.0,0.0,16.0,4,0,12,4.900000000000006,26.0
2788,1989,15.0,suzuka,,0.0,False,0.0,True,schneider,German,zakspeed,21,,0.0,0.0,0.0,0,0,19,4.900000000000006,25.0
2783,1989,15.0,suzuka,False,0.0,False,,True,pirro,Italian,benetton,Auto%#,19,0.0,0.0,29.0,22,0,4,5.099999999999994,27.0
2784,1989,15.0,suzuka,False,0.0,False,0.0,True,grouillard,French,ligier,23,20,1.0,0.0,24.0,3,0,14,5.400000000000006,31.0
2772,1989,15.0,suzuka,False,0.0,False,0.0,True,cheever,American,arrows,24,8,6.0,0.0,10.0,12,0,6,5.5,
2770,1989,15.0,suzuka,False,0.0,,,True,,British,arrows,25,6,6.0,0.0,13.0,12,0,Auto%#,5.599999999999994,35.0
,1989,15.0,suzuka,False,,False,0.0,True,palmer,British,tyrrell,26,,2.0,0.0,,16,0,5,5.799999999999997,32.0
2805,1989,16.0,adelaide,False,1.0,False,0.0,False,senna,Brazilian,mclaren,1,15,60.0,6.0,2.0,141,10,1,0.0,29.0
2815,,,adelaide,False,1.0,False,0.0,False,prost,French,mclaren,,25,76.0,4.0,1.0,141,10,1,0.7000000000000028,34.0
2796,1989,16.0,adelaide,False,1.0,False,0.0,False,martini,Italian,minardi,3,6,4.0,0.0,19.0,5,0,11,0.8999999999999915,28.0
2792,1989,16.0,adelaide,False,1.0,False,0.0,False,nannini,Italian,benetton,4,2,26.0,1.0,6.0,31,1,4,1.0999999999999943,30.0
2791,1989,16.0,adelaide,False,1.0,False,0.0,False,boutsen,Belgian,williams,5,1,28.0,1.0,5.0,64,1,2,1.0999999999999943,32.0
2793,1989,16.0,adelaide,False,1.0,False,0.0,False,patrese,Italian,,6,3,36.0,0.0,4.0,64,1,2,1.0999999999999943,35.0
2804,1989,16.0,adelaide,False,1.0,False,0.0,False,mansell,British,ferrari,7,14,38.0,2.0,3.0,59,3,3,1.5999999999999943,
2798,1989,16.0,adelaide,False,1.0,False,,False,modena,Italian,brabham,8,8,4.0,0.0,17.0,8,0,9,2.0,26.0
2808,1989,16.0,,False,1.0,False,0.0,False,cesaris,Italian,dallara,9,18,4.0,0.0,15.0,8,0,8,2.0999999999999943,30.0
2806,1989,16.0,adelaide,False,1.0,False,0.0,False,caffi,Italian,dallara,10,16,4.0,0.0,18.0,,0,8,2.200000000000003,25.0
2816,1989,16.0,adelaide,False,1.0,False,0.0,False,larini,Italian,osella,11,26,0.0,0.0,0.0,0,0,17,2.3999999999999915,25.0
2809,1989,16.0,adelaide,False,1.0,False,0.0,False,brundle,British,brabham,12,19,4.0,0.0,20.0,,0,9,2.3999999999999915,30.0
2795,1989,16.0,adelaide,False,1.0,False,,False,pirro,Italian,benetton,13,5,0.0,0.0,29.0,31,1,4,2.5,27.0
2812,1989,16.0,adelaide,False,1.0,False,0.0,False,berger,Auto%#,ferrari,14,22,21.0,1.0,7.0,59,3,3,2.5,30.0
2813,1989,16.0,adelaide,False,1.0,False,,False,alesi,French,tyrrell,,23,8.0,0.0,9.0,16,0,,2.5999999999999943,25.0
2807,1989,16.0,adelaide,False,1.0,False,0.0,False,capelli,Italian,march,16,17,0.0,0.0,30.0,4,0,12,2.5999999999999943,26.0
2800,1989,16.0,adelaide,False,1.0,False,0.0,False,lehto,Finnish,onyx,17,10,,0.0,0.0,6,0,10,2.5999999999999943,23.0
2802,1989,16.0,adelaide,False,1.0,False,0.0,False,piquet,Brazilian,team_lotus,18,12,12.0,0.0,8.0,12,0,7,2.700000000000003,37.0
2811,1989,16.0,adelaide,False,1.0,False,0.0,False,alliot,French,larrousse,19,21,1.0,0.0,27.0,1,0,16,2.8999999999999915,35.0
2810,1989,16.0,adelaide,False,1.0,False,0.0,False,warwick,British,arrows,Auto%#,20,7.0,0.0,10.0,13,0,6,2.8999999999999915,35.0
2803,1989,16.0,adelaide,False,1.0,False,0.0,False,ghinzani,Italian,osella,21,13,0.0,0.0,0.0,0,0,17,3.0,37.0
2799,1989,16.0,adelaide,False,1.0,False,0.0,Auto%#,cheever,American,arrows,22,9,6.0,0.0,11.0,13,0,6,3.200000000000003,31.0
2794,1989,16.0,adelaide,False,1.0,False,0.0,False,satoru_nakajima,Japanese,team_lotus,23,4,0.0,0.0,28.0,12,0,7,3.3999999999999915,36.0
2801,1989,16.0,adelaide,False,1.0,False,0.0,False,grouillard,French,ligier,24,11,1.0,0.0,24.0,3,0,14,3.3999999999999915,31.0
2797,1989,16.0,adelaide,False,1.0,False,0.0,False,gugelmin,Brazilian,march,25,7,4.0,0.0,16.0,4,0,12,3.5,26.0
2814,1989,16.0,adelaide,False,,False,0.0,False,arnoux,French,ligier,26,24,2.0,0.0,22.0,3,0,14,3.700000000000003,41.0
2834,1990,1.0,phoenix,False,1.0,False,0.0,True,berger,Austrian,mclaren,1,18,0.0,0.0,0.0,0,0,0,0.0,30.0
2823,1990,1.0,phoenix,False,1.0,False,0.0,True,martini,Italian,minardi,2,7,0.0,0.0,0.0,0,0,0,0.0,28.0
2837,,1.0,phoenix,False,1.0,False,0.0,True,cesaris,Italian,dallara,3,,0.0,0.0,0.0,0,0,0,0.2999999999999971,30.0
2818,1990,1.0,phoenix,False,,False,0.0,True,alesi,French,tyrrell,4,2,0.0,0.0,0.0,0,,0,0.7000000000000028,25.0
2817,1990,1.0,phoenix,False,1.0,,0.0,True,senna,Brazilian,mclaren,5,1,0.0,0.0,0.0,0,0,0,0.7000000000000028,29.0
2820,1990,1.0,phoenix,False,1.0,False,0.0,True,piquet,Brazilian,benetton,6,4,0.0,0.0,0.0,0,0,0,1.2000000000000028,37.0
2838,1990,1.0,phoenix,False,1.0,False,0.0,True,prost,French,ferrari,7,22,0.0,0.0,0.0,0,0,0,1.2000000000000028,
2836,1990,1.0,phoenix,False,1.0,False,0.0,True,grouillard,French,osella,8,20,0.0,0.0,0.0,0,0,0,1.2000000000000028,31.0
2819,1990,1.0,phoenix,False,1.0,False,0.0,True,boutsen,Belgian,williams,9,3,0.0,0.0,0.0,0,0,0,1.3999999999999917,32.0
2821,1990,1.0,phoenix,False,1.0,,0.0,True,modena,Italian,brabham,10,5,0.0,0.0,0.0,,0,0,1.3999999999999917,
2822,1990,1.0,phoenix,False,1.0,False,,True,satoru_nakajima,Japanese,tyrrell,11,6,0.0,0.0,0.0,0,0,0,1.3999999999999917,37.0
2825,1990,1.0,phoenix,False,1.0,False,0.0,True,patrese,Italian,williams,12,9,0.0,0.0,0.0,0,0,,1.5,35.0
2841,1990,1.0,phoenix,False,1.0,False,0.0,True,larini,Italian,ligier,13,25,0.0,0.0,0.0,0,0,Auto%#,1.7000000000000028,
2831,1990,1.0,phoenix,False,1.0,False,0.0,True,barilla,Italian,minardi,14,15,0.0,0.0,0.0,0,0,,2.5,28.0
2824,1990,1.0,phoenix,False,1.0,False,0.0,True,bernard,French,larrousse,15,8,0.0,0.0,0.0,0,0,0,2.5,25.0
2829,1990,1.0,phoenix,False,1.0,False,0.0,True,moreno,Brazilian,eurobrun,16,13,0.0,0.0,0.0,0,,,2.5,31.0
2833,1990,1.0,phoenix,False,1.0,False,0.0,True,mansell,British,ferrari,17,17,0.0,0.0,0.0,0,0,0,2.700000000000003,36.0
2832,1990,1.0,phoenix,False,1.0,False,0.0,True,suzuki,Japanese,larrousse,18,16,0.0,0.0,0.0,0,0,0,2.700000000000003,29.0
2842,1990,1.0,phoenix,False,1.0,False,0.0,True,donnelly,British,team_lotus,19,26,0.0,0.0,0.0,0,0,0,2.8999999999999915,25.0
2828,1990,1.0,Auto%#,False,1.0,False,0.0,True,schneider,German,arrows,20,12,0.0,0.0,0.0,0,0,0,3.200000000000003,25.0
,1990,1.0,phoenix,False,1.0,False,0.0,True,alboreto,Italian,arrows,21,10,0.0,0.0,0.0,0,0,0,3.200000000000003,33.0
2827,1990,1.0,phoenix,False,1.0,False,0.0,True,nannini,Italian,benetton,22,11,0.0,0.0,0.0,0,0,0,3.299999999999997,30.0
2835,1990,1.0,phoenix,False,1.0,False,0.0,True,foitek,Swiss,brabham,23,19,0.0,,0.0,0,0,0,3.700000000000003,24.0
2840,1990,1.0,phoenix,False,1.0,False,0.0,True,warwick,British,team_lotus,24,24,0.0,0.0,0.0,0,0,0,3.700000000000003,35.0
2830,1990,1.0,phoenix,False,1.0,False,0.0,True,gugelmin,Brazilian,leyton,25,14,0.0,0.0,0.0,0,0,0,4.200000000000003,26.0
2839,1990,1.0,,False,1.0,False,,True,capelli,Italian,leyton,26,23,0.0,0.0,0.0,0,0,0,4.299999999999997,26.0
2845,1990,2.0,interlagos,True,0.0,False,0.0,False,senna,Brazilian,mclaren,1,3,9.0,1.0,1.0,9,1,1,0.0,30.0
2844,1990,,interlagos,True,0.0,False,0.0,False,berger,Austrian,mclaren,2,2,0.0,0.0,18.0,9,1,1,0.6000000000000085,30.0
2847,1990,2.0,interlagos,True,0.0,False,0.0,False,boutsen,Belgian,williams,3,5,4.0,0.0,3.0,4,0,3,0.7999999999999972,
,,2.0,interlagos,True,0.0,False,0.0,False,patrese,Italian,williams,4,13,0.0,0.0,9.0,,0,3,1.0,35.0
2846,1990,2.0,interlagos,True,0.0,False,0.0,False,mansell,British,ferrari,5,4,0.0,0.0,17.0,0,0,11,1.2000000000000028,36.0
2843,1990,2.0,Auto%#,True,0.0,False,0.0,False,prost,French,ferrari,6,1,0.0,0.0,,0,0,11,1.2999999999999972,35.0
2849,1990,2.0,interlagos,True,0.0,False,0.0,False,alesi,French,tyrrell,7,7,,0.0,2.0,7,0,2,1.6000000000000083,25.0
2851,1990,2.0,interlagos,True,0.0,False,0.0,False,martini,Italian,Auto%#,8,Auto%#,0.0,0.0,7.0,0,0,6,1.7000000000000028,28.0
2868,1990,2.0,interlagos,True,0.0,False,,False,cesaris,Italian,dallara,9,26,0.0,0.0,21.0,0,0,13,1.7999999999999972,30.0
2854,1990,2.0,interlagos,True,0.0,False,0.0,False,alliot,French,ligier,10,Auto%#,0.0,0.0,0.0,0,0,15,2.0,35.0
2866,1990,2.0,interlagos,True,,False,0.0,False,bernard,French,larrousse,11,24,0.0,,8.0,0,0,7,2.1000000000000085,25.0
2859,1990,2.0,interlagos,,0.0,False,0.0,False,modena,Italian,brabham,Auto%#,17,2.0,0.0,5.0,2,0,5,2.1000000000000085,26.0
2848,1990,2.0,interlagos,True,0.0,False,0.0,False,piquet,Brazilian,benetton,13,6,3.0,0.0,4.0,3,0,4,2.299999999999997,37.0
2858,1990,2.0,interlagos,True,0.0,False,0.0,False,donnelly,British,team_lotus,14,16,0.0,0.0,26.0,0,0,14,2.700000000000003,25.0
2852,1990,2.0,interlagos,True,0.0,False,0.0,False,nannini,Italian,benetton,15,10,0.0,0.0,11.0,3,0,4,2.799999999999997,30.0
2856,1990,2.0,interlagos,True,0.0,False,0.0,False,morbidelli,Italian,,16,14,0.0,0.0,28.0,0,0,13,2.9000000000000057,22.0
2860,1990,2.0,interlagos,True,0.0,False,0.0,False,barilla,Italian,minardi,,18,0.0,0.0,15.0,0,0,6,3.0,28.0
2863,1990,2.0,interlagos,True,0.0,False,0.0,False,suzuki,Japanese,larrousse,18,21,0.0,0.0,16.0,0,0,7,3.299999999999997,29.0
2850,1990,2.0,interlagos,True,,False,0.0,False,satoru_nakajima,Japanese,tyrrell,19,8,1.0,0.0,6.0,7,0,2,3.299999999999997,37.0
2853,1990,2.0,interlagos,True,0.0,False,0.0,False,larini,Italian,ligier,20,11,0.0,0.0,,0,0,15,3.4000000000000057,26.0
2867,1990,2.0,interlagos,True,0.0,Auto%#,0.0,False,grouillard,French,osella,21,25,0.0,0.0,20.0,0,0,12,3.6000000000000085,31.0
2865,1990,2.0,interlagos,True,0.0,False,0.0,False,foitek,Swiss,brabham,22,23,,0.0,19.0,2,0,Auto%#,3.6000000000000085,24.0
2864,1990,2.0,interlagos,True,0.0,False,0.0,False,alboreto,Italian,arrows,23,22,0.0,0.0,10.0,0,0,8,3.6000000000000085,33.0
2862,1990,2.0,interlagos,True,0.0,False,0.0,False,warwick,British,team_lotus,24,20,0.0,0.0,24.0,0,0,14,3.700000000000003,35.0
2857,1990,2.0,interlagos,True,0.0,False,0.0,False,caffi,Italian,arrows,25,15,0.0,0.0,0.0,0,0,8,3.799999999999997,26.0
2861,1990,2.0,interlagos,True,0.0,False,0.0,False,dalmas,French,ags,26,19,0.0,0.0,0.0,0,0,17,3.799999999999997,28.0
2890,1990,3.0,imola,True,0.0,False,0.0,False,senna,Brazilian,mclaren,1,22,13.0,1.0,1.0,19,1,1,0.0,30.0
2870,1990,3.0,imola,True,0.0,False,0.0,False,berger,Austrian,mclaren,2,2,6.0,0.0,4.0,19,1,1,0.5999999999999943,30.0
2869,1990,3.0,imola,True,0.0,False,0.0,False,patrese,Italian,williams,3,1,0.0,0.0,12.0,6,0,4,1.2000000000000028,36.0
2888,1990,3.0,imola,True,0.0,False,0.0,False,boutsen,Belgian,williams,4,20,6.0,0.0,5.0,6,0,4,1.7999999999999972,32.0
2883,1990,3.0,imola,True,0.0,False,0.0,False,mansell,British,ferrari,5,15,3.0,0.0,7.0,,1,2,1.8999999999999917,36.0
2872,1990,3.0,imola,True,0.0,False,0.0,False,prost,French,ferrari,6,4,9.0,1.0,2.0,12,1,2,2.0,35.0
2874,1990,3.0,imola,True,0.0,False,0.0,False,alesi,French,tyrrell,7,6,6.0,0.0,3.0,7,0,3,2.0,25.0
2873,1990,3.0,imola,True,0.0,False,,False,piquet,Brazilian,benetton,8,5,4.0,0.0,6.0,4,0,5,2.5999999999999943,37.0
2871,1990,3.0,imola,True,0.0,False,0.0,False,nannini,Italian,benetton,9,,0.0,0.0,13.0,,0,5,2.799999999999997,30.0
2875,1990,3.0,imola,True,0.0,False,0.0,False,warwick,British,team_lotus,10,7,0.0,0.0,27.0,0,0,14,3.5,35.0
2876,1990,3.0,imola,True,0.0,False,0.0,False,donnelly,British,team_lotus,11,8,0.0,0.0,24.0,0,0,14,3.5,26.0
2887,1990,3.0,imola,True,0.0,,0.0,False,gugelmin,Brazilian,leyton,12,19,0.0,0.0,20.0,0,0,13,3.5999999999999943,27.0
2881,1990,3.0,imola,True,0.0,,0.0,False,bernard,French,larrousse,13,13,0.0,0.0,11.0,0,0,8,3.5999999999999943,25.0
2885,1990,3.0,imola,True,0.0,False,0.0,False,modena,Italian,brabham,14,17,2.0,0.0,8.0,2,0,6,3.799999999999997,27.0
2889,1990,3.0,imola,True,0.0,False,0.0,False,suzuki,Japanese,larrousse,15,,0.0,0.0,23.0,0,0,8,3.899999999999992,29.0
2877,1990,3.0,imola,True,0.0,False,0.0,False,alliot,French,,16,9,0.0,0.0,16.0,0,,10,4.0,35.0
2886,1990,3.0,imola,True,0.0,False,0.0,False,cesaris,Italian,dallara,17,18,0.0,0.0,29.0,0,0,12,4.0,30.0
2892,1990,3.0,imola,True,0.0,False,0.0,False,capelli,Italian,leyton,18,24,,0.0,0.0,0,0,13,4.299999999999997,26.0
2893,1990,3.0,imola,True,,,0.0,False,satoru_nakajima,Japanese,tyrrell,19,25,1.0,0.0,9.0,7,0,3,4.299999999999997,37.0
2878,1990,3.0,imola,True,0.0,Auto%#,0.0,False,larini,Italian,ligier,20,10,0.0,,15.0,0,0,10,4.399999999999992,26.0
2891,1990,3.0,imola,True,0.0,False,0.0,False,pirro,Italian,dallara,21,23,0.0,0.0,0.0,0,0,12,4.399999999999992,28.0
2882,1990,3.0,imola,True,0.0,False,0.0,False,grouillard,French,osella,,,0.0,0.0,28.0,0,0,16,4.799999999999997,31.0
2884,1990,3.0,imola,True,,False,0.0,False,foitek,Swiss,onyx,,16,,0.0,25.0,0,0,17,4.899999999999992,25.0
2894,1990,3.0,imola,True,0.0,False,0.0,Auto%#,moreno,Brazilian,eurobrun,24,26,0.0,0.0,18.0,0,0,11,5.399999999999992,31.0
2880,1990,3.0,imola,True,0.0,False,0.0,False,lehto,Finnish,onyx,25,12,0.0,0.0,0.0,0,0,17,5.399999999999992,24.0
2879,1990,3.0,imola,True,0.0,False,0.0,,barilla,Italian,minardi,26,11,0.0,0.0,21.0,0,0,7,5.5,29.0
2895,1990,4.0,monaco,True,0.0,False,0.0,False,senna,Brazilian,mclaren,1,1,13.0,1.0,1.0,25,1,1,0.0,30.0
2910,1990,4.0,monaco,True,0.0,False,0.0,False,prost,French,ferrari,2,16,12.0,1.0,2.0,15,1,3,,35.0
2896,1990,4.0,Auto%#,True,0.0,False,0.0,False,alesi,French,tyrrell,3,2,7.0,0.0,5.0,8,0,5,0.5,25.0
,1990,4.0,monaco,True,0.0,False,0.0,False,patrese,Italian,williams,4,13,9.0,1.0,4.0,15,1,2,0.7000000000000028,36.0
2897,1990,4.0,monaco,True,0.0,False,,False,berger,Austrian,mclaren,5,3,12.0,0.0,3.0,25,1,1,1.4000000000000057,30.0
2898,1990,4.0,monaco,True,0.0,False,0.0,False,boutsen,Belgian,Auto%#,6,4,6.0,0.0,6.0,15,1,2,1.4000000000000057,32.0
2903,1990,4.0,monaco,True,0.0,False,0.0,False,mansell,British,ferrari,7,9,3.0,0.0,9.0,15,1,3,1.4000000000000057,36.0
2916,1990,4.0,monaco,True,0.0,False,0.0,False,martini,Italian,minardi,8,22,0.0,0.0,12.0,0,0,8,1.7999999999999972,29.0
2919,1990,4.0,monaco,True,0.0,False,0.0,False,pirro,Italian,dallara,9,25,0.0,0.0,0.0,0,0,,2.200000000000003,28.0
2920,1990,4.0,monaco,True,0.0,False,0.0,False,piquet,Auto%#,,10,26,6.0,0.0,7.0,10,0,4,2.299999999999997,37.0
2917,1990,4.0,monaco,True,0.0,False,0.0,False,donnelly,British,team_lotus,11,23,0.0,0.0,15.0,0,0,7,2.299999999999997,26.0
2908,1990,4.0,monaco,True,0.0,False,0.0,False,cesaris,Italian,dallara,12,14,0.0,0.0,29.0,0,0,14,2.299999999999997,30.0
2902,1990,4.0,monaco,True,0.0,False,0.0,False,warwick,British,team_lotus,13,8,0.0,0.0,13.0,0,0,7,2.4000000000000057,35.0
2918,1990,4.0,monaco,True,0.0,False,0.0,,modena,Italian,brabham,14,24,,0.0,10.0,2,0,6,2.6000000000000085,27.0
2915,1990,4.0,monaco,True,0.0,False,0.0,False,suzuki,Japanese,larrousse,15,21,0.0,0.0,28.0,0,0,9,2.700000000000003,29.0
2911,1990,4.0,monaco,True,0.0,False,0.0,False,nannini,Italian,benetton,16,17,4.0,0.0,8.0,10,0,4,2.799999999999997,30.0
2914,1990,4.0,monaco,True,0.0,False,0.0,False,larini,Italian,ligier,17,20,0.0,0.0,,0,0,10,2.9000000000000057,26.0
2906,1990,4.0,monaco,True,0.0,False,0.0,False,alliot,French,ligier,18,12,0.0,0.0,16.0,0,0,,3.0,35.0
2904,1990,4.0,monaco,True,0.0,False,0.0,False,barilla,Italian,minardi,19,10,0.0,0.0,19.0,0,0,8,3.0,29.0
2901,1990,4.0,monaco,True,0.0,False,0.0,False,foitek,Swiss,onyx,20,7,0.0,0.0,27.0,0,0,12,3.1000000000000085,25.0
2909,1990,4.0,monaco,True,0.0,False,0.0,False,satoru_nakajima,Japanese,tyrrell,21,15,1.0,0.0,11.0,8,0,5,3.1000000000000085,37.0
2899,1990,4.0,monaco,True,0.0,False,0.0,False,caffi,Italian,arrows,22,5,0.0,0.0,26.0,0,0,11,3.700000000000003,26.0
2913,1990,4.0,monaco,True,0.0,False,0.0,False,capelli,Italian,leyton,23,19,0.0,0.0,0.0,0,0,15,3.700000000000003,27.0
2900,1990,4.0,,True,0.0,False,0.0,False,bernard,French,larrousse,24,6,0.0,0.0,14.0,0,0,9,4.1000000000000085,25.0
2912,1990,4.0,monaco,True,0.0,Auto%#,0.0,False,brabham,Australian,brabham,25,18,0.0,0.0,0.0,2,0,6,4.1000000000000085,24.0
2905,1990,4.0,monaco,True,0.0,False,0.0,False,lehto,Finnish,onyx,26,11,0.0,0.0,20.0,0,0,12,4.200000000000003,24.0
2921,1990,5.0,villeneuve,True,0.0,False,0.0,True,senna,Brazilian,mclaren,1,1,22.0,2.0,1.0,38,2,1,0.0,30.0
2924,1990,5.0,villeneuve,True,,False,0.0,,berger,Austrian,mclaren,2,4,16.0,0.0,2.0,38,2,,0.0999999999999943,30.0
2925,1990,5.0,villeneuve,True,0.0,False,0.0,True,prost,French,ferrari,3,5,12.0,1.0,4.0,15,1,3,0.3999999999999915,35.0
2941,1990,5.0,villeneuve,True,0.0,False,0.0,True,nannini,Italian,benetton,4,21,4.0,0.0,8.0,10,0,5,0.8999999999999915,30.0
2922,1990,5.0,villeneuve,True,0.0,False,0.0,True,piquet,Brazilian,benetton,5,2,6.0,0.0,7.0,10,0,5,1.1999999999999886,37.0
2942,1990,5.0,villeneuve,True,0.0,False,0.0,True,boutsen,Belgian,williams,6,22,9.0,0.0,6.0,18,1,2,,32.0
2923,1990,5.0,villeneuve,True,0.0,False,0.0,True,mansell,British,ferrari,7,3,3.0,0.0,9.0,15,1,3,1.1999999999999886,36.0
2940,1990,5.0,villeneuve,True,0.0,False,0.0,True,alesi,French,tyrrell,8,20,13.0,0.0,3.0,14,0,4,1.2999999999999972,25.0
2938,1990,5.0,villeneuve,True,0.0,False,0.0,True,patrese,Italian,williams,Auto%#,18,9.0,1.0,,18,1,2,1.5999999999999943,36.0
2927,1990,5.0,villeneuve,True,0.0,False,0.0,True,modena,Italian,brabham,10,7,2.0,0.0,11.0,2,0,7,2.299999999999997,27.0
2926,1990,5.0,villeneuve,True,0.0,False,0.0,True,warwick,British,team_lotus,11,6,0.0,0.0,15.0,0,,9,2.299999999999997,35.0
2934,1990,5.0,villeneuve,True,0.0,False,0.0,True,donnelly,British,team_lotus,12,14,0.0,0.0,17.0,0,0,9,2.299999999999997,26.0
2931,1990,5.0,villeneuve,True,0.0,False,0.0,True,satoru_nakajima,Japanese,tyrrell,13,11,1.0,0.0,13.0,14,0,4,3.1999999999999886,37.0
2945,1990,,villeneuve,True,0.0,False,0.0,True,alboreto,,arrows,14,,0.0,0.0,20.0,2,0,6,3.299999999999997,33.0
2933,1990,5.0,villeneuve,True,0.0,False,0.0,True,grouillard,French,osella,15,13,0.0,0.0,28.0,0,0,16,3.3999999999999915,31.0
2946,1990,,,True,0.0,False,0.0,True,,Italian,minardi,16,26,0.0,0.0,14.0,0,0,10,3.3999999999999915,29.0
2939,1990,5.0,villeneuve,True,0.0,False,0.0,True,alliot,French,ligier,17,19,0.0,0.0,18.0,0,0,12,3.5,35.0
2932,1990,5.0,villeneuve,True,0.0,False,0.0,True,,Japanese,larrousse,18,12,0.0,0.0,29.0,1,0,8,3.5,29.0
2944,1990,5.0,villeneuve,True,,False,0.0,True,pirro,Italian,dallara,19,24,0.0,0.0,0.0,0,,14,3.899999999999992,28.0
2943,1990,5.0,villeneuve,True,0.0,False,0.0,True,larini,Italian,ligier,20,23,0.0,0.0,19.0,0,0,12,3.899999999999992,26.0
2935,1990,5.0,villeneuve,True,0.0,False,0.0,True,foitek,Swiss,onyx,21,15,0.0,0.0,16.0,0,0,11,4.0,
2937,1990,5.0,villeneuve,True,0.0,False,0.0,True,lehto,Finnish,onyx,22,17,0.0,0.0,22.0,0,0,11,4.0,24.0
2929,1990,5.0,villeneuve,True,0.0,False,0.0,True,bernard,French,larrousse,23,9,1.0,0.0,12.0,1,0,8,4.099999999999994,25.0
2930,1990,5.0,villeneuve,True,0.0,False,0.0,True,capelli,Italian,leyton,24,10,0.0,0.0,0.0,0,0,15,4.199999999999989,27.0
2936,1990,5.0,villeneuve,True,0.0,False,0.0,True,,Italian,dallara,25,16,0.0,0.0,27.0,0,0,14,4.199999999999989,31.0
2928,1990,5.0,villeneuve,True,0.0,False,0.0,True,caffi,Italian,arrows,26,8,2.0,0.0,10.0,2,0,6,4.699999999999989,26.0
2949,1990,,rodriguez,False,0.0,False,0.0,False,berger,Auto%#,mclaren,1,3,19.0,0.0,2.0,50,3,1,0.0,30.0
,1990,6.0,rodriguez,False,0.0,False,0.0,False,patrese,Italian,williams,2,9,9.0,1.0,6.0,18,1,3,0.2999999999999971,36.0
2966,1990,6.0,Auto%#,False,0.0,False,0.0,False,senna,Brazilian,mclaren,3,20,31.0,3.0,1.0,50,3,1,0.5,30.0
2948,1990,6.0,rodriguez,False,0.0,False,,False,mansell,British,ferrari,4,2,7.0,0.0,8.0,21,1,2,0.5,
2951,1990,6.0,rodriguez,False,0.0,False,,False,boutsen,Belgian,williams,5,5,9.0,0.0,7.0,18,1,,0.7000000000000028,32.0
2953,1990,6.0,,False,0.0,False,0.0,False,alesi,French,tyrrell,6,7,13.0,0.0,4.0,14,0,5,1.0999999999999943,26.0
2958,1990,6.0,rodriguez,False,0.0,False,0.0,False,martini,Italian,minardi,7,12,0.0,0.0,15.0,0,0,10,1.2999999999999972,29.0
2952,1990,6.0,rodriguez,False,0.0,False,0.0,False,piquet,Brazilian,benetton,,6,,0.0,5.0,16,0,4,1.3999999999999917,37.0
,1990,6.0,rodriguez,False,0.0,False,0.0,,satoru_nakajima,Japanese,Auto%#,9,24,1.0,0.0,14.0,14,0,5,1.3999999999999917,37.0
2957,1990,,rodriguez,False,0.0,False,0.0,False,modena,Italian,brabham,10,11,2.0,0.0,10.0,2,0,6,1.3999999999999917,27.0
2956,1990,6.0,rodriguez,False,0.0,False,0.0,False,warwick,British,team_lotus,11,10,1.0,0.0,12.0,1,0,,1.7999999999999972,35.0
2954,1990,6.0,rodriguez,False,0.0,False,0.0,False,donnelly,Auto%#,Auto%#,12,8,0.0,0.0,17.0,1,0,8,1.7999999999999972,26.0
2947,1990,6.0,Auto%#,False,0.0,False,0.0,False,prost,French,ferrari,13,1,14.0,1.0,3.0,21,1,2,1.7999999999999972,35.0
2950,1990,6.0,rodriguez,False,0.0,Auto%#,0.0,,nannini,Italian,benetton,14,4,4.0,0.0,,16,0,4,2.0,30.0
2959,1990,6.0,,False,0.0,False,0.0,False,cesaris,Italian,dallara,15,13,0.0,0.0,30.0,0,0,16,2.700000000000003,31.0
2960,1990,6.0,rodriguez,False,0.0,False,0.0,False,barilla,Italian,minardi,16,14,0.0,0.0,22.0,0,0,,2.700000000000003,29.0
2963,1990,6.0,rodriguez,False,0.0,False,0.0,False,alboreto,Italian,arrows,17,17,0.0,0.0,21.0,2,0,7,2.700000000000003,33.0
2972,1990,6.0,rodriguez,False,0.0,False,0.0,False,pirro,Italian,dallara,18,26,0.0,0.0,0.0,0,0,16,2.799999999999997,28.0
2969,1990,6.0,rodriguez,False,0.0,False,0.0,False,suzuki,Japanese,larrousse,19,23,0.0,0.0,24.0,1,0,9,3.0999999999999943,29.0
2965,1990,6.0,rodriguez,False,0.0,False,0.0,False,grouillard,French,osella,20,19,0.0,0.0,26.0,0,0,14,3.0999999999999943,31.0
2971,1990,6.0,,False,0.0,False,0.0,False,brabham,Australian,brabham,21,25,0.0,0.0,0.0,2,0,6,3.200000000000003,24.0
2964,1990,6.0,rodriguez,False,0.0,False,0.0,False,alliot,French,ligier,22,18,0.0,0.0,18.0,,0,12,3.5,35.0
2961,1990,6.0,rodriguez,False,0.0,False,0.0,False,foitek,Swiss,onyx,23,15,0.0,0.0,16.0,0,0,11,3.799999999999997,25.0
2962,1990,6.0,rodriguez,False,0.0,False,0.0,False,larini,Italian,ligier,24,16,0.0,0.0,,0,0,Auto%#,3.899999999999992,26.0
2968,1990,6.0,rodriguez,False,0.0,,0.0,False,bernard,French,larrousse,25,22,1.0,0.0,13.0,1,0,9,4.099999999999994,25.0
2967,1990,6.0,rodriguez,False,0.0,False,0.0,False,lehto,Finnish,onyx,26,21,0.0,0.0,23.0,0,0,11,4.299999999999997,24.0
2990,1990,7.0,ricard,True,0.0,False,0.0,False,mansell,British,ferrari,1,18,13.0,0.0,5.0,36,2,2,0.0,36.0
2977,1990,7.0,ricard,True,0.0,False,0.0,False,berger,Austrian,mclaren,2,5,23.0,0.0,3.0,,3,1,0.0999999999999943,30.0
2975,1990,7.0,ricard,True,0.0,False,0.0,False,senna,Brazilian,mclaren,3,3,31.0,3.0,1.0,54,3,1,0.0999999999999943,30.0
2973,1990,7.0,ricard,True,,,0.0,False,prost,French,ferrari,4,1,23.0,2.0,2.0,36,2,2,0.3999999999999915,35.0
2988,1990,,ricard,True,0.0,False,0.0,False,nannini,Italian,benetton,5,16,7.0,0.0,9.0,20,0,4,0.5999999999999943,31.0
2978,1990,7.0,ricard,True,0.0,,0.0,False,patrese,Italian,Auto%#,6,6,9.0,1.0,,20,1,3,0.6999999999999886,36.0
2974,1990,7.0,ricard,True,0.0,False,0.0,False,capelli,Italian,leyton,7,2,0.0,0.0,21.0,0,0,13,1.0,27.0
2997,1990,7.0,,True,0.0,False,0.0,False,boutsen,Belgian,williams,8,25,11.0,0.0,7.0,20,1,3,1.0,32.0
,1990,7.0,Auto%#,True,0.0,False,0.0,False,piquet,Brazilian,benetton,9,4,13.0,0.0,6.0,20,0,4,1.1999999999999886,37.0
2993,1990,7.0,ricard,,0.0,False,0.0,False,gugelmin,,leyton,10,,0.0,0.0,29.0,0,0,Auto%#,1.3999999999999917,
2980,1990,7.0,ricard,True,0.0,False,0.0,False,bernard,Auto%#,larrousse,11,8,1.0,0.0,,1,0,9,1.5,25.0
2981,1990,7.0,ricard,True,0.0,False,0.0,False,alliot,French,ligier,12,9,0.0,0.0,18.0,0,0,12,1.5999999999999943,35.0
2995,,7.0,ricard,True,0.0,False,0.0,False,alesi,French,tyrrell,13,23,13.0,0.0,4.0,14,0,5,1.6999999999999886,26.0
2979,1990,7.0,ricard,True,0.0,False,0.0,False,suzuki,Japanese,larrousse,14,7,0.0,0.0,24.0,,0,9,1.6999999999999886,29.0
2992,1990,7.0,ricard,True,0.0,False,0.0,False,satoru_nakajima,Japanese,tyrrell,,20,1.0,0.0,14.0,14,0,5,2.1999999999999886,37.0
2983,1990,,ricard,True,0.0,False,0.0,False,warwick,British,team_lotus,16,11,1.0,0.0,12.0,,0,8,2.1999999999999886,35.0
2984,1990,7.0,ricard,True,0.0,False,0.0,False,donnelly,British,team_lotus,17,12,0.0,0.0,17.0,1,,8,2.1999999999999886,26.0
2982,1990,7.0,ricard,True,0.0,False,0.0,False,alboreto,Italian,arrows,,10,0.0,0.0,20.0,2,0,7,2.3999999999999915,33.0
2986,1990,7.0,ricard,True,0.0,False,0.0,False,larini,Italian,ligier,19,14,0.0,0.0,19.0,0,0,12,2.5,26.0
2985,1990,7.0,ricard,True,0.0,False,0.0,False,modena,Italian,,20,Auto%#,2.0,0.0,,2,0,6,2.5,27.0
2991,1990,7.0,ricard,True,0.0,False,0.0,False,cesaris,Italian,dallara,21,19,0.0,0.0,27.0,0,,,2.6999999999999886,31.0
2996,1990,7.0,ricard,True,0.0,False,0.0,False,caffi,Italian,arrows,22,24,2.0,0.0,11.0,2,0,7,2.799999999999997,26.0
2994,1990,7.0,ricard,True,0.0,False,0.0,False,martini,Italian,minardi,23,22,0.0,0.0,15.0,0,0,,2.8999999999999915,29.0
2998,1990,7.0,ricard,True,0.0,False,0.0,False,pirro,Italian,dallara,24,26,0.0,0.0,0.0,0,0,14,3.299999999999997,28.0
2987,1990,7.0,ricard,True,0.0,False,0.0,False,brabham,Australian,brabham,25,15,0.0,0.0,0.0,2,0,6,3.299999999999997,24.0
2989,1990,7.0,ricard,True,0.0,False,0.0,False,dalmas,French,ags,Auto%#,17,0.0,0.0,0.0,0,0,17,3.5,28.0
,1990,8.0,silverstone,True,0.0,False,0.0,False,mansell,British,ferrari,1,15,13.0,0.0,6.0,45,3,2,0.0,36.0
3001,1990,8.0,silverstone,True,0.0,False,0.0,False,senna,Brazilian,mclaren,2,3,35.0,3.0,1.0,60,3,1,0.6999999999999886,30.0
3012,1990,8.0,silverstone,True,0.0,False,0.0,False,berger,Austrian,mclaren,3,14,25.0,0.0,3.0,60,3,1,0.7999999999999972,30.0
3000,1990,8.0,silverstone,True,0.0,False,0.0,False,boutsen,Belgian,williams,4,2,11.0,0.0,7.0,21,1,4,0.8999999999999915,33.0
2999,1990,8.0,silverstone,True,0.0,False,0.0,False,prost,French,ferrari,5,1,32.0,3.0,2.0,45,3,2,0.8999999999999915,35.0
3006,1990,8.0,silverstone,True,,False,0.0,Auto%#,alesi,French,tyrrell,,8,13.0,0.0,5.0,14,0,5,1.0,26.0
3019,1990,8.0,silverstone,True,0.0,False,0.0,False,patrese,Italian,,7,21,10.0,1.0,8.0,21,1,4,1.2999999999999972,36.0
3002,1990,8.0,silverstone,True,0.0,False,0.0,False,bernard,French,larrousse,8,4,1.0,0.0,14.0,1,0,9,1.5999999999999943,25.0
3004,1990,8.0,silverstone,True,0.0,False,0.0,False,suzuki,Japanese,Auto%#,9,6,0.0,0.0,17.0,1,0,9,1.7999999999999972,29.0
3014,1990,8.0,silverstone,True,0.0,False,0.0,False,capelli,Italian,leyton,,16,6.0,0.0,10.0,,0,6,1.8999999999999917,27.0
3003,1990,8.0,silverstone,True,0.0,False,0.0,False,piquet,,Auto%#,11,5,16.0,0.0,4.0,23,0,3,2.0,37.0
3020,1990,8.0,silverstone,True,0.0,False,0.0,False,satoru_nakajima,Japanese,tyrrell,12,22,1.0,0.0,15.0,14,0,5,,37.0
,1990,8.0,silverstone,True,0.0,False,0.0,False,nannini,Italian,benetton,13,23,7.0,0.0,9.0,23,0,3,2.1999999999999886,31.0
3015,1990,8.0,silverstone,True,0.0,False,0.0,False,,British,team_lotus,14,17,0.0,0.0,19.0,1,0,10,2.299999999999997,26.0
3024,1990,8.0,silverstone,True,0.0,False,0.0,False,gugelmin,Brazilian,leyton,15,26,0.0,0.0,29.0,6,0,6,2.5999999999999943,27.0
3016,1990,8.0,silverstone,True,0.0,False,,False,warwick,British,team_lotus,16,18,1.0,0.0,13.0,1,0,10,2.6999999999999886,35.0
3005,1990,8.0,silverstone,True,0.0,Auto%#,0.0,False,caffi,Italian,arrows,17,7,2.0,0.0,12.0,2,0,8,,26.0
3023,1990,8.0,silverstone,True,0.0,False,0.0,False,martini,Italian,minardi,18,,0.0,0.0,16.0,0,0,11,2.8999999999999915,29.0
3009,1990,8.0,silverstone,True,0.0,False,0.0,False,pirro,Italian,dallara,19,11,0.0,0.0,0.0,0,0,14,3.3999999999999915,28.0
3007,1990,8.0,silverstone,True,0.0,False,0.0,,modena,Auto%#,brabham,20,9,2.0,0.0,11.0,2,0,7,3.6999999999999886,
3008,1990,8.0,silverstone,True,0.0,False,0.0,False,larini,,ligier,21,,0.0,0.0,22.0,0,0,13,3.799999999999997,26.0
3011,1990,8.0,silverstone,True,0.0,False,0.0,False,alliot,French,ligier,22,13,0.0,0.0,20.0,0,0,13,3.799999999999997,35.0
3022,1990,8.0,silverstone,True,0.0,False,0.0,False,cesaris,Italian,dallara,,24,0.0,0.0,27.0,0,0,14,3.799999999999997,31.0
3010,1990,8.0,silverstone,True,0.0,False,0.0,False,barilla,Italian,minardi,24,12,0.0,0.0,23.0,0,0,11,4.0,29.0
3018,1990,8.0,silverstone,True,0.0,False,0.0,False,alboreto,Italian,arrows,25,20,0.0,0.0,21.0,2,0,8,4.199999999999989,33.0
3017,1990,8.0,silverstone,True,0.0,False,,False,tarquini,Italian,ags,26,19,0.0,0.0,0.0,0,0,17,4.299999999999997,28.0
3025,,9.0,hockenheimring,True,0.0,False,0.0,False,senna,Brazilian,mclaren,1,1,39.0,3.0,2.0,64,3,1,0.0,30.0
3027,1990,9.0,,True,0.0,False,0.0,False,berger,Austrian,mclaren,2,3,,0.0,3.0,64,3,1,0.2000000000000028,30.0
3028,1990,9.0,hockenheimring,True,0.0,False,0.0,False,prost,French,ferrari,3,4,41.0,4.0,1.0,54,,2,1.5,35.0
3043,1990,9.0,hockenheimring,True,0.0,False,0.0,False,mansell,British,ferrari,4,19,13.0,0.0,7.0,54,4,2,,36.0
3029,1990,9.0,hockenheimring,True,0.0,False,0.0,False,patrese,Italian,williams,5,5,10.0,1.0,8.0,,1,3,2.0,36.0
3030,1990,9.0,hockenheimring,True,0.0,False,0.0,False,boutsen,Belgian,williams,6,6,17.0,0.0,5.0,27,1,3,2.200000000000003,
3040,1990,9.0,hockenheimring,True,0.0,False,0.0,False,piquet,Brazilian,benetton,7,16,18.0,,4.0,25,0,4,2.700000000000003,37.0
3035,1990,9.0,hockenheimring,True,0.0,False,,False,alesi,French,tyrrell,,11,13.0,0.0,6.0,14,0,5,3.0999999999999943,26.0
3026,1990,9.0,hockenheimring,True,0.0,False,0.0,False,nannini,Italian,benetton,9,2,7.0,0.0,9.0,25,0,4,3.3999999999999915,31.0
3031,1990,9.0,hockenheimring,True,0.0,False,0.0,False,capelli,Italian,leyton,10,7,6.0,0.0,10.0,6,0,6,4.099999999999994,27.0
3038,1990,9.0,hockenheimring,True,0.0,False,0.0,False,suzuki,Japanese,larrousse,11,14,1.0,0.0,15.0,5,0,7,4.200000000000003,29.0
3037,1990,9.0,hockenheimring,True,0.0,False,0.0,False,bernard,French,larrousse,12,13,4.0,,11.0,5,0,7,4.299999999999997,25.0
3039,1990,9.0,hockenheimring,True,0.0,False,0.0,False,satoru_nakajima,Japanese,tyrrell,Auto%#,15,,0.0,16.0,14,0,5,4.5,37.0
,1990,9.0,hockenheimring,True,0.0,False,0.0,False,gugelmin,Brazilian,leyton,14,20,0.0,0.0,30.0,6,0,6,5.0,27.0
3041,,9.0,hockenheimring,True,0.0,False,0.0,False,martini,Italian,minardi,15,17,0.0,0.0,17.0,0,0,11,5.0,29.0
,1990,9.0,hockenheimring,True,0.0,False,0.0,False,warwick,British,team_lotus,16,8,1.0,0.0,14.0,1,0,10,5.0,35.0
3048,1990,9.0,hockenheimring,,0.0,False,0.0,False,modena,Italian,brabham,17,24,2.0,0.0,13.0,2,0,9,5.299999999999997,27.0
3033,1990,9.0,hockenheimring,True,0.0,False,0.0,False,caffi,Auto%#,arrows,18,9,,0.0,12.0,2,0,8,5.399999999999992,26.0
3046,1990,9.0,hockenheimring,True,0.0,False,0.0,False,alboreto,Italian,arrows,19,22,0.0,0.0,22.0,2,0,8,5.599999999999994,33.0
3047,1990,9.0,hockenheimring,True,0.0,False,0.0,False,donnelly,British,team_lotus,20,23,0.0,0.0,19.0,1,0,10,5.599999999999994,26.0
3045,1990,9.0,hockenheimring,True,0.0,False,0.0,False,brabham,Australian,brabham,21,21,0.0,0.0,0.0,2,0,9,5.899999999999992,24.0
3034,1990,9.0,hockenheimring,True,0.0,False,0.0,False,larini,Italian,ligier,22,10,0.0,0.0,21.0,0,0,13,6.0,26.0
3049,1990,9.0,hockenheimring,True,0.0,False,0.0,False,pirro,Italian,dallara,23,25,0.0,0.0,24.0,,0,,6.299999999999997,28.0
3050,,,hockenheimring,True,0.0,False,0.0,False,alliot,French,ligier,24,26,0.0,0.0,20.0,0,0,13,6.399999999999992,36.0
3036,1990,9.0,hockenheimring,True,0.0,False,0.0,False,lehto,Finnish,,25,12,0.0,0.0,25.0,0,0,12,6.700000000000003,24.0
3042,1990,9.0,hockenheimring,True,0.0,False,0.0,False,foitek,Swiss,onyx,26,18,,0.0,18.0,0,0,,7.0,25.0
3051,1990,10.0,hungaroring,False,0.0,True,0.0,False,boutsen,Belgian,williams,1,1,18.0,0.0,4.0,30,1,4,0.0,33.0
3054,1990,10.0,hungaroring,False,0.0,True,0.0,,patrese,Italian,williams,2,4,12.0,1.0,9.0,30,1,4,0.0999999999999943,36.0
3066,1990,10.0,hungaroring,False,,True,0.0,False,,Austrian,mclaren,3,16,29.0,0.0,3.0,77,4,1,0.1999999999999886,30.0
3052,1990,10.0,hungaroring,,0.0,True,0.0,False,senna,Brazilian,mclaren,4,2,,4.0,1.0,77,4,1,0.2999999999999971,30.0
3067,1990,10.0,hungaroring,False,0.0,True,0.0,False,mansell,British,ferrari,5,17,13.0,0.0,8.0,57,4,2,0.7999999999999972,37.0
3072,1990,10.0,Auto%#,,0.0,True,0.0,False,alesi,French,tyrrell,6,22,13.0,0.0,6.0,14,0,5,0.7999999999999972,26.0
3068,1990,10.0,hungaroring,False,0.0,True,0.0,False,nannini,Italian,benetton,7,18,13.0,0.0,7.0,31,0,3,1.0,31.0
3071,1990,10.0,hungaroring,False,0.0,True,0.0,False,prost,French,ferrari,8,21,44.0,4.0,2.0,57,4,2,1.0999999999999943,35.0
3053,1990,10.0,hungaroring,False,0.0,True,0.0,Auto%#,piquet,,benetton,9,3,18.0,0.0,5.0,31,0,3,1.5999999999999943,37.0
3075,1990,10.0,hungaroring,False,0.0,True,,False,cesaris,Italian,dallara,10,25,0.0,0.0,28.0,,0,14,1.7999999999999972,31.0
3055,1990,10.0,hungaroring,False,0.0,True,0.0,False,warwick,British,team_lotus,11,5,1.0,0.0,14.0,1,0,,1.8999999999999917,35.0
3056,1990,10.0,hungaroring,False,0.0,True,0.0,False,bernard,French,larrousse,12,6,4.0,0.0,11.0,5,0,7,2.0999999999999943,25.0
3060,1990,10.0,hungaroring,False,0.0,True,0.0,False,pirro,Italian,Auto%#,13,10,0.0,0.0,24.0,0,0,14,2.0999999999999943,28.0
3074,1990,10.0,hungaroring,False,0.0,True,0.0,False,martini,Italian,minardi,14,24,0.0,0.0,17.0,0,0,11,2.299999999999997,29.0
3076,1990,10.0,hungaroring,False,0.0,True,0.0,False,satoru_nakajima,Japanese,tyrrell,15,26,1.0,0.0,16.0,14,0,5,2.299999999999997,37.0
3069,1990,,,False,0.0,True,0.0,False,capelli,Italian,leyton,16,19,6.0,0.0,10.0,6,0,6,2.5,27.0
3058,1990,10.0,hungaroring,False,0.0,True,0.0,False,gugelmin,Brazilian,leyton,17,8,0.0,0.0,30.0,6,0,6,2.5,27.0
3057,1990,10.0,hungaroring,False,0.0,True,,False,donnelly,British,team_lotus,18,7,,0.0,19.0,1,0,10,2.6999999999999886,26.0
3070,1990,10.0,hungaroring,False,0.0,True,0.0,False,,Japanese,larrousse,19,Auto%#,1.0,0.0,15.0,5,0,7,2.6999999999999886,29.0
3073,1990,10.0,hungaroring,,0.0,True,0.0,False,modena,Italian,brabham,20,23,2.0,0.0,13.0,2,0,,2.799999999999997,27.0
3064,1990,10.0,hungaroring,False,0.0,True,0.0,False,alliot,French,ligier,21,14,,0.0,20.0,0,0,13,3.0999999999999943,36.0
3062,1990,10.0,hungaroring,False,0.0,Auto%#,0.0,False,alboreto,Italian,arrows,22,12,0.0,0.0,22.0,2,0,8,3.899999999999992,33.0
3065,1990,10.0,hungaroring,False,0.0,Auto%#,0.0,False,barilla,Italian,minardi,23,15,0.0,0.0,23.0,0,0,11,3.899999999999992,29.0
3063,1990,10.0,hungaroring,False,0.0,True,0.0,False,tarquini,Italian,ags,24,13,0.0,,0.0,0,0,17,4.099999999999994,28.0
3061,1990,10.0,hungaroring,False,0.0,True,0.0,False,larini,Italian,ligier,25,11,0.0,0.0,21.0,0,0,13,4.199999999999989,26.0
3059,,10.0,hungaroring,False,,True,0.0,False,caffi,Italian,arrows,26,9,2.0,0.0,12.0,2,0,8,4.199999999999989,26.0
3077,1990,11.0,spa,False,0.0,True,0.0,False,senna,Brazilian,mclaren,1,1,54.0,4.0,1.0,83,4,1,0.0,30.0
3079,1990,11.0,spa,False,0.0,True,0.0,False,berger,Austrian,mclaren,2,3,29.0,,3.0,83,4,1,0.5,30.0
3078,1990,11.0,spa,False,0.0,True,0.0,False,prost,French,ferrari,3,2,44.0,4.0,2.0,57,4,2,0.5999999999999943,35.0
3096,1990,11.0,spa,False,0.0,True,,False,boutsen,Belgian,williams,4,,27.0,1.0,4.0,42,2,3,1.5,33.0
3097,1990,11.0,spa,False,0.0,True,0.0,False,mansell,British,ferrari,5,21,13.0,0.0,9.0,57,4,2,,37.0
3080,1990,11.0,spa,False,0.0,True,0.0,False,nannini,Italian,benetton,6,4,13.0,0.0,8.0,35,0,4,2.1999999999999886,31.0
3098,1990,11.0,spa,False,0.0,True,0.0,False,patrese,Italian,williams,7,22,15.0,1.0,6.0,42,2,3,2.299999999999997,36.0
3081,1990,11.0,spa,False,0.0,True,0.0,False,piquet,Brazilian,benetton,8,5,22.0,0.0,5.0,35,0,,2.5,38.0
3084,1990,11.0,spa,False,0.0,True,0.0,False,alesi,French,tyrrell,9,8,13.0,0.0,7.0,14,0,5,2.5,26.0
3100,1990,11.0,spa,False,0.0,,0.0,False,satoru_nakajima,Japanese,tyrrell,10,24,1.0,0.0,16.0,14,0,5,3.0999999999999943,37.0
3101,1990,11.0,spa,False,0.0,True,0.0,False,suzuki,Japanese,Auto%#,11,,1.0,0.0,15.0,6,0,7,3.0999999999999943,29.0
3083,1990,11.0,,False,0.0,True,0.0,False,capelli,Italian,leyton,12,7,6.0,0.0,10.0,6,0,6,3.3999999999999915,27.0
3093,1990,,spa,False,,True,0.0,False,modena,Italian,brabham,13,17,2.0,0.0,14.0,2,0,10,3.5,27.0
3082,1990,11.0,spa,,0.0,True,0.0,False,gugelmin,Brazilian,leyton,14,6,0.0,0.0,20.0,6,0,6,3.6999999999999886,27.0
3085,1990,11.0,spa,False,0.0,True,0.0,False,bernard,French,larrousse,15,9,5.0,0.0,11.0,6,0,7,3.899999999999992,26.0
3091,1990,11.0,spa,False,0.0,True,0.0,False,martini,Italian,,16,15,0.0,0.0,18.0,0,0,11,3.899999999999992,29.0
3099,1990,11.0,spa,False,0.0,True,0.0,False,pirro,Italian,dallara,Auto%#,23,0.0,0.0,24.0,0,0,14,4.199999999999989,28.0
3087,1990,11.0,spa,False,0.0,True,0.0,False,warwick,British,team_lotus,18,11,3.0,0.0,12.0,3,0,8,4.699999999999989,35.0
3086,1990,11.0,spa,False,0.0,True,0.0,False,caffi,Italian,arrows,19,10,2.0,0.0,13.0,2,0,9,4.799999999999997,26.0
3095,1990,11.0,spa,False,,True,0.0,False,cesaris,Italian,dallara,20,19,0.0,0.0,29.0,0,0,14,4.899999999999992,31.0
3090,1990,11.0,spa,False,0.0,True,0.0,False,larini,Italian,,21,14,0.0,0.0,22.0,0,0,13,4.899999999999992,26.0
3088,1990,11.0,spa,False,0.0,True,0.0,False,donnelly,British,team_lotus,22,12,0.0,0.0,17.0,3,0,8,4.899999999999992,26.0
3092,1990,11.0,spa,False,0.0,True,0.0,False,grouillard,French,osella,23,16,0.0,0.0,28.0,0,0,16,,31.0
3094,1990,11.0,spa,False,0.0,True,0.0,False,brabham,Australian,brabham,24,18,0.0,0.0,0.0,2,0,10,5.299999999999997,24.0
3102,1990,11.0,spa,False,0.0,True,0.0,False,barilla,Italian,minardi,25,26,0.0,0.0,25.0,0,0,Auto%#,5.5,29.0
3089,1990,11.0,spa,False,0.0,True,0.0,False,alboreto,Italian,arrows,26,13,0.0,0.0,23.0,2,0,9,5.699999999999989,33.0
3103,1990,12.0,monza,True,0.0,False,0.0,False,senna,Brazilian,mclaren,1,1,63.0,5.0,1.0,96,5,1,0.0,30.0
3104,1990,12.0,monza,True,0.0,False,0.0,False,prost,French,ferrari,2,2,50.0,4.0,2.0,63,4,2,0.4000000000000057,35.0
3105,1990,12.0,monza,True,0.0,False,0.0,False,berger,Austrian,mclaren,Auto%#,3,33.0,0.0,3.0,96,5,1,0.4000000000000057,31.0
3106,1990,12.0,monza,True,0.0,False,0.0,False,mansell,British,ferrari,4,4,13.0,0.0,9.0,63,4,2,0.5999999999999943,37.0
3128,1990,12.0,monza,True,0.0,False,0.0,False,alesi,French,tyrrell,Auto%#,26,13.0,0.0,8.0,14,0,5,1.0,26.0
3122,1990,12.0,monza,True,,False,0.0,False,boutsen,Belgian,williams,6,20,27.0,1.0,4.0,42,2,3,1.5,33.0
3107,1990,12.0,monza,True,0.0,False,0.0,False,patrese,Italian,williams,7,5,15.0,1.0,,42,2,3,1.7999999999999972,36.0
3110,1990,12.0,monza,True,0.0,False,0.0,False,nannini,Italian,benetton,8,8,16.0,0.0,6.0,40,0,4,2.0999999999999943,31.0
3109,1990,12.0,monza,True,0.0,False,0.0,False,piquet,Brazilian,benetton,9,7,24.0,,5.0,40,0,4,2.200000000000003,38.0
3120,1990,12.0,monza,True,0.0,False,0.0,False,gugelmin,Brazilian,leyton,10,18,1.0,0.0,17.0,7,0,6,3.0999999999999943,27.0
3125,1990,12.0,monza,True,0.0,False,0.0,False,donnelly,British,team_lotus,,23,0.0,0.0,18.0,3,0,8,3.0999999999999943,26.0
3123,1990,12.0,monza,True,0.0,False,0.0,False,warwick,British,team_lotus,12,21,3.0,0.0,12.0,3,0,8,3.200000000000003,36.0
,,12.0,monza,True,0.0,Auto%#,0.0,False,bernard,French,larrousse,13,24,5.0,0.0,11.0,6,0,7,3.4000000000000057,26.0
3108,1990,12.0,monza,True,0.0,False,0.0,False,satoru_nakajima,Japanese,,14,6,1.0,0.0,16.0,14,0,5,3.5999999999999943,37.0
3127,1990,12.0,monza,True,0.0,False,0.0,False,martini,Italian,minardi,15,25,0.0,0.0,19.0,0,0,11,3.799999999999997,29.0
3117,1990,12.0,monza,True,0.0,False,0.0,False,capelli,Italian,leyton,16,15,6.0,0.0,10.0,7,0,6,4.200000000000003,27.0
3121,1990,12.0,monza,True,0.0,False,0.0,False,modena,Italian,brabham,17,19,2.0,0.0,14.0,2,0,10,4.5,27.0
3118,1990,12.0,monza,True,0.0,False,0.0,False,suzuki,Japanese,larrousse,18,16,1.0,0.0,15.0,6,0,7,4.5,
3124,1990,12.0,monza,True,0.0,False,0.0,False,pirro,Italian,dallara,19,22,0.0,0.0,24.0,0,0,14,4.5,28.0
3115,1990,12.0,monza,True,0.0,Auto%#,0.0,False,alliot,French,ligier,20,13,0.0,0.0,21.0,0,0,,4.5,36.0
3111,1990,12.0,monza,True,0.0,False,0.0,False,caffi,Italian,arrows,21,9,2.0,0.0,13.0,2,0,9,4.900000000000006,26.0
3114,1990,12.0,monza,True,0.0,False,0.0,False,alboreto,Italian,arrows,22,12,0.0,0.0,23.0,2,0,9,4.900000000000006,33.0
3119,1990,12.0,monza,True,,False,0.0,False,grouillard,French,osella,23,17,0.0,0.0,,0,0,15,5.0,32.0
3116,1990,12.0,monza,True,,False,0.0,False,dalmas,French,ags,24,14,0.0,0.0,0.0,0,0,16,5.200000000000003,29.0
,1990,,monza,True,0.0,False,0.0,False,cesaris,Italian,dallara,25,10,0.0,0.0,29.0,0,0,14,5.200000000000003,31.0
3113,1990,12.0,monza,True,0.0,False,0.0,False,larini,Italian,ligier,26,11,0.0,0.0,22.0,,0,13,5.400000000000006,26.0
3129,1990,13.0,estoril,False,0.0,,,False,,British,ferrari,1,1,16.0,0.0,8.0,72,4,2,0.0,37.0
3131,1990,13.0,estoril,False,0.0,False,0.0,False,prost,,ferrari,2,3,56.0,4.0,2.0,72,4,2,0.0,35.0
3130,1990,13.0,estoril,False,0.0,False,0.0,False,senna,Brazilian,mclaren,3,2,72.0,6.0,1.0,109,6,1,0.0,30.0
3132,1990,13.0,estoril,False,0.0,False,0.0,False,berger,Austrian,mclaren,4,4,37.0,0.0,3.0,109,6,1,0.7000000000000028,
3135,1990,13.0,estoril,False,0.0,False,0.0,False,patrese,Italian,williams,5,7,17.0,1.0,6.0,44,2,3,1.1000000000000083,36.0
3133,1990,13.0,estoril,False,0.0,False,0.0,False,piquet,Brazilian,benetton,6,5,24.0,0.0,5.0,40,,4,1.1000000000000083,38.0
3147,1990,13.0,estoril,False,0.0,False,0.0,False,boutsen,Belgian,williams,7,19,27.0,1.0,4.0,44,2,3,1.3000000000000114,33.0
,1990,13.0,estoril,False,0.0,False,0.0,False,alesi,French,tyrrell,8,8,13.0,0.0,9.0,15,0,5,1.5,26.0
3134,1990,13.0,estoril,False,0.0,False,0.0,False,nannini,Italian,benetton,9,6,16.0,0.0,7.0,40,,4,1.8000000000000114,31.0
3148,1990,13.0,estoril,False,0.0,False,0.0,False,bernard,French,larrousse,10,20,5.0,0.0,11.0,6,0,7,2.1000000000000085,26.0
3142,1990,13.0,estoril,False,,False,0.0,False,suzuki,Japanese,larrousse,11,14,1.0,0.0,16.0,6,0,7,2.4000000000000057,30.0
3146,1990,13.0,estoril,False,,False,0.0,False,capelli,Italian,leyton,12,18,6.0,0.0,10.0,7,0,6,2.700000000000003,27.0
3143,1990,13.0,estoril,False,0.0,False,0.0,False,pirro,Italian,dallara,13,15,0.0,0.0,24.0,0,0,14,2.700000000000003,28.0
3140,1990,13.0,estoril,False,,False,,False,gugelmin,Brazilian,Auto%#,14,12,1.0,0.0,,7,0,6,2.700000000000003,27.0
3150,1990,13.0,estoril,False,0.0,False,0.0,False,donnelly,British,team_lotus,15,22,0.0,0.0,18.0,3,0,Auto%#,3.200000000000003,26.0
3139,1990,13.0,estoril,False,,False,0.0,False,martini,Italian,minardi,16,11,0.0,0.0,19.0,0,0,11,3.200000000000003,
3141,1990,13.0,estoril,False,0.0,False,0.0,Auto%#,caffi,Italian,arrows,17,13,2.0,0.0,13.0,2,0,9,3.300000000000012,26.0
3153,1990,13.0,estoril,False,0.0,False,0.0,False,cesaris,Italian,dallara,18,25,0.0,0.0,25.0,0,,14,,31.0
3137,1990,13.0,estoril,False,0.0,False,0.0,False,alboreto,Italian,arrows,19,9,0.0,0.0,23.0,2,0,9,3.5,33.0
3144,1990,13.0,estoril,False,0.0,False,0.0,False,alliot,French,ligier,20,16,0.0,0.0,21.0,0,0,13,3.5,36.0
3151,1990,13.0,,False,0.0,False,0.0,False,warwick,British,team_lotus,21,23,3.0,0.0,12.0,3,0,8,3.700000000000003,36.0
3138,1990,13.0,estoril,False,0.0,False,0.0,False,larini,Italian,ligier,22,10,0.0,0.0,22.0,0,0,13,3.700000000000003,
3149,1990,13.0,estoril,False,0.0,False,0.0,False,modena,Auto%#,brabham,23,21,2.0,0.0,14.0,2,0,10,3.700000000000003,27.0
3152,1990,13.0,estoril,False,0.0,False,0.0,False,dalmas,Auto%#,ags,24,24,0.0,0.0,0.0,0,0,16,4.0,
3145,1990,13.0,estoril,False,0.0,False,0.0,False,brabham,Australian,brabham,25,17,0.0,0.0,0.0,2,0,10,4.1000000000000085,25.0
3167,,14.0,jerez,True,0.0,False,0.0,False,senna,,mclaren,1,14,78.0,6.0,,118,6,1,0.0,30.0
3154,1990,14.0,jerez,True,0.0,False,0.0,False,prost,French,Auto%#,2,1,60.0,4.0,2.0,85,5,2,0.3999999999999915,35.0
3155,1990,14.0,jerez,True,0.0,False,0.0,False,,British,ferrari,3,2,25.0,1.0,,85,5,2,0.6999999999999886,
3177,1990,14.0,jerez,True,0.0,False,0.0,False,alesi,French,tyrrell,4,24,13.0,0.0,9.0,15,0,5,1.1999999999999886,26.0
3166,1990,14.0,jerez,True,0.0,False,0.0,False,berger,Austrian,mclaren,5,13,40.0,0.0,3.0,118,6,1,1.1999999999999886,31.0
3158,1990,14.0,,True,0.0,False,0.0,False,patrese,Italian,williams,6,5,17.0,1.0,7.0,44,2,3,1.1999999999999886,36.0
3157,1990,14.0,jerez,True,0.0,False,0.0,False,boutsen,Belgian,williams,7,4,27.0,1.0,4.0,44,2,3,1.2999999999999972,33.0
3168,1990,14.0,jerez,True,0.0,False,0.0,False,piquet,Brazilian,benetton,8,15,26.0,0.0,5.0,43,0,4,1.2999999999999972,38.0
3156,1990,14.0,jerez,True,0.0,False,0.0,False,nannini,Auto%#,benetton,9,3,17.0,0.0,8.0,43,0,Auto%#,2.0,31.0
3164,1990,14.0,jerez,True,0.0,False,0.0,False,warwick,British,team_lotus,10,11,3.0,0.0,12.0,3,0,8,2.1999999999999886,36.0
3171,,14.0,jerez,True,,False,0.0,False,martini,Italian,minardi,,18,0.0,0.0,19.0,0,0,11,2.6999999999999886,29.0
3161,1990,14.0,jerez,True,0.0,False,0.0,False,gugelmin,Brazilian,leyton,12,8,1.0,0.0,17.0,7,0,6,2.799999999999997,27.0
3172,1990,14.0,jerez,True,0.0,False,0.0,False,alliot,French,ligier,13,19,0.0,0.0,21.0,0,0,13,2.799999999999997,36.0
3174,,,jerez,True,0.0,False,0.0,False,satoru_nakajima,Japanese,Auto%#,14,21,2.0,0.0,15.0,15,0,5,2.799999999999997,37.0
3159,1990,14.0,jerez,True,0.0,False,0.0,False,suzuki,Japanese,larrousse,15,6,1.0,0.0,16.0,6,0,7,2.799999999999997,30.0
3178,1990,14.0,jerez,True,0.0,False,0.0,False,pirro,Italian,dallara,16,25,0.0,0.0,24.0,0,0,14,2.8999999999999915,28.0
3169,1990,14.0,jerez,True,0.0,False,0.0,False,cesaris,Italian,dallara,17,,0.0,0.0,25.0,0,0,14,3.0999999999999943,31.0
3173,1990,14.0,jerez,True,0.0,False,0.0,False,bernard,French,larrousse,Auto%#,20,5.0,0.0,11.0,6,0,7,3.1999999999999886,26.0
3165,1990,14.0,jerez,True,0.0,,0.0,False,capelli,Italian,leyton,19,,6.0,0.0,10.0,7,,6,3.5,27.0
,1990,14.0,Auto%#,True,0.0,False,0.0,False,larini,Italian,ligier,Auto%#,7,0.0,0.0,23.0,0,0,13,3.5999999999999943,26.0
3170,1990,14.0,jerez,True,0.0,False,0.0,False,grouillard,French,osella,21,17,0.0,0.0,29.0,0,0,15,3.899999999999992,32.0
3175,1990,14.0,jerez,True,0.0,False,0.0,False,tarquini,Italian,ags,22,22,0.0,0.0,0.0,0,0,16,4.099999999999994,28.0
3162,1990,14.0,jerez,True,0.0,False,0.0,Auto%#,dalmas,French,ags,23,9,0.0,0.0,0.0,0,0,16,4.299999999999997,29.0
3176,1990,14.0,jerez,True,0.0,Auto%#,0.0,False,modena,Auto%#,brabham,24,23,2.0,0.0,14.0,2,0,10,4.699999999999989,27.0
3163,1990,14.0,jerez,True,0.0,False,0.0,False,alboreto,Italian,arrows,25,10,0.0,0.0,22.0,2,0,9,4.799999999999997,33.0
3201,1990,15.0,suzuka,True,0.0,False,0.0,Auto%#,senna,Brazilian,Auto%#,1,23,78.0,6.0,1.0,118,6,1,0.0,30.0
3202,1990,15.0,suzuka,True,0.0,Auto%#,0.0,False,prost,French,ferrari,2,24,69.0,5.0,2.0,100,6,2,0.2000000000000028,35.0
3193,1990,15.0,suzuka,True,0.0,False,0.0,False,mansell,British,ferrari,3,14,31.0,1.0,4.0,100,6,2,0.7000000000000028,37.0
3200,1990,15.0,suzuka,True,0.0,False,0.0,False,berger,Austrian,mclaren,4,22,40.0,0.0,3.0,118,6,1,1.0999999999999943,31.0
3184,1990,15.0,suzuka,True,0.0,False,0.0,,boutsen,Belgian,williams,5,5,30.0,1.0,5.0,49,2,3,2.299999999999997,33.0
3179,1990,15.0,suzuka,True,0.0,False,0.0,False,piquet,Brazilian,benetton,6,1,26.0,0.0,6.0,47,0,4,3.0,38.0
3182,1990,15.0,suzuka,True,0.0,False,0.0,False,patrese,Italian,williams,7,4,19.0,1.0,8.0,49,2,3,3.4000000000000057,36.0
3183,1990,15.0,suzuka,True,0.0,False,0.0,False,alesi,French,tyrrell,7,26,13.0,0.0,9.0,15,0,5,3.4000000000000057,26.0
3180,1990,15.0,suzuka,True,0.0,False,,False,moreno,Brazilian,benetton,8,2,0.0,0.0,0.0,47,0,4,3.5999999999999943,31.0
3181,1990,15.0,suzuka,True,0.0,False,0.0,False,suzuki,Japanese,larrousse,9,3,2.0,0.0,15.0,7,0,7,3.9000000000000057,30.0
3187,1990,15.0,suzuka,True,,False,0.0,False,martini,Auto%#,,10,8,0.0,0.0,19.0,0,0,12,3.9000000000000057,29.0
3190,1990,15.0,suzuka,True,0.0,False,0.0,False,warwick,British,team_lotus,11,11,3.0,0.0,12.0,3,0,8,4.0,36.0
3191,1990,15.0,suzuka,True,0.0,False,0.0,False,herbert,British,team_lotus,12,12,0.0,0.0,0.0,3,0,8,4.0,
3197,1990,15.0,suzuka,True,0.0,False,0.0,Auto%#,capelli,Italian,leyton,13,18,6.0,0.0,10.0,7,0,6,4.099999999999994,27.0
3185,,15.0,suzuka,True,0.0,False,0.0,False,satoru_nakajima,Japanese,tyrrell,14,6,,,16.0,15,0,5,4.599999999999994,37.0
3198,1990,15.0,suzuka,True,0.0,False,0.0,False,gugelmin,Brazilian,leyton,Auto%#,,1.0,0.0,17.0,7,0,6,4.700000000000003,27.0
3186,1990,15.0,suzuka,True,0.0,False,,False,larini,Italian,ligier,,7,0.0,0.0,20.0,0,0,11,5.299999999999997,
3195,1990,15.0,suzuka,True,0.0,False,0.0,False,bernard,French,larrousse,18,16,5.0,0.0,11.0,7,0,7,5.400000000000006,26.0
3194,1990,15.0,suzuka,True,0.0,False,,False,pirro,Italian,dallara,19,15,0.0,0.0,25.0,0,,15,5.400000000000006,28.0
3196,1990,15.0,suzuka,True,0.0,False,0.0,False,morbidelli,Italian,minardi,20,17,0.0,0.0,0.0,0,0,12,5.599999999999994,22.0
3199,1990,15.0,suzuka,True,0.0,False,0.0,False,brabham,Australian,brabham,21,21,0.0,0.0,0.0,2,0,10,5.599999999999994,
3203,1990,15.0,suzuka,True,0.0,False,0.0,False,modena,Italian,brabham,22,25,2.0,0.0,14.0,,0,10,6.200000000000003,27.0
3188,1990,15.0,suzuka,True,0.0,False,0.0,False,caffi,Italian,arrows,23,9,2.0,0.0,13.0,2,0,9,6.299999999999997,26.0
3192,1990,15.0,suzuka,True,0.0,False,0.0,False,alboreto,Italian,arrows,24,13,0.0,0.0,23.0,2,0,9,6.299999999999997,33.0
3189,1990,15.0,suzuka,True,0.0,False,,False,alliot,French,ligier,25,10,0.0,0.0,,0,0,11,6.599999999999994,36.0
3218,1990,16.0,adelaide,True,0.0,False,0.0,False,senna,Brazilian,mclaren,1,15,78.0,6.0,1.0,,6,1,0.0,30.0
3207,1990,16.0,adelaide,True,0.0,False,0.0,False,berger,Austrian,mclaren,2,4,40.0,0.0,3.0,118,6,1,0.5,31.0
3205,1990,16.0,adelaide,True,0.0,False,0.0,False,mansell,British,ferrari,3,2,31.0,1.0,6.0,100,6,2,0.7000000000000028,37.0
3206,1990,16.0,adelaide,True,0.0,False,0.0,False,prost,French,ferrari,4,3,69.0,5.0,2.0,100,6,2,0.7000000000000028,35.0
3211,1990,16.0,adelaide,True,0.0,False,0.0,False,alesi,French,tyrrell,5,8,13.0,0.0,9.0,,0,,1.0999999999999943,26.0
3209,1990,16.0,adelaide,True,,False,0.0,False,patrese,,williams,6,6,22.0,1.0,7.0,54,2,4,1.5,36.0
3204,1990,16.0,adelaide,True,0.0,False,0.0,False,piquet,Brazilian,benetton,7,Auto%#,35.0,1.0,,62,1,3,1.5,38.0
3210,1990,16.0,adelaide,True,0.0,False,0.0,False,moreno,Brazilian,benetton,,7,6.0,0.0,11.0,62,1,3,1.7000000000000028,31.0
3208,1990,16.0,adelaide,True,0.0,False,0.0,False,boutsen,Belgian,williams,9,5,32.0,1.0,5.0,54,2,,1.8999999999999917,33.0
3212,1990,16.0,adelaide,True,,False,0.0,False,martini,Italian,minardi,10,9,0.0,0.0,,0,0,12,2.0999999999999943,29.0
3223,1990,16.0,adelaide,True,0.0,False,0.0,False,warwick,,team_lotus,11,20,3.0,,14.0,3,0,8,2.700000000000003,36.0
3213,1990,16.0,adelaide,True,0.0,False,0.0,False,larini,Italian,ligier,12,10,0.0,0.0,19.0,0,0,11,3.0,26.0
3221,1990,16.0,adelaide,True,0.0,False,0.0,False,satoru_nakajima,Japanese,tyrrell,13,18,3.0,0.0,15.0,16,0,5,3.0,37.0
3222,1990,16.0,adelaide,True,0.0,False,0.0,False,capelli,Italian,leyton,14,19,6.0,0.0,10.0,7,0,7,3.0999999999999943,27.0
3225,1990,16.0,adelaide,True,0.0,False,,False,cesaris,Italian,dallara,15,22,0.0,0.0,27.0,0,0,15,3.200000000000003,31.0
3224,1990,16.0,adelaide,True,0.0,False,0.0,False,gugelmin,Brazilian,Auto%#,16,21,1.0,0.0,18.0,7,0,7,3.200000000000003,27.0
3215,1990,16.0,adelaide,True,0.0,False,0.0,False,,,brabham,17,12,2.0,0.0,17.0,2,0,10,3.200000000000003,27.0
3220,1990,16.0,adelaide,True,0.0,False,0.0,False,herbert,British,team_lotus,18,17,0.0,0.0,0.0,3,0,8,3.3999999999999915,26.0
3214,1990,16.0,adelaide,True,0.0,False,0.0,False,alliot,French,ligier,19,11,0.0,0.0,23.0,0,0,11,3.5,36.0
3227,1990,16.0,adelaide,True,,False,0.0,False,morbidelli,Italian,minardi,20,24,0.0,0.0,0.0,0,0,12,3.5999999999999943,22.0
3217,1990,,adelaide,True,0.0,False,0.0,False,pirro,Italian,dallara,21,14,0.0,0.0,26.0,0,0,15,,28.0
3216,1990,16.0,adelaide,True,0.0,False,,False,grouillard,French,osella,22,13,0.0,0.0,0.0,0,0,16,4.0,32.0
3226,,16.0,adelaide,True,0.0,False,0.0,False,bernard,French,larrousse,23,23,5.0,0.0,13.0,11,0,6,4.200000000000003,26.0
3229,1990,16.0,adelaide,True,,False,0.0,False,suzuki,Japanese,larrousse,,26,6.0,0.0,12.0,11,0,6,4.299999999999997,30.0
3228,1990,16.0,adelaide,True,0.0,False,0.0,False,brabham,Australian,brabham,25,25,0.0,0.0,0.0,2,0,10,4.5,25.0
3219,1990,16.0,adelaide,True,0.0,False,0.0,False,tarquini,Italian,ags,26,Auto%#,0.0,0.0,0.0,0,0,14,4.599999999999994,28.0
3230,1991,1.0,phoenix,False,0.0,False,0.0,False,senna,Brazilian,mclaren,1,1,0.0,0.0,0.0,0,0,0,0.0,30.0
3231,1991,1.0,phoenix,False,0.0,False,0.0,False,prost,French,ferrari,2,2,0.0,0.0,0.0,0,0,0,1.1999999999999886,36.0
3243,1991,1.0,phoenix,False,0.0,False,0.0,False,patrese,Italian,williams,3,Auto%#,0.0,0.0,0.0,0,0,0,1.3999999999999917,36.0
3249,1991,1.0,phoenix,False,0.0,False,0.0,False,,British,,4,20,0.0,0.0,0.0,0,0,0,1.7999999999999972,37.0
3232,1991,1.0,phoenix,False,0.0,False,0.0,False,piquet,Brazilian,benetton,5,3,0.0,0.0,0.0,0,0,0,2.0,38.0
3241,1991,1.0,phoenix,False,0.0,False,0.0,False,alesi,French,ferrari,6,12,0.0,0.0,0.0,0,0,0,2.0999999999999943,26.0
3248,1991,1.0,phoenix,False,0.0,False,0.0,False,berger,Austrian,mclaren,7,19,0.0,0.0,0.0,0,0,0,2.299999999999997,31.0
3244,1991,1.0,phoenix,False,0.0,False,0.0,False,moreno,Brazilian,Auto%#,8,15,0.0,0.0,0.0,0,0,0,2.5,
3252,1991,1.0,phoenix,False,0.0,False,0.0,False,pirro,Italian,dallara,Auto%#,23,0.0,0.0,0.0,0,0,0,3.3999999999999915,29.0
3254,1991,1.0,phoenix,False,0.0,False,0.0,False,lehto,Finnish,dallara,10,25,0.0,0.0,0.0,,0,0,3.5,25.0
3233,1991,1.0,,False,0.0,False,0.0,False,modena,Italian,tyrrell,11,4,0.0,0.0,0.0,0,0,0,3.6999999999999886,27.0
3240,1991,1.0,phoenix,False,0.0,False,0.0,False,brundle,British,brabham,Auto%#,11,0.0,0.0,0.0,0,0,0,4.0,31.0
3242,1991,1.0,phoenix,False,0.0,,0.0,False,hakkinen,Finnish,team_lotus,13,13,0.0,0.0,,0,0,0,4.0,22.0
3239,1991,1.0,phoenix,False,0.0,False,0.0,Auto%#,gachot,Belgian,jordan,14,,0.0,0.0,0.0,0,0,0,,28.0
3238,1991,1.0,phoenix,False,0.0,False,0.0,False,martini,Italian,minardi,15,9,0.0,0.0,0.0,0,0,0,4.299999999999997,29.0
3234,1991,1.0,phoenix,,0.0,False,0.0,False,satoru_nakajima,Japanese,tyrrell,16,5,0.0,0.0,0.0,0,0,0,4.399999999999992,38.0
3236,1991,1.0,phoenix,False,0.0,False,0.0,False,larini,Italian,lambo,17,7,0.0,0.0,0.0,0,,0,4.399999999999992,26.0
3246,1991,1.0,phoenix,False,0.0,,0.0,False,capelli,Italian,leyton,18,17,0.0,0.0,0.0,0,0,0,4.699999999999989,27.0
3255,1991,1.0,phoenix,False,0.0,False,0.0,False,bernard,Auto%#,larrousse,19,26,0.0,0.0,0.0,0,0,0,5.0,26.0
3247,1991,1.0,phoenix,False,0.0,False,0.0,False,boutsen,Belgian,ligier,20,18,0.0,0.0,0.0,0,0,0,5.099999999999994,33.0
3235,1991,1.0,phoenix,False,0.0,False,0.0,False,suzuki,Japanese,larrousse,21,6,0.0,0.0,0.0,0,0,0,5.099999999999994,30.0
3237,1991,1.0,phoenix,False,0.0,False,0.0,False,tarquini,Italian,ags,22,8,0.0,0.0,0.0,0,0,0,5.5,29.0
3250,1991,1.0,phoenix,False,0.0,False,0.0,False,gugelmin,Brazilian,leyton,23,21,0.0,0.0,0.0,0,0,0,5.5,27.0
3251,1991,1.0,phoenix,False,0.0,False,0.0,False,blundell,British,brabham,24,22,0.0,0.0,0.0,0,0,0,5.5,24.0
3245,1991,1.0,phoenix,False,0.0,False,0.0,False,alboreto,Italian,footwork,25,16,0.0,0.0,0.0,0,0,0,5.599999999999994,34.0
3253,,1.0,phoenix,False,0.0,False,0.0,,morbidelli,Italian,minardi,26,,0.0,0.0,0.0,0,0,0,5.599999999999994,23.0
3256,1991,2.0,interlagos,False,0.0,False,,True,senna,Brazilian,mclaren,1,1,10.0,1.0,1.0,10,1,1,0.0,31.0
3257,,2.0,interlagos,False,0.0,False,1.0,True,patrese,Auto%#,williams,2,2,0.0,0.0,14.0,0,0,12,0.3999999999999915,36.0
3269,1991,2.0,interlagos,False,0.0,False,1.0,True,mansell,British,williams,3,14,0.0,0.0,20.0,0,0,12,0.3999999999999915,37.0
3258,1991,2.0,interlagos,False,0.0,False,1.0,,berger,Austrian,mclaren,4,3,0.0,0.0,19.0,10,1,1,1.0999999999999943,31.0
3261,,2.0,interlagos,False,0.0,False,1.0,True,alesi,French,ferrari,5,6,0.0,0.0,12.0,6,0,2,1.1999999999999886,26.0
3259,1991,2.0,interlagos,False,,False,1.0,True,prost,French,ferrari,6,4,,0.0,2.0,6,0,Auto%#,1.2999999999999972,36.0
3260,1991,2.0,interlagos,False,0.0,False,1.0,True,piquet,Brazilian,benetton,7,,4.0,,3.0,4,0,4,2.1999999999999886,38.0
3279,1991,2.0,interlagos,False,0.0,False,1.0,True,gugelmin,Brazilian,leyton,8,24,0.0,0.0,21.0,0,0,14,2.299999999999997,27.0
3276,1991,2.0,interlagos,False,0.0,False,,True,modena,Italian,Auto%#,,21,3.0,0.0,4.0,5,0,3,2.3999999999999915,27.0
3268,1991,2.0,interlagos,False,0.0,False,1.0,True,gachot,Belgian,jordan,10,13,0.0,0.0,10.0,0,0,9,2.5,28.0
3273,1991,2.0,interlagos,False,0.0,False,1.0,True,bernard,French,larrousse,11,18,0.0,0.0,26.0,1,0,5,2.8999999999999915,
3266,1991,2.0,interlagos,False,0.0,False,1.0,True,pirro,Italian,dallara,12,11,0.0,0.0,23.0,0,0,16,2.8999999999999915,29.0
3275,1991,2.0,interlagos,False,0.0,False,1.0,True,cesaris,Italian,jordan,13,20,0.0,0.0,0.0,0,0,9,2.8999999999999915,31.0
3262,,2.0,interlagos,False,0.0,False,1.0,True,moreno,Brazilian,benetton,14,7,0.0,0.0,15.0,4,0,4,3.0,32.0
,1991,2.0,interlagos,False,0.0,False,1.0,True,capelli,Italian,,15,22,0.0,0.0,17.0,0,0,14,3.0999999999999943,27.0
3278,1991,2.0,interlagos,False,0.0,False,1.0,True,satoru_nakajima,Japanese,tyrrell,16,23,2.0,0.0,5.0,5,0,3,3.0999999999999943,38.0
3281,1991,2.0,interlagos,False,0.0,False,1.0,True,suzuki,Japanese,larrousse,17,26,1.0,0.0,6.0,1,0,5,3.3999999999999915,
3265,1991,2.0,interlagos,False,0.0,False,1.0,True,boutsen,Belgian,ligier,18,10,0.0,0.0,18.0,0,0,15,3.5,33.0
3274,1991,2.0,interlagos,False,0.0,False,1.0,True,lehto,Finnish,dallara,19,19,0.0,0.0,25.0,0,0,16,3.5999999999999943,25.0
3271,1991,2.0,interlagos,False,0.0,False,1.0,True,,Italian,minardi,20,,0.0,0.0,9.0,0,0,8,3.799999999999997,29.0
3263,1991,2.0,,False,0.0,False,1.0,True,,Italian,minardi,21,8,0.0,0.0,24.0,0,0,8,4.099999999999994,23.0
3264,1991,2.0,interlagos,False,0.0,False,1.0,True,hakkinen,Finnish,team_lotus,22,9,0.0,0.0,13.0,0,,11,4.199999999999989,22.0
3270,1991,2.0,interlagos,False,0.0,False,1.0,True,comas,,ligier,23,15,0.0,0.0,29.0,0,0,15,4.799999999999997,27.0
3280,,2.0,interlagos,False,0.0,False,,True,tarquini,Italian,ags,24,25,0.0,0.0,8.0,0,0,7,4.799999999999997,29.0
3272,1991,2.0,interlagos,False,0.0,False,1.0,True,blundell,British,brabham,25,Auto%#,0.0,0.0,22.0,0,0,10,4.799999999999997,24.0
3267,,2.0,interlagos,False,0.0,False,1.0,True,brundle,British,brabham,26,12,0.0,0.0,11.0,0,0,10,,31.0
3282,1991,3.0,,False,,True,1.0,False,senna,Brazilian,mclaren,1,1,20.0,2.0,1.0,24,2,1,0.0,31.0
3300,1991,3.0,imola,False,0.0,True,,False,patrese,,williams,2,19,6.0,0.0,,6,0,3,0.0999999999999943,37.0
3307,1991,3.0,imola,False,,True,1.0,False,prost,French,ferrari,3,26,9.0,,2.0,10,0,2,0.2999999999999971,36.0
3306,1991,3.0,Auto%#,False,0.0,,1.0,False,mansell,British,williams,4,25,0.0,0.0,20.0,6,0,3,0.5,37.0
3283,,3.0,imola,False,0.0,True,,False,berger,Austrian,mclaren,5,2,4.0,0.0,5.0,24,2,1,0.6999999999999886,31.0
3296,1991,3.0,imola,False,,True,1.0,False,modena,Italian,Auto%#,6,14,3.0,0.0,,5,0,5,1.5999999999999943,27.0
3303,1991,3.0,imola,False,0.0,True,1.0,False,alesi,French,Auto%#,7,22,1.0,0.0,8.0,10,0,2,2.0,26.0
3302,1991,3.0,imola,False,0.0,True,,False,morbidelli,Italian,minardi,8,21,0.0,0.0,12.0,0,0,8,,23.0
3285,1991,3.0,imola,False,0.0,True,1.0,False,martini,Italian,minardi,9,4,0.0,0.0,15.0,0,0,8,2.8999999999999915,30.0
3301,1991,3.0,imola,False,0.0,True,1.0,False,satoru_nakajima,,tyrrell,10,20,2.0,0.0,7.0,5,0,5,3.3999999999999915,38.0
3297,1991,3.0,imola,False,0.0,True,1.0,False,,Italian,jordan,11,15,0.0,0.0,27.0,0,0,11,3.5999999999999943,31.0
3294,1991,3.0,imola,False,0.0,True,1.0,False,moreno,Brazilian,benetton,13,13,0.0,0.0,10.0,6,0,4,3.799999999999997,32.0
3295,1991,3.0,imola,False,0.0,True,1.0,False,gachot,Belgian,jordan,13,16,0.0,0.0,16.0,0,0,11,3.799999999999997,28.0
3305,1991,3.0,imola,False,0.0,True,1.0,False,piquet,Brazilian,benetton,14,,6.0,0.0,4.0,6,0,4,3.899999999999992,38.0
3293,1991,,imola,False,0.0,True,1.0,False,gugelmin,Brazilian,leyton,15,12,0.0,0.0,28.0,0,,16,3.899999999999992,28.0
3284,1991,3.0,imola,False,0.0,True,1.0,False,lehto,Finnish,dallara,Auto%#,3,0.0,0.0,26.0,0,0,14,4.099999999999994,25.0
3299,1991,3.0,imola,False,0.0,Auto%#,,False,bernard,French,lola,17,18,0.0,0.0,25.0,0,0,0,4.099999999999994,26.0
3292,1991,3.0,imola,False,0.0,True,1.0,False,brundle,British,brabham,18,,,0.0,18.0,0,0,13,4.199999999999989,31.0
3291,1991,3.0,imola,False,0.0,True,1.0,False,comas,French,ligier,19,10,0.0,0.0,21.0,0,0,12,4.299999999999997,27.0
3304,1991,3.0,imola,False,0.0,True,1.0,,,Japanese,lola,20,23,,0.0,9.0,0,,0,4.5,30.0
3290,1991,3.0,imola,False,0.0,True,1.0,False,poele,Belgian,lambo,21,9,0.0,0.0,0.0,0,0,7,4.699999999999989,29.0
3298,1991,3.0,imola,False,0.0,True,1.0,False,capelli,Italian,leyton,22,17,0.0,0.0,24.0,0,0,16,4.699999999999989,27.0
3289,1991,3.0,imola,False,0.0,True,1.0,False,blundell,British,brabham,23,8,0.0,0.0,23.0,0,0,13,4.899999999999992,25.0
3288,1991,3.0,imola,False,0.0,True,1.0,False,boutsen,Belgian,ligier,24,7,0.0,0.0,17.0,0,0,12,5.099999999999994,33.0
3286,1991,3.0,imola,False,0.0,True,1.0,,hakkinen,Finnish,team_lotus,25,5,0.0,0.0,14.0,0,0,10,5.399999999999992,22.0
3287,1991,3.0,imola,False,0.0,True,1.0,False,bailey,British,team_lotus,26,6,0.0,0.0,0.0,0,0,10,6.099999999999994,
3308,1991,4.0,monaco,False,0.0,True,0.0,False,senna,Brazilian,mclaren,1,1,30.0,3.0,1.0,40,3,1,0.0,31.0
3323,1991,4.0,monaco,False,0.0,True,0.0,False,modena,Italian,,2,16,3.0,0.0,8.0,5,0,5,0.5,28.0
3324,1991,4.0,monaco,False,0.0,True,0.0,False,patrese,Italian,williams,3,17,6.0,0.0,4.0,6,0,3,0.7000000000000028,37.0
3333,1991,4.0,monaco,False,0.0,True,0.0,False,piquet,Brazilian,benetton,4,26,6.0,0.0,5.0,6,0,4,0.9000000000000057,38.0
3309,1991,4.0,monaco,False,0.0,,0.0,False,mansell,British,williams,5,2,0.0,0.0,26.0,6,0,3,0.9000000000000057,37.0
3332,1991,4.0,monaco,False,0.0,True,0.0,False,berger,Austrian,mclaren,6,25,10.0,0.0,2.0,40,3,1,0.9000000000000057,31.0
3312,1991,4.0,monaco,False,0.0,True,0.0,False,prost,French,ferrari,7,5,9.0,0.0,,10,0,2,1.2000000000000028,36.0
3311,1991,4.0,monaco,False,0.0,True,0.0,False,moreno,Brazilian,benetton,8,Auto%#,0.0,0.0,15.0,6,0,4,1.5,32.0
3310,,4.0,monaco,False,0.0,True,0.0,,alesi,French,ferrari,9,3,1.0,,11.0,10,0,,1.6000000000000083,26.0
3329,1991,4.0,monaco,False,0.0,True,0.0,False,cesaris,Italian,jordan,10,22,0.0,0.0,,0,0,14,2.5,31.0
3327,1991,4.0,,False,0.0,True,0.0,False,satoru_nakajima,Japanese,tyrrell,11,20,2.0,0.0,10.0,5,0,5,2.700000000000003,38.0
3313,1991,4.0,monaco,,0.0,True,0.0,False,pirro,Italian,dallara,12,6,0.0,0.0,24.0,4,0,6,2.700000000000003,29.0
3316,1991,4.0,monaco,False,0.0,True,0.0,False,bernard,French,lola,13,9,0.0,0.0,30.0,0,0,17,2.700000000000003,26.0
3319,1991,4.0,monaco,False,0.0,True,0.0,Auto%#,martini,Italian,Auto%#,14,12,3.0,0.0,7.0,3,0,7,2.799999999999997,30.0
3322,1991,4.0,monaco,False,,True,0.0,False,gugelmin,Brazilian,leyton,15,15,0.0,0.0,25.0,0,0,15,3.1000000000000085,28.0
3314,1991,4.0,monaco,False,0.0,True,0.0,False,boutsen,Belgian,ligier,16,7,0.0,0.0,14.0,0,0,11,3.1000000000000085,33.0
3321,1991,4.0,monaco,False,0.0,True,0.0,False,morbidelli,Italian,minardi,17,14,0.0,0.0,18.0,3,0,7,3.299999999999997,23.0
3330,1991,4.0,monaco,False,0.0,True,0.0,False,capelli,,leyton,18,23,0.0,0.0,29.0,0,0,15,3.299999999999997,27.0
3325,1991,4.0,monaco,False,0.0,True,0.0,False,blundell,British,brabham,19,18,0.0,0.0,17.0,0,0,12,3.6000000000000085,25.0
3328,1991,4.0,monaco,False,0.0,True,0.0,False,suzuki,Japanese,lola,20,21,1.0,0.0,12.0,0,0,17,3.6000000000000085,30.0
3318,1991,4.0,monaco,False,0.0,True,0.0,False,lehto,Finnish,dallara,21,11,4.0,0.0,6.0,4,0,6,3.799999999999997,25.0
3326,1991,4.0,monaco,False,0.0,True,0.0,False,alboreto,Italian,footwork,22,19,0.0,0.0,28.0,0,0,16,3.799999999999997,34.0
3315,,4.0,monaco,False,0.0,True,0.0,False,gachot,Belgian,jordan,23,8,0.0,0.0,21.0,0,0,14,3.9000000000000057,28.0
3331,1991,4.0,Auto%#,False,0.0,True,0.0,False,tarquini,Italian,ags,24,24,0.0,0.0,19.0,0,0,,3.9000000000000057,29.0
3320,1991,4.0,monaco,False,0.0,True,0.0,False,hakkinen,Finnish,team_lotus,25,13,2.0,0.0,9.0,3,0,8,4.299999999999997,22.0
3317,1991,4.0,monaco,False,0.0,True,0.0,False,comas,French,ligier,26,10,0.0,0.0,22.0,,0,11,4.5,27.0
,,5.0,villeneuve,True,0.0,Auto%#,0.0,False,,Italian,williams,1,3,6.0,0.0,4.0,12,0,3,0.0,37.0
3339,1991,5.0,villeneuve,True,0.0,False,0.0,False,mansell,British,williams,2,,6.0,0.0,5.0,12,0,3,0.4000000000000057,37.0
3352,1991,5.0,villeneuve,True,0.0,False,0.0,False,senna,Brazilian,Auto%#,3,19,40.0,,1.0,50,4,1,0.5,31.0
3350,1991,5.0,villeneuve,True,0.0,False,0.0,False,prost,French,ferrari,4,17,11.0,0.0,2.0,16,0,2,0.9000000000000057,36.0
3356,1991,5.0,villeneuve,True,0.0,False,0.0,False,moreno,Brazilian,benetton,5,23,3.0,0.0,9.0,9,0,4,0.9000000000000057,32.0
3357,1991,5.0,villeneuve,True,0.0,False,0.0,False,berger,Austrian,mclaren,6,24,10.0,0.0,3.0,50,4,1,1.1000000000000083,31.0
3348,1991,5.0,villeneuve,True,0.0,Auto%#,0.0,False,alesi,French,ferrari,7,15,5.0,0.0,7.0,16,0,2,1.4000000000000057,26.0
3334,1991,5.0,villeneuve,True,0.0,False,0.0,False,piquet,Brazilian,benetton,8,1,6.0,0.0,6.0,9,0,4,,38.0
3335,1991,5.0,villeneuve,True,0.0,False,0.0,False,modena,Italian,tyrrell,9,2,3.0,0.0,11.0,5,,6,1.5,28.0
3342,1991,5.0,villeneuve,True,0.0,,0.0,False,pirro,Italian,dallara,10,9,1.0,0.0,14.0,5,0,5,2.1000000000000085,29.0
3337,1991,5.0,villeneuve,True,0.0,,0.0,False,cesaris,Italian,jordan,11,4,0.0,0.0,28.0,0,0,12,2.4000000000000057,32.0
3343,1991,5.0,villeneuve,True,0.0,False,0.0,False,satoru_nakajima,,tyrrell,12,10,,0.0,13.0,,0,6,2.5,38.0
3347,1991,5.0,villeneuve,True,0.0,False,0.0,False,capelli,Italian,leyton,13,14,0.0,0.0,30.0,0,0,16,2.6000000000000085,28.0
3338,1991,5.0,villeneuve,True,0.0,False,0.0,False,gachot,Belgian,jordan,14,5,0.0,0.0,19.0,0,0,12,2.799999999999997,28.0
3355,1991,5.0,villeneuve,True,0.0,False,0.0,False,morbidelli,Italian,minardi,15,,,0.0,20.0,3,0,7,,23.0
3351,1991,5.0,villeneuve,True,0.0,False,0.0,False,boutsen,Belgian,ligier,16,18,0.0,0.0,17.0,0,0,10,3.200000000000003,33.0
,1991,5.0,villeneuve,True,0.0,False,0.0,False,lehto,Finnish,dallara,17,12,4.0,0.0,8.0,5,0,5,3.200000000000003,25.0
3340,1991,5.0,villeneuve,True,0.0,False,0.0,False,martini,Italian,minardi,18,7,3.0,0.0,10.0,3,0,7,3.299999999999997,30.0
3349,1991,5.0,Auto%#,True,0.0,False,0.0,,bernard,French,lola,19,16,0.0,0.0,23.0,0,0,15,3.5,26.0
3354,1991,5.0,villeneuve,True,0.0,False,0.0,False,brundle,British,brabham,20,21,0.0,0.0,26.0,0,0,13,3.700000000000003,32.0
3359,1991,5.0,villeneuve,True,0.0,False,0.0,False,alboreto,Italian,footwork,21,26,0.0,0.0,,0,0,17,3.700000000000003,34.0
3358,1991,5.0,villeneuve,True,0.0,False,0.0,False,suzuki,Japanese,lola,22,25,1.0,0.0,15.0,0,0,15,3.799999999999997,30.0
3344,1991,5.0,villeneuve,True,,False,0.0,False,gugelmin,Brazilian,leyton,23,11,0.0,,27.0,0,0,16,3.9000000000000057,28.0
,1991,5.0,villeneuve,True,0.0,False,0.0,False,hakkinen,Finnish,team_lotus,24,20,2.0,0.0,,3,0,8,4.1000000000000085,
3346,1991,5.0,villeneuve,True,0.0,False,0.0,False,johansson,Swedish,footwork,25,13,0.0,0.0,0.0,0,0,17,4.6000000000000085,34.0
3341,1991,5.0,villeneuve,True,0.0,False,0.0,False,comas,French,ligier,26,8,0.0,0.0,25.0,0,0,10,4.700000000000003,27.0
3360,1991,6.0,rodriguez,False,0.0,False,0.0,False,patrese,Italian,williams,1,1,10.0,0.0,4.0,17,0,3,0.0,37.0
3361,1991,6.0,rodriguez,False,0.0,False,0.0,False,mansell,British,williams,2,2,7.0,0.0,7.0,17,0,3,0.2999999999999971,37.0
3362,1991,6.0,rodriguez,False,0.0,False,0.0,False,senna,Brazilian,mclaren,3,3,40.0,4.0,1.0,50,4,1,0.5999999999999943,31.0
3376,1991,6.0,rodriguez,False,,False,0.0,False,alesi,French,ferrari,4,17,5.0,0.0,8.0,16,0,4,1.3999999999999917,27.0
3384,1991,6.0,rodriguez,False,0.0,False,0.0,False,berger,Austrian,mclaren,5,,10.0,0.0,5.0,50,4,1,1.5,
3375,1991,6.0,rodriguez,False,0.0,Auto%#,0.0,False,piquet,Brazilian,benetton,6,,16.0,1.0,2.0,19,1,2,1.5,38.0
3381,1991,6.0,rodriguez,False,0.0,False,0.0,False,prost,French,ferrari,7,22,11.0,0.0,3.0,16,0,4,1.5,36.0
3370,,6.0,rodriguez,False,0.0,False,0.0,False,modena,Italian,tyrrell,8,11,9.0,0.0,6.0,11,0,5,1.5,28.0
3364,1991,6.0,,False,0.0,False,0.0,False,moreno,Brazilian,benetton,9,,3.0,0.0,11.0,19,1,,1.7000000000000028,32.0
3367,1991,6.0,rodriguez,False,0.0,False,0.0,False,boutsen,,ligier,10,8,0.0,0.0,19.0,0,0,11,1.7999999999999972,33.0
3363,1991,6.0,Auto%#,False,0.0,False,0.0,False,cesaris,Italian,jordan,11,4,3.0,0.0,12.0,5,0,Auto%#,2.200000000000003,32.0
3372,1991,6.0,rodriguez,False,0.0,False,0.0,False,blundell,British,brabham,12,13,0.0,0.0,23.0,0,0,13,2.3999999999999915,25.0
3371,1991,,rodriguez,False,0.0,False,0.0,False,satoru_nakajima,Japanese,tyrrell,13,12,2.0,0.0,15.0,11,0,5,2.3999999999999915,38.0
3366,1991,6.0,rodriguez,False,0.0,False,0.0,False,,Italian,minardi,14,Auto%#,0.0,0.0,22.0,3,0,8,2.5,23.0
3385,1991,6.0,rodriguez,False,0.0,False,0.0,False,martini,Italian,minardi,15,26,3.0,0.0,10.0,3,0,8,2.5,30.0
,1991,6.0,rodriguez,False,0.0,False,,False,lehto,Finnish,dallara,16,18,4.0,0.0,9.0,5,0,6,2.5999999999999943,25.0
3379,1991,6.0,rodriguez,False,0.0,False,0.0,False,brundle,British,Auto%#,17,20,0.0,0.0,27.0,0,0,13,2.8999999999999915,32.0
3382,1991,6.0,rodriguez,False,0.0,False,0.0,False,gugelmin,Brazilian,leyton,18,23,0.0,0.0,,0,0,16,3.0999999999999943,28.0
3374,1991,6.0,,False,0.0,False,0.0,False,suzuki,Japanese,lola,19,15,1.0,0.0,17.0,0,0,15,3.299999999999997,30.0
3373,,6.0,rodriguez,False,0.0,False,0.0,False,gachot,Belgian,jordan,20,14,2.0,0.0,13.0,5,0,7,3.299999999999997,28.0
3383,1991,6.0,rodriguez,False,0.0,False,0.0,False,grouillard,French,fondmetal,21,24,0.0,0.0,0.0,0,0,18,3.5,32.0
,1991,6.0,rodriguez,False,0.0,False,0.0,False,capelli,Italian,leyton,22,21,0.0,0.0,0.0,0,0,16,3.5999999999999943,28.0
3365,1991,6.0,rodriguez,False,0.0,False,0.0,False,bernard,French,lola,23,6,0.0,0.0,25.0,0,0,15,3.5999999999999943,26.0
3368,1991,6.0,rodriguez,False,0.0,False,0.0,False,hakkinen,Finnish,team_lotus,24,9,2.0,0.0,14.0,3,0,9,4.099999999999994,22.0
3369,1991,,,False,0.0,False,0.0,False,,British,team_lotus,25,10,0.0,,0.0,3,0,9,4.099999999999994,26.0
3378,1991,6.0,rodriguez,False,0.0,False,0.0,False,alboreto,Italian,footwork,26,19,0.0,0.0,0.0,0,0,17,4.5,34.0
3390,1991,7.0,magny_cours,False,0.0,False,0.0,False,patrese,Italian,williams,1,5,20.0,1.0,2.0,33,1,,0.0,37.0
3387,1991,7.0,magny_cours,False,0.0,False,0.0,False,prost,Auto%#,ferrari,2,2,11.0,0.0,5.0,16,0,4,0.2000000000000028,36.0
3388,1991,7.0,magny_cours,False,0.0,False,0.0,False,senna,Brazilian,mclaren,3,3,44.0,4.0,1.0,54,4,1,0.3000000000000113,31.0
3386,1991,7.0,magny_cours,False,0.0,False,0.0,False,mansell,British,Auto%#,4,1,13.0,0.0,4.0,33,1,2,0.3000000000000113,37.0
3410,,7.0,magny_cours,False,0.0,False,0.0,False,berger,Austrian,mclaren,5,25,10.0,0.0,6.0,54,,1,,31.0
3389,1991,7.0,magny_cours,False,0.0,False,0.0,False,alesi,French,ferrari,6,4,5.0,0.0,9.0,16,0,4,1.3000000000000114,27.0
3393,1991,7.0,magny_cours,False,0.0,False,0.0,False,piquet,Brazilian,benetton,7,8,16.0,1.0,3.0,,1,3,2.200000000000003,38.0
3398,1991,7.0,magny_cours,False,0.0,False,0.0,False,moreno,,benetton,8,13,5.0,0.0,10.0,21,1,3,2.4000000000000057,32.0
3392,1991,7.0,,False,0.0,False,0.0,False,gugelmin,Brazilian,leyton,9,7,0.0,0.0,29.0,0,0,16,2.4000000000000057,28.0
3408,1991,7.0,magny_cours,False,0.0,False,0.0,False,morbidelli,Italian,minardi,Auto%#,23,,0.0,21.0,3,0,8,2.4000000000000057,23.0
3399,1991,7.0,magny_cours,False,0.0,False,0.0,False,modena,Italian,tyrrell,11,14,9.0,,7.0,11,0,5,2.5,28.0
3394,1991,7.0,magny_cours,False,0.0,False,0.0,False,martini,Italian,minardi,12,9,3.0,0.0,12.0,3,0,8,2.5,30.0
3391,1991,7.0,,False,,False,,False,cesaris,Italian,jordan,13,6,6.0,0.0,8.0,8,0,6,2.6000000000000085,32.0
3396,1991,7.0,magny_cours,False,,False,0.0,False,comas,French,ligier,14,11,0.0,0.0,23.0,0,0,12,2.9000000000000057,27.0
3409,1991,7.0,magny_cours,False,0.0,False,0.0,False,capelli,Italian,leyton,15,24,0.0,0.0,0.0,0,0,16,2.9000000000000057,28.0
3397,1991,7.0,magny_cours,False,0.0,False,,False,boutsen,Belgian,ligier,16,12,0.0,0.0,20.0,0,0,12,3.200000000000003,33.0
3403,1991,7.0,magny_cours,False,0.0,False,0.0,False,blundell,British,brabham,17,18,0.0,0.0,24.0,0,0,14,3.200000000000003,25.0
3407,1991,7.0,magny_cours,False,0.0,False,,False,,Japanese,tyrrell,18,22,2.0,0.0,15.0,11,0,5,3.5,38.0
3411,1991,7.0,magny_cours,False,0.0,False,0.0,False,gachot,Belgian,jordan,19,26,2.0,0.0,13.0,8,0,6,3.5,28.0
3395,1991,7.0,magny_cours,False,0.0,False,0.0,False,herbert,British,team_lotus,20,10,,0.0,27.0,3,0,9,3.6000000000000085,27.0
3400,1991,7.0,magny_cours,False,0.0,False,0.0,False,,French,fondmetal,21,15,0.0,0.0,0.0,0,0,18,3.6000000000000085,32.0
3404,1991,7.0,magny_cours,False,0.0,False,0.0,False,suzuki,Japanese,lola,22,19,1.0,0.0,18.0,1,0,10,3.6000000000000085,
3401,1991,7.0,magny_cours,False,0.0,False,0.0,False,bernard,French,lola,23,16,,0.0,17.0,1,0,10,3.9000000000000057,26.0
3406,1991,7.0,magny_cours,False,0.0,False,0.0,False,brundle,Auto%#,Auto%#,24,21,0.0,0.0,28.0,0,0,14,4.200000000000003,32.0
3405,1991,7.0,magny_cours,False,0.0,False,0.0,False,alboreto,Italian,footwork,25,20,0.0,0.0,0.0,0,0,17,4.200000000000003,34.0
3402,1991,7.0,magny_cours,,0.0,False,0.0,False,lehto,Finnish,dallara,26,17,4.0,0.0,11.0,5,0,7,4.700000000000003,25.0
3412,,8.0,silverstone,True,,False,0.0,False,mansell,British,williams,1,1,23.0,1.0,,45,2,2,0.0,37.0
3415,1991,8.0,silverstone,True,0.0,False,0.0,False,senna,Brazilian,mclaren,2,4,,4.0,1.0,58,4,1,0.6999999999999886,31.0
3437,1991,8.0,silverstone,True,0.0,False,0.0,False,patrese,Italian,williams,3,26,22.0,1.0,3.0,45,2,2,1.1999999999999886,37.0
3413,1991,8.0,silverstone,True,0.0,False,,False,berger,Austrian,mclaren,4,2,10.0,0.0,6.0,58,4,1,1.5999999999999943,31.0
3414,1991,8.0,silverstone,True,0.0,False,0.0,False,prost,French,ferrari,5,3,17.0,0.0,4.0,25,0,3,1.5999999999999943,36.0
3428,1991,8.0,silverstone,True,0.0,False,0.0,False,alesi,French,ferrari,6,17,8.0,0.0,8.0,,0,3,2.0,27.0
3434,1991,8.0,silverstone,True,0.0,False,0.0,False,moreno,Brazilian,benetton,7,23,5.0,0.0,10.0,21,1,4,2.3999999999999915,32.0
3416,1991,8.0,silverstone,True,,False,0.0,False,piquet,Brazilian,benetton,8,5,16.0,1.0,5.0,21,1,4,2.6999999999999886,38.0
3433,1991,8.0,silverstone,True,0.0,False,0.0,False,gugelmin,Brazilian,leyton,9,22,0.0,0.0,22.0,0,0,14,3.0999999999999943,28.0
3418,1991,8.0,silverstone,True,0.0,False,0.0,,modena,Italian,tyrrell,,7,9.0,0.0,7.0,11,0,5,3.1999999999999886,28.0
3424,1991,8.0,silverstone,True,0.0,False,0.0,False,lehto,Finnish,dallara,11,13,4.0,0.0,11.0,5,0,7,3.1999999999999886,25.0
3426,1991,8.0,silverstone,True,0.0,False,0.0,False,blundell,British,brabham,12,15,0.0,0.0,25.0,0,0,15,3.299999999999997,25.0
3427,1991,8.0,silverstone,True,0.0,False,0.0,False,cesaris,Italian,jordan,13,16,7.0,0.0,9.0,,0,6,3.299999999999997,32.0
3431,1991,8.0,silverstone,True,0.0,False,0.0,,brundle,British,brabham,14,20,0.0,0.0,29.0,0,0,15,3.3999999999999915,32.0
3419,1991,8.0,silverstone,True,0.0,False,0.0,False,satoru_nakajima,Japanese,tyrrell,15,8,2.0,0.0,15.0,11,0,5,3.6999999999999886,38.0
3436,1991,8.0,silverstone,True,0.0,False,0.0,False,capelli,Italian,leyton,16,25,0.0,0.0,0.0,0,0,14,3.6999999999999886,28.0
3417,1991,8.0,silverstone,True,0.0,False,0.0,,gachot,Belgian,jordan,17,6,2.0,0.0,13.0,,0,6,3.6999999999999886,28.0
3421,1991,8.0,silverstone,True,0.0,False,0.0,,pirro,Italian,dallara,18,10,1.0,0.0,16.0,5,0,7,3.799999999999997,29.0
3430,1991,8.0,,True,0.0,False,0.0,False,boutsen,Belgian,ligier,19,19,0.0,0.0,20.0,0,0,Auto%#,4.299999999999997,34.0
3422,1991,8.0,silverstone,True,0.0,False,0.0,False,morbidelli,Italian,minardi,20,11,0.0,0.0,21.0,3,0,8,4.299999999999997,23.0
3435,1991,8.0,silverstone,True,0.0,False,0.0,False,bernard,French,lola,21,24,1.0,0.0,17.0,1,0,10,4.599999999999994,26.0
3429,1991,8.0,silverstone,True,0.0,False,0.0,False,suzuki,Japanese,lola,22,18,1.0,0.0,18.0,1,0,10,4.699999999999989,30.0
3420,1991,8.0,silverstone,True,0.0,False,0.0,False,martini,Italian,minardi,23,9,3.0,0.0,12.0,3,0,8,4.699999999999989,30.0
3425,1991,8.0,silverstone,True,0.0,False,0.0,False,herbert,British,team_lotus,24,Auto%#,0.0,0.0,28.0,3,0,9,4.799999999999997,27.0
3423,1991,8.0,silverstone,True,0.0,False,0.0,Auto%#,hakkinen,Finnish,team_lotus,25,12,2.0,0.0,14.0,3,0,9,5.0,22.0
3432,1991,8.0,silverstone,True,0.0,False,0.0,False,alboreto,Italian,footwork,26,21,0.0,0.0,0.0,0,0,17,5.299999999999997,34.0
3438,1991,9.0,hockenheimring,True,0.0,False,0.0,False,mansell,British,williams,1,1,33.0,2.0,2.0,55,,2,0.0,37.0
3444,,9.0,hockenheimring,True,0.0,False,0.0,False,senna,Brazilian,mclaren,2,7,51.0,4.0,1.0,67,4,1,0.2000000000000028,31.0
,1991,9.0,hockenheimring,True,0.0,False,0.0,False,berger,Austrian,mclaren,3,4,16.0,0.0,6.0,67,4,1,,31.0
3439,1991,9.0,hockenheimring,True,0.0,False,0.0,False,patrese,Italian,williams,4,2,22.0,1.0,3.0,55,3,2,0.3000000000000113,37.0
3451,1991,9.0,hockenheimring,True,0.0,False,0.0,False,prost,French,ferrari,5,14,21.0,0.0,4.0,29,0,3,1.9000000000000057,36.0
3440,1991,9.0,hockenheimring,True,0.0,False,0.0,False,alesi,French,ferrari,6,3,8.0,0.0,8.0,29,0,3,1.9000000000000057,27.0
3442,1991,9.0,hockenheimring,True,0.0,False,0.0,False,cesaris,Italian,jordan,7,5,7.0,0.0,9.0,10,0,6,3.1000000000000085,32.0
3454,1991,9.0,hockenheimring,True,0.0,False,0.0,False,piquet,Brazilian,benetton,8,17,18.0,1.0,5.0,23,1,4,3.5,38.0
3445,1991,9.0,hockenheimring,True,0.0,False,0.0,False,moreno,Brazilian,benetton,9,8,5.0,0.0,10.0,23,1,4,3.9000000000000057,32.0
3461,,9.0,Auto%#,True,0.0,False,0.0,False,martini,Italian,minardi,10,24,3.0,0.0,12.0,3,0,8,3.9000000000000057,30.0
3443,1991,9.0,hockenheimring,True,0.0,Auto%#,0.0,False,gachot,Belgian,jordan,11,6,3.0,0.0,13.0,10,0,6,4.200000000000003,28.0
3452,1991,9.0,hockenheimring,True,0.0,False,0.0,False,capelli,Italian,leyton,12,15,0.0,0.0,0.0,0,0,14,4.200000000000003,28.0
3455,1991,9.0,hockenheimring,True,0.0,False,0.0,False,satoru_nakajima,Japanese,tyrrell,13,18,2.0,0.0,14.0,11,0,5,4.300000000000011,38.0
3450,1991,9.0,hockenheimring,True,0.0,False,0.0,,modena,Italian,tyrrell,14,13,9.0,0.0,7.0,11,0,,4.5,28.0
3448,1991,9.0,hockenheimring,True,0.0,False,,False,brundle,British,brabham,15,11,0.0,0.0,29.0,0,0,15,4.5,32.0
,1991,9.0,hockenheimring,True,0.0,False,0.0,False,gugelmin,,leyton,16,20,0.0,0.0,22.0,,,14,4.6000000000000085,28.0
3446,1991,9.0,hockenheimring,True,0.0,False,0.0,False,boutsen,Belgian,ligier,17,9,0.0,0.0,20.0,0,0,12,,34.0
3447,1991,9.0,hockenheimring,True,0.0,False,0.0,False,pirro,Italian,dallara,18,10,1.0,0.0,16.0,5,0,7,4.900000000000006,29.0
3460,1991,9.0,hockenheimring,True,0.0,False,0.0,False,morbidelli,Italian,minardi,19,23,0.0,0.0,21.0,3,0,8,5.0,23.0
3453,1991,9.0,,True,0.0,False,0.0,False,lehto,Finnish,dallara,20,16,4.0,0.0,11.0,5,0,7,5.1000000000000085,25.0
3449,1991,9.0,hockenheimring,True,0.0,False,0.0,False,blundell,British,brabham,21,12,0.0,0.0,25.0,0,0,15,5.1000000000000085,25.0
3459,,9.0,hockenheimring,True,0.0,False,0.0,False,suzuki,Japanese,lola,22,22,1.0,0.0,18.0,1,0,10,5.400000000000006,30.0
3458,1991,9.0,hockenheimring,True,0.0,False,0.0,False,hakkinen,Finnish,team_lotus,23,21,2.0,,15.0,3,0,9,5.6000000000000085,22.0
3463,1991,9.0,hockenheimring,True,0.0,False,0.0,False,larini,Italian,lambo,24,26,0.0,0.0,23.0,0,0,13,5.900000000000006,27.0
3462,1991,9.0,hockenheimring,True,0.0,False,0.0,False,bernard,French,lola,25,25,1.0,0.0,17.0,1,0,10,6.200000000000003,26.0
3456,1991,9.0,hockenheimring,True,0.0,False,0.0,False,comas,French,ligier,26,19,0.0,0.0,24.0,0,0,12,6.300000000000011,27.0
3464,1991,10.0,hungaroring,True,0.0,False,0.0,False,senna,Brazilian,mclaren,1,1,51.0,4.0,1.0,70,4,2,0.0,31.0
3466,1991,10.0,hungaroring,True,,False,0.0,False,patrese,Italian,williams,2,3,28.0,1.0,3.0,71,4,1,1.3000000000000114,37.0
3465,1991,10.0,hungaroring,True,0.0,False,0.0,,mansell,British,williams,3,2,43.0,3.0,2.0,71,4,1,1.3000000000000114,38.0
3489,1991,10.0,hungaroring,True,0.0,False,0.0,False,prost,French,ferrari,4,26,21.0,0.0,4.0,33,0,3,1.6000000000000083,36.0
3467,1991,10.0,hungaroring,True,0.0,False,0.0,False,berger,Austrian,mclaren,5,4,19.0,0.0,5.0,70,4,2,1.6000000000000083,
3468,1991,10.0,hungaroring,True,0.0,False,0.0,False,alesi,French,ferrari,6,5,12.0,0.0,7.0,33,0,,2.300000000000012,27.0
3488,1991,10.0,hungaroring,True,0.0,False,0.0,False,pirro,Italian,,7,25,1.0,0.0,16.0,5,0,7,3.200000000000003,
3475,1991,10.0,Auto%#,True,0.0,False,0.0,False,modena,Italian,tyrrell,8,12,9.0,0.0,8.0,11,0,6,,28.0
3469,1991,10.0,hungaroring,True,0.0,False,0.0,False,capelli,Italian,leyton,9,6,0.0,0.0,0.0,0,0,14,3.700000000000003,28.0
3483,1991,10.0,hungaroring,True,0.0,False,0.0,False,brundle,British,brabham,10,20,0.0,0.0,29.0,0,0,15,3.9000000000000057,32.0
3485,1991,10.0,hungaroring,True,0.0,False,0.0,False,piquet,Brazilian,benetton,11,22,18.0,1.0,6.0,23,1,4,3.9000000000000057,38.0
3484,1991,10.0,hungaroring,True,0.0,False,0.0,False,lehto,Finnish,,12,21,4.0,0.0,11.0,5,0,7,3.9000000000000057,25.0
3474,1991,10.0,hungaroring,True,0.0,False,0.0,False,gugelmin,Brazilian,leyton,13,11,0.0,0.0,22.0,0,0,14,3.9000000000000057,28.0
3478,1991,10.0,hungaroring,True,,False,0.0,False,satoru_nakajima,Japanese,tyrrell,Auto%#,15,2.0,0.0,14.0,11,,6,4.5,38.0
3471,1991,10.0,hungaroring,True,0.0,False,0.0,False,moreno,Brazilian,benetton,15,8,5.0,0.0,10.0,23,1,4,4.5,32.0
3472,1991,10.0,hungaroring,True,0.0,False,0.0,False,gachot,Belgian,jordan,Auto%#,9,4.0,0.0,12.0,13,0,,4.6000000000000085,28.0
3470,1991,10.0,,True,0.0,False,0.0,False,cesaris,Italian,jordan,17,7,9.0,0.0,9.0,13,0,5,4.700000000000003,
3481,1991,10.0,hungaroring,True,0.0,False,0.0,False,martini,Italian,minardi,18,18,3.0,0.0,13.0,3,0,8,4.700000000000003,30.0
3480,1991,10.0,hungaroring,True,0.0,False,0.0,False,boutsen,Belgian,ligier,Auto%#,,0.0,0.0,20.0,0,0,12,4.800000000000011,34.0
3482,1991,10.0,hungaroring,True,0.0,False,0.0,False,blundell,British,brabham,20,19,0.0,0.0,25.0,0,0,15,4.900000000000006,25.0
3486,1991,10.0,hungaroring,True,0.0,False,0.0,False,bernard,French,lola,,23,,0.0,17.0,1,0,10,5.200000000000003,26.0
3487,1991,10.0,hungaroring,True,0.0,False,0.0,False,suzuki,Japanese,Auto%#,22,24,1.0,0.0,18.0,1,0,10,5.5,30.0
3476,1991,10.0,hungaroring,True,0.0,False,0.0,False,morbidelli,Italian,minardi,23,13,0.0,0.0,21.0,3,0,8,5.6000000000000085,23.0
3479,1991,10.0,hungaroring,True,0.0,False,0.0,False,larini,Italian,lambo,24,16,0.0,0.0,23.0,0,0,13,5.800000000000011,27.0
3473,1991,10.0,,True,0.0,False,0.0,False,comas,French,ligier,25,10,0.0,0.0,24.0,0,0,12,,27.0
3477,1991,10.0,hungaroring,,0.0,False,0.0,False,hakkinen,Finnish,team_lotus,26,Auto%#,2.0,0.0,15.0,3,0,9,6.200000000000003,22.0
3490,,11.0,spa,,0.0,False,0.0,False,senna,Brazilian,mclaren,1,1,61.0,5.0,1.0,83,5,1,0.0,31.0
3513,1991,11.0,spa,False,0.0,False,0.0,False,prost,French,ferrari,2,24,21.0,0.0,5.0,35,0,,1.0,36.0
3509,1991,11.0,spa,False,0.0,False,0.0,False,mansell,British,williams,3,20,49.0,3.0,2.0,81,4,2,1.0,38.0
3491,1991,11.0,spa,False,0.0,False,0.0,False,berger,Austrian,mclaren,4,2,22.0,0.0,,83,5,1,1.7000000000000028,31.0
3505,1991,11.0,spa,False,0.0,False,0.0,False,alesi,French,,5,16,14.0,0.0,7.0,35,0,3,2.200000000000003,
3492,1991,11.0,spa,False,0.0,False,0.0,False,piquet,Brazilian,Auto%#,6,3,18.0,1.0,6.0,23,1,4,,39.0
3515,1991,11.0,spa,False,0.0,False,0.0,False,michael_schumacher,German,jordan,7,26,0.0,0.0,0.0,13,0,5,3.4000000000000057,22.0
3493,1991,11.0,spa,False,0.0,False,0.0,False,moreno,Brazilian,benetton,8,4,5.0,0.0,10.0,23,1,4,3.5,32.0
3501,1991,11.0,spa,False,0.0,False,0.0,False,martini,,minardi,9,12,3.0,0.0,13.0,3,0,8,3.5,30.0
3503,1991,11.0,spa,False,0.0,False,0.0,False,modena,Italian,tyrrell,10,14,9.0,0.0,8.0,11,0,6,3.5,28.0
3502,1991,11.0,spa,False,0.0,False,0.0,False,cesaris,Italian,jordan,11,13,9.0,0.0,,13,0,5,4.200000000000003,32.0
3511,1991,11.0,spa,False,,False,0.0,False,capelli,Italian,leyton,12,22,1.0,0.0,18.0,,0,10,4.299999999999997,28.0
3495,1991,11.0,spa,False,0.0,False,0.0,False,blundell,British,brabham,13,6,0.0,0.0,26.0,0,0,15,4.6000000000000085,25.0
3504,1991,11.0,spa,False,0.0,False,0.0,False,lehto,Finnish,dallara,14,15,4.0,0.0,11.0,5,0,Auto%#,4.6000000000000085,25.0
3514,1991,11.0,spa,False,0.0,False,0.0,False,gugelmin,Brazilian,leyton,15,25,0.0,0.0,23.0,1,0,10,4.799999999999997,28.0
3498,1991,11.0,spa,False,0.0,False,0.0,False,brundle,British,brabham,16,9,0.0,0.0,30.0,0,0,15,4.799999999999997,32.0
3494,1991,11.0,spa,False,0.0,False,0.0,False,,Italian,williams,17,5,32.0,1.0,3.0,81,4,2,4.799999999999997,37.0
3500,1991,11.0,spa,False,0.0,False,0.0,False,boutsen,Belgian,ligier,18,11,0.0,0.0,21.0,0,0,13,4.900000000000006,34.0
3506,1991,11.0,spa,False,0.0,False,0.0,False,morbidelli,,minardi,19,17,0.0,0.0,22.0,3,0,8,5.1000000000000085,23.0
3510,1991,11.0,spa,False,0.0,False,,False,bernard,French,lola,20,21,1.0,0.0,17.0,1,0,,5.5,27.0
3496,1991,11.0,spa,False,0.0,False,0.0,False,herbert,British,Auto%#,21,7,0.0,0.0,29.0,3,0,9,5.6000000000000085,27.0
3512,1991,11.0,spa,False,0.0,False,0.0,False,satoru_nakajima,Japanese,tyrrell,22,,2.0,0.0,14.0,11,0,6,5.700000000000003,38.0
3499,1991,11.0,spa,False,0.0,False,0.0,False,grouillard,Auto%#,fondmetal,,10,0.0,0.0,0.0,0,0,18,5.799999999999997,32.0
3507,1991,11.0,spa,False,0.0,False,0.0,False,hakkinen,Finnish,team_lotus,24,18,2.0,0.0,15.0,3,0,9,6.0,22.0
3497,1991,11.0,spa,False,0.0,False,0.0,False,pirro,Italian,dallara,25,8,1.0,0.0,16.0,5,0,7,6.0,29.0
3508,1991,11.0,spa,False,0.0,Auto%#,0.0,False,comas,French,ligier,26,19,0.0,0.0,25.0,0,0,13,6.0,27.0
3517,1991,12.0,monza,True,0.0,False,0.0,False,senna,Brazilian,mclaren,1,2,71.0,6.0,1.0,99,6,1,0.0,31.0
3516,1991,12.0,monza,True,0.0,False,,False,mansell,Auto%#,williams,2,1,49.0,3.0,2.0,83,4,,0.1000000000000085,38.0
3519,1991,12.0,monza,True,0.0,False,0.0,False,berger,Austrian,mclaren,3,4,28.0,0.0,4.0,99,6,1,0.2000000000000028,32.0
3536,1991,12.0,monza,True,0.0,False,0.0,False,patrese,Italian,williams,4,21,34.0,1.0,3.0,83,4,2,0.3000000000000113,37.0
3518,1991,12.0,monza,True,0.0,False,0.0,False,prost,French,ferrari,5,3,21.0,0.0,,35,0,3,0.7000000000000028,36.0
3535,1991,12.0,monza,True,0.0,False,0.0,False,alesi,French,ferrari,6,20,14.0,0.0,7.0,35,0,3,0.8000000000000114,27.0
3520,1991,12.0,,True,0.0,False,0.0,False,michael_schumacher,German,benetton,7,5,0.0,0.0,0.0,30,1,4,1.4000000000000057,22.0
3521,1991,12.0,monza,True,0.0,False,0.0,False,piquet,Brazilian,benetton,8,6,22.0,1.0,5.0,30,1,4,1.6000000000000083,39.0
3540,1991,12.0,monza,True,0.0,False,0.0,False,moreno,Brazilian,jordan,9,25,,0.0,10.0,13,0,5,2.0,32.0
3539,1991,12.0,Auto%#,True,0.0,False,0.0,False,martini,Italian,minardi,10,24,3.0,0.0,13.0,3,0,8,2.200000000000003,30.0
3527,1991,12.0,monza,True,0.0,False,0.0,False,blundell,,brabham,11,12,1.0,0.0,17.0,1,0,11,2.4000000000000057,25.0
3523,1991,12.0,monza,,0.0,False,0.0,False,capelli,Italian,,12,8,1.0,0.0,19.0,,0,10,2.6000000000000085,28.0
3534,1991,12.0,monza,True,0.0,False,0.0,False,modena,,tyrrell,13,,9.0,0.0,8.0,11,0,6,2.6000000000000085,28.0
3522,1991,12.0,monza,,0.0,False,0.0,,cesaris,Italian,jordan,14,7,9.0,0.0,9.0,13,0,5,2.800000000000012,32.0
3537,1991,12.0,monza,True,0.0,False,0.0,False,,Japanese,,15,22,2.0,0.0,14.0,11,0,6,3.200000000000003,
3525,1991,12.0,monza,True,0.0,False,0.0,False,pirro,Italian,dallara,16,10,1.0,0.0,16.0,5,0,7,3.200000000000003,29.0
3524,1991,12.0,monza,,0.0,False,0.0,False,morbidelli,Italian,minardi,17,9,0.0,0.0,23.0,3,0,8,3.200000000000003,23.0
3530,1991,12.0,monza,True,0.0,Auto%#,0.0,False,gugelmin,Brazilian,leyton,18,15,,0.0,25.0,1,0,10,3.300000000000012,28.0
3528,1991,12.0,monza,,0.0,False,0.0,False,brundle,British,brabham,19,13,0.0,0.0,29.0,1,0,11,3.5,32.0
3533,1991,12.0,monza,True,0.0,False,0.0,False,lehto,Finnish,dallara,20,18,4.0,0.0,11.0,5,0,,3.6000000000000085,25.0
3541,1991,12.0,monza,True,0.0,False,0.0,False,boutsen,Belgian,ligier,21,26,0.0,0.0,22.0,0,0,14,4.1000000000000085,34.0
3526,1991,12.0,monza,True,0.0,False,,Auto%#,comas,French,ligier,22,11,0.0,0.0,27.0,0,0,14,4.300000000000011,27.0
3531,1991,12.0,monza,True,0.0,False,,False,larini,Italian,lambo,23,16,0.0,0.0,26.0,0,0,Auto%#,4.6000000000000085,27.0
3538,1991,12.0,monza,True,0.0,False,0.0,False,,French,lola,24,23,1.0,0.0,18.0,1,0,12,4.800000000000011,27.0
3529,1991,12.0,monza,True,0.0,False,0.0,False,hakkinen,Finnish,team_lotus,25,14,2.0,0.0,15.0,3,0,9,4.800000000000011,22.0
3532,1991,12.0,monza,True,0.0,False,0.0,False,grouillard,French,fondmetal,26,17,0.0,0.0,0.0,0,0,17,5.300000000000011,33.0
3542,1991,13.0,estoril,True,0.0,False,0.0,False,patrese,Italian,williams,1,1,34.0,1.0,3.0,93,5,2,0.0,37.0
3563,1991,13.0,estoril,True,0.0,False,0.0,False,berger,Austrian,mclaren,2,22,31.0,0.0,4.0,108,6,1,0.2000000000000028,32.0
3543,1991,13.0,estoril,True,0.0,False,0.0,False,senna,Brazilian,,3,2,77.0,6.0,1.0,108,6,1,0.4000000000000057,31.0
3560,1991,13.0,estoril,True,0.0,False,0.0,Auto%#,mansell,British,williams,4,19,59.0,4.0,2.0,93,5,2,0.7000000000000028,38.0
3562,1991,13.0,estoril,True,0.0,False,0.0,False,prost,French,Auto%#,5,21,,0.0,5.0,39,0,3,1.4000000000000057,36.0
3544,,13.0,estoril,True,0.0,False,0.0,False,alesi,French,ferrari,6,3,14.0,0.0,7.0,39,0,3,1.9000000000000057,27.0
3548,1991,13.0,,True,0.0,False,0.0,False,gugelmin,Brazilian,leyton,7,7,0.0,0.0,26.0,1,0,10,2.299999999999997,28.0
3545,1991,13.0,estoril,True,0.0,False,0.0,False,martini,Italian,minardi,8,4,3.0,0.0,13.0,3,0,8,2.4000000000000057,30.0
3558,1991,13.0,estoril,True,0.0,False,0.0,False,capelli,Italian,leyton,9,17,1.0,0.0,19.0,,0,10,2.5,28.0
3547,1991,13.0,estoril,True,0.0,False,0.0,False,michael_schumacher,German,benetton,10,6,2.0,,16.0,33,1,4,2.5999999999999943,22.0
3546,1991,13.0,estoril,True,0.0,False,0.0,False,piquet,Brazilian,benetton,11,5,23.0,1.0,6.0,33,1,4,2.700000000000003,39.0
3559,1991,13.0,estoril,True,0.0,False,0.0,False,modena,Italian,tyrrell,12,18,9.0,0.0,8.0,11,0,6,2.700000000000003,28.0
3550,1991,13.0,estoril,True,0.0,False,0.0,False,morbidelli,Italian,minardi,13,9,0.0,0.0,24.0,3,0,8,2.700000000000003,23.0
3549,1991,13.0,estoril,True,0.0,False,0.0,False,cesaris,Italian,jordan,14,8,9.0,0.0,,13,0,5,2.9000000000000057,32.0
3566,1991,13.0,estoril,True,0.0,False,0.0,False,blundell,British,brabham,15,25,1.0,0.0,18.0,1,0,11,3.0,25.0
3564,1991,13.0,estoril,True,0.0,False,0.0,False,pirro,Italian,dallara,,23,1.0,0.0,17.0,5,0,7,3.0999999999999943,29.0
3554,1991,13.0,estoril,True,0.0,False,0.0,False,satoru_nakajima,Japanese,tyrrell,17,13,2.0,0.0,14.0,11,0,6,3.0999999999999943,38.0
3565,1991,13.0,estoril,True,,False,0.0,False,lehto,Finnish,dallara,18,24,4.0,0.0,11.0,5,0,7,3.5,25.0
3553,1991,13.0,estoril,True,0.0,False,0.0,False,brundle,British,brabham,19,12,0.0,0.0,30.0,1,0,11,3.5,32.0
3557,1991,13.0,estoril,True,0.0,False,0.0,False,boutsen,Belgian,ligier,,Auto%#,0.0,0.0,23.0,0,0,14,3.799999999999997,34.0
3551,1991,13.0,estoril,True,0.0,False,0.0,False,moreno,Brazilian,jordan,21,10,8.0,0.0,10.0,13,0,5,3.9000000000000057,32.0
3556,1991,13.0,estoril,True,0.0,False,0.0,False,alboreto,Italian,footwork,22,15,0.0,0.0,0.0,0,0,18,4.0,34.0
3552,1991,13.0,estoril,True,0.0,False,0.0,False,comas,French,ligier,23,,0.0,0.0,28.0,0,0,14,4.200000000000003,27.0
3555,1991,13.0,estoril,True,0.0,False,0.0,False,hakkinen,Finnish,,24,14,,0.0,15.0,,0,9,4.299999999999997,22.0
3561,1991,13.0,estoril,True,0.0,False,0.0,False,suzuki,Japanese,lola,25,20,1.0,0.0,21.0,1,0,12,4.400000000000006,31.0
3567,1991,13.0,estoril,True,,False,0.0,False,herbert,British,team_lotus,26,26,0.0,0.0,25.0,3,0,9,4.700000000000003,27.0
3587,1991,14.0,catalunya,True,0.0,False,0.0,False,berger,Austrian,mclaren,1,20,31.0,0.0,4.0,114,6,1,0.0,32.0
3568,1991,14.0,catalunya,True,0.0,False,0.0,False,mansell,British,williams,2,1,59.0,,2.0,103,6,2,0.2000000000000028,38.0
3572,,14.0,catalunya,True,0.0,False,0.0,False,senna,Brazilian,mclaren,3,5,83.0,6.0,,114,6,1,0.2999999999999971,31.0
3570,1991,14.0,catalunya,True,0.0,False,0.0,False,patrese,Italian,williams,4,3,44.0,,3.0,103,6,2,0.7999999999999972,37.0
3573,1991,14.0,catalunya,,0.0,False,0.0,False,michael_schumacher,German,benetton,5,6,3.0,0.0,14.0,36,1,4,0.9000000000000057,22.0
3569,1991,14.0,catalunya,True,0.0,False,0.0,False,prost,French,ferrari,6,2,25.0,0.0,6.0,43,0,3,1.1000000000000083,36.0
3571,1991,14.0,catalunya,True,0.0,False,0.0,False,alesi,French,ferrari,7,4,18.0,0.0,7.0,43,0,Auto%#,1.4000000000000057,27.0
3591,1991,14.0,Auto%#,True,0.0,False,0.0,False,capelli,Italian,leyton,8,24,1.0,0.0,19.0,1,0,10,1.7999999999999972,28.0
3582,1991,14.0,catalunya,True,0.0,False,0.0,False,pirro,Italian,dallara,9,15,1.0,0.0,17.0,5,0,8,,29.0
3578,1991,14.0,catalunya,True,0.0,False,0.0,False,,Brazilian,benetton,10,11,25.0,1.0,5.0,36,1,4,1.9000000000000057,39.0
3577,1991,14.0,catalunya,True,0.0,False,,False,brundle,British,brabham,11,,0.0,0.0,30.0,1,0,11,1.9000000000000057,32.0
3585,1991,14.0,catalunya,True,0.0,False,0.0,False,blundell,,brabham,Auto%#,18,1.0,0.0,18.0,,0,11,1.9000000000000057,25.0
3574,1991,14.0,,True,0.0,False,0.0,False,gugelmin,Brazilian,leyton,13,7,0.0,0.0,24.0,1,0,10,1.9000000000000057,28.0
3583,1991,14.0,Auto%#,True,0.0,False,0.0,False,modena,Italian,tyrrell,14,16,9.0,,8.0,11,0,6,,28.0
3575,1991,14.0,catalunya,True,0.0,False,0.0,False,lehto,Finnish,dallara,15,8,4.0,0.0,12.0,5,0,8,2.200000000000003,25.0
3581,1991,14.0,catalunya,True,0.0,False,0.0,False,morbidelli,Italian,minardi,16,14,0.0,0.0,25.0,6,0,7,3.0,23.0
3589,1991,14.0,catalunya,True,0.0,False,0.0,False,cesaris,Italian,Auto%#,17,22,9.0,0.0,,13,0,5,3.1000000000000085,32.0
3584,1991,,catalunya,,0.0,False,0.0,False,satoru_nakajima,Japanese,tyrrell,,,2.0,0.0,15.0,11,0,6,3.299999999999997,38.0
3580,1991,14.0,catalunya,True,0.0,False,0.0,False,martini,,minardi,19,13,,0.0,11.0,6,0,7,3.700000000000003,30.0
3576,1991,14.0,catalunya,True,0.0,False,0.0,False,zanardi,Italian,jordan,20,9,0.0,0.0,0.0,13,0,5,3.799999999999997,24.0
3590,1991,14.0,catalunya,True,0.0,False,0.0,False,hakkinen,Finnish,team_lotus,21,23,2.0,0.0,16.0,3,0,9,3.799999999999997,
3579,1991,14.0,catalunya,True,0.0,False,0.0,False,tarquini,Italian,fondmetal,22,12,0.0,0.0,29.0,0,0,17,4.0,29.0
3592,1991,14.0,catalunya,,0.0,False,0.0,False,bernard,French,lola,23,25,1.0,0.0,,1,0,,4.1000000000000085,27.0
3588,1991,14.0,catalunya,True,0.0,False,0.0,False,alboreto,Italian,footwork,24,21,0.0,0.0,0.0,0,0,18,4.299999999999997,34.0
3586,,14.0,catalunya,True,0.0,False,0.0,False,comas,French,ligier,25,19,0.0,0.0,28.0,0,0,14,4.6000000000000085,28.0
3593,1991,14.0,catalunya,True,0.0,False,0.0,False,boutsen,Belgian,ligier,26,26,0.0,0.0,23.0,0,0,14,4.799999999999997,34.0
3594,1991,15.0,suzuka,True,0.0,False,0.0,False,berger,Austrian,mclaren,1,1,31.0,0.0,5.0,116,6,2,0.0,32.0
3595,1991,15.0,suzuka,True,0.0,False,0.0,False,senna,Brazilian,mclaren,2,2,85.0,6.0,1.0,116,6,,0.2000000000000028,31.0
3612,,15.0,suzuka,True,0.0,False,0.0,False,mansell,British,,3,19,,5.0,2.0,117,7,1,0.2000000000000028,38.0
3597,1991,15.0,suzuka,True,0.0,False,0.0,False,prost,French,,4,,31.0,0.0,4.0,52,0,3,2.0,36.0
3596,1991,15.0,suzuka,True,0.0,False,0.0,False,patrese,Italian,williams,5,3,48.0,2.0,3.0,117,7,1,2.200000000000003,37.0
3619,1991,15.0,suzuka,True,0.0,False,0.0,False,alesi,French,ferrari,6,26,21.0,0.0,7.0,52,0,3,2.3999999999999915,27.0
3606,1991,15.0,suzuka,True,0.0,False,0.0,False,martini,Italian,minardi,7,13,6.0,0.0,11.0,6,0,7,3.5,30.0
3611,1991,15.0,suzuka,True,0.0,False,0.0,False,morbidelli,Italian,minardi,8,18,0.0,0.0,25.0,6,0,7,3.5,23.0
3607,1991,15.0,suzuka,True,0.0,False,,False,michael_schumacher,German,benetton,9,14,4.0,0.0,14.0,37,1,4,3.700000000000003,22.0
3600,1991,15.0,Auto%#,True,0.0,False,0.0,False,piquet,Brazilian,benetton,10,7,25.0,1.0,6.0,37,1,4,3.899999999999992,39.0
3615,1991,15.0,suzuka,True,0.0,False,0.0,False,cesaris,Italian,jordan,11,22,,0.0,9.0,13,0,5,4.099999999999994,32.0
3616,1991,15.0,suzuka,True,0.0,False,0.0,False,lehto,Finnish,dallara,,23,4.0,0.0,12.0,5,0,8,4.200000000000003,25.0
3613,1991,15.0,suzuka,True,0.0,False,0.0,False,zanardi,Italian,jordan,13,20,0.0,0.0,0.0,13,0,5,4.200000000000003,24.0
3599,1991,15.0,suzuka,True,0.0,False,,False,modena,Italian,tyrrell,14,6,9.0,0.0,8.0,11,0,6,4.200000000000003,28.0
3609,1991,15.0,suzuka,True,0.0,False,0.0,False,satoru_nakajima,Japanese,tyrrell,15,16,2.0,0.0,15.0,11,0,,4.399999999999992,38.0
3617,1991,15.0,suzuka,True,0.0,False,0.0,False,pirro,Italian,dallara,16,24,1.0,0.0,17.0,5,0,8,4.5,29.0
3602,1991,15.0,,True,0.0,False,0.0,False,boutsen,Belgian,ligier,17,9,0.0,0.0,24.0,,0,14,4.799999999999997,34.0
3601,1991,15.0,suzuka,True,,False,,False,gugelmin,Brazilian,,18,8,0.0,0.0,23.0,1,0,10,4.799999999999997,28.0
3598,1991,15.0,suzuka,True,0.0,False,0.0,False,brundle,British,brabham,19,5,0.0,0.0,30.0,1,0,11,5.0,32.0
3605,1991,15.0,suzuka,True,0.0,False,0.0,False,comas,French,ligier,20,12,0.0,0.0,28.0,0,0,Auto%#,5.099999999999994,28.0
3614,1991,15.0,suzuka,True,0.0,False,0.0,False,hakkinen,Finnish,team_lotus,21,21,2.0,0.0,16.0,3,0,9,5.299999999999997,23.0
3618,1991,15.0,suzuka,True,0.0,False,0.0,False,wendlinger,Austrian,leyton,22,25,0.0,0.0,0.0,1,0,Auto%#,5.399999999999992,22.0
3608,1991,15.0,suzuka,True,0.0,False,0.0,False,herbert,British,,23,15,0.0,0.0,26.0,3,0,9,5.5,27.0
3604,1991,15.0,suzuka,True,,,0.0,False,tarquini,Italian,fondmetal,24,11,0.0,0.0,29.0,0,0,17,5.5,29.0
3610,1991,15.0,suzuka,True,0.0,False,0.0,False,suzuki,Japanese,lola,25,17,1.0,0.0,21.0,1,0,12,5.599999999999994,31.0
3603,1991,15.0,suzuka,True,0.0,False,0.0,False,caffi,Italian,footwork,26,10,0.0,0.0,0.0,0,0,18,,27.0
3620,1991,16.0,adelaide,False,0.0,False,1.0,False,,Brazilian,mclaren,1,1,91.0,6.0,1.0,132,7,1,0.0,31.0
3622,1991,16.0,adelaide,False,0.0,False,1.0,False,berger,Austrian,mclaren,2,3,41.0,1.0,4.0,132,7,1,0.4000000000000057,32.0
3621,1991,16.0,,False,0.0,False,1.0,False,mansell,British,williams,3,2,69.0,5.0,2.0,121,7,2,0.7999999999999972,38.0
3624,1991,16.0,adelaide,False,0.0,False,1.0,False,patrese,Italian,williams,,5,52.0,2.0,3.0,121,7,2,1.0999999999999943,37.0
3623,1991,16.0,adelaide,False,0.0,False,1.0,False,piquet,Brazilian,benetton,5,4,25.0,1.0,6.0,37,1,4,1.2999999999999972,39.0
3641,1991,16.0,adelaide,False,0.0,False,1.0,,michael_schumacher,German,benetton,6,22,4.0,0.0,14.0,37,1,4,1.5,22.0
3642,1991,16.0,adelaide,False,0.0,False,1.0,False,alesi,French,ferrari,7,23,21.0,0.0,7.0,55,0,3,1.5,27.0
3625,1991,16.0,adelaide,False,0.0,False,1.0,False,morbidelli,,ferrari,8,6,0.0,0.0,26.0,55,0,3,2.200000000000003,23.0
3629,1991,16.0,adelaide,False,0.0,False,1.0,False,modena,Italian,tyrrell,9,10,10.0,0.0,8.0,12,0,6,2.299999999999997,28.0
3640,1991,16.0,adelaide,False,0.0,False,1.0,False,martini,Italian,minardi,10,21,6.0,0.0,11.0,6,0,7,2.4000000000000057,30.0
3631,1991,,adelaide,False,0.0,False,1.0,False,lehto,Finnish,dallara,11,12,4.0,0.0,12.0,5,0,8,2.9000000000000057,25.0
3627,1991,16.0,adelaide,False,0.0,False,1.0,False,cesaris,Italian,jordan,12,8,9.0,0.0,,13,0,5,3.0999999999999943,32.0
3626,1991,16.0,adelaide,False,0.0,False,1.0,False,pirro,Italian,dallara,13,7,1.0,0.0,18.0,5,,8,,29.0
3633,1991,16.0,adelaide,False,0.0,False,1.0,False,gugelmin,Brazilian,leyton,14,14,0.0,0.0,,1,0,11,3.299999999999997,28.0
3632,,16.0,adelaide,False,0.0,False,1.0,False,alboreto,Italian,footwork,15,13,,0.0,0.0,0,0,18,3.4000000000000057,34.0
3628,1991,16.0,adelaide,False,0.0,False,1.0,False,zanardi,Italian,jordan,16,9,0.0,0.0,0.0,13,0,5,3.4000000000000057,25.0
3636,1991,16.0,adelaide,False,0.0,False,1.0,False,blundell,British,brabham,17,17,1.0,0.0,19.0,3,0,10,3.4000000000000057,25.0
3635,1991,16.0,adelaide,False,,False,1.0,False,moreno,Brazilian,minardi,18,16,8.0,0.0,10.0,6,0,7,3.5999999999999943,32.0
3643,1991,16.0,adelaide,False,,False,1.0,False,larini,Italian,lambo,Auto%#,,0.0,0.0,,0,0,15,3.9000000000000057,27.0
3644,1991,16.0,Auto%#,False,0.0,False,,False,boutsen,Belgian,ligier,20,25,0.0,0.0,25.0,0,,14,4.0,34.0
3630,1991,16.0,adelaide,False,0.0,False,1.0,False,herbert,British,team_lotus,21,11,0.0,0.0,,3,0,9,4.099999999999994,27.0
3637,1991,16.0,adelaide,False,0.0,False,1.0,False,comas,French,ligier,22,18,0.0,0.0,29.0,0,0,14,4.099999999999994,28.0
3634,1991,16.0,adelaide,False,0.0,False,1.0,False,caffi,Italian,footwork,23,15,0.0,0.0,0.0,0,0,18,4.200000000000003,27.0
3645,1991,16.0,adelaide,False,0.0,False,1.0,False,satoru_nakajima,Japanese,tyrrell,24,26,2.0,,15.0,12,0,Auto%#,4.200000000000003,38.0
3638,1991,16.0,adelaide,False,0.0,False,1.0,False,hakkinen,Finnish,team_lotus,25,19,2.0,,16.0,3,0,9,4.299999999999997,
3639,1991,16.0,adelaide,False,0.0,False,1.0,False,wendlinger,Austrian,leyton,26,20,0.0,0.0,0.0,1,0,11,,22.0
3646,1992,1.0,,False,0.0,True,0.0,False,mansell,British,williams,1,1,0.0,0.0,0.0,0,0,0,0.0,38.0
3648,1992,1.0,kyalami,False,0.0,True,0.0,False,senna,,mclaren,2,3,0.0,0.0,0.0,0,0,0,0.7000000000000028,31.0
3650,1992,1.0,kyalami,False,0.0,True,0.0,False,,Austrian,mclaren,3,5,0.0,0.0,0.0,0,0,0,1.2000000000000028,32.0
3647,1992,1.0,kyalami,False,0.0,True,0.0,False,patrese,Italian,williams,4,2,0.0,0.0,0.0,0,0,0,1.5,37.0
3666,1992,1.0,,False,0.0,True,0.0,False,alesi,French,ferrari,5,21,0.0,0.0,0.0,0,0,0,1.7000000000000028,27.0
3649,1992,1.0,kyalami,False,0.0,True,0.0,False,michael_schumacher,German,benetton,6,4,0.0,0.0,0.0,0,0,0,2.0999999999999943,23.0
3669,1992,1.0,kyalami,False,0.0,True,0.0,False,wendlinger,Austrian,march,7,24,0.0,0.0,0.0,0,0,0,2.5999999999999943,23.0
3671,1992,1.0,kyalami,False,0.0,True,0.0,False,brundle,British,benetton,8,26,0.0,0.0,0.0,0,0,0,2.799999999999997,32.0
3667,1992,1.0,Auto%#,False,0.0,True,0.0,False,capelli,Italian,ferrari,9,22,0.0,0.0,,0,0,0,2.9000000000000057,28.0
3665,1992,1.0,kyalami,False,0.0,True,0.0,False,cesaris,Italian,tyrrell,10,20,0.0,0.0,0.0,0,0,0,3.0,32.0
3651,1992,1.0,kyalami,False,0.0,True,,False,herbert,British,team_lotus,11,6,0.0,0.0,0.0,0,0,0,3.0999999999999943,27.0
3659,1992,1.0,kyalami,False,0.0,Auto%#,0.0,False,grouillard,French,tyrrell,12,14,0.0,0.0,0.0,0,0,0,3.200000000000003,33.0
3652,1992,,kyalami,False,0.0,True,0.0,False,comas,French,ligier,13,7,0.0,0.0,,0,0,0,,28.0
3660,1992,1.0,kyalami,False,0.0,True,0.0,False,boutsen,Belgian,ligier,14,15,0.0,0.0,,0,0,0,3.799999999999997,34.0
3668,1992,1.0,kyalami,False,0.0,True,0.0,False,tarquini,Italian,fondmetal,15,23,0.0,0.0,0.0,0,0,0,3.799999999999997,29.0
3653,1992,1.0,,False,0.0,True,0.0,False,suzuki,Japanese,footwork,16,8,0.0,0.0,0.0,0,,0,4.0,31.0
3655,1992,1.0,kyalami,False,0.0,True,0.0,False,alboreto,Italian,Auto%#,17,10,0.0,0.0,0.0,0,0,0,4.099999999999994,35.0
3657,1992,1.0,kyalami,False,0.0,True,0.0,Auto%#,katayama,Japanese,Auto%#,18,12,0.0,0.0,0.0,0,0,0,4.099999999999994,28.0
3662,1992,1.0,kyalami,False,0.0,True,0.0,False,morbidelli,Italian,minardi,19,17,0.0,0.0,0.0,0,0,0,4.099999999999994,24.0
3664,1992,1.0,kyalami,False,0.0,True,0.0,False,fittipaldi,Brazilian,minardi,20,19,0.0,0.0,0.0,0,0,0,4.099999999999994,21.0
3654,1992,1.0,kyalami,False,0.0,True,0.0,False,hakkinen,Finnish,team_lotus,21,9,0.0,0.0,0.0,0,0,0,4.200000000000003,23.0
3670,1992,1.0,kyalami,False,0.0,True,,False,gachot,Belgian,larrousse,22,25,0.0,0.0,0.0,0,0,0,4.5,29.0
3656,1992,1.0,kyalami,False,0.0,True,0.0,False,gugelmin,Brazilian,jordan,23,11,0.0,,0.0,0,0,0,4.599999999999994,28.0
3663,1992,1.0,kyalami,False,0.0,True,0.0,False,lehto,Finnish,dallara,24,18,0.0,0.0,0.0,0,0,0,4.599999999999994,26.0
3661,1992,1.0,kyalami,False,0.0,True,0.0,False,martini,Italian,dallara,25,16,0.0,0.0,0.0,0,0,0,4.700000000000003,30.0
3658,1992,1.0,kyalami,False,0.0,True,0.0,False,poele,Belgian,brabham,26,13,0.0,0.0,0.0,0,0,0,5.0,30.0
3672,1992,2.0,rodriguez,False,0.0,False,0.0,False,mansell,British,,,1,10.0,1.0,1.0,16,1,1,0.0,38.0
3673,1992,2.0,rodriguez,False,0.0,False,0.0,False,patrese,Italian,williams,2,2,6.0,0.0,2.0,16,1,1,0.1000000000000085,37.0
3674,1992,2.0,rodriguez,,0.0,False,,False,michael_schumacher,Auto%#,benetton,3,3,3.0,0.0,4.0,,0,3,1.0,23.0
3685,1992,2.0,rodriguez,False,0.0,False,0.0,False,brundle,British,benetton,4,14,0.0,0.0,0.0,3,0,3,,32.0
3675,1992,2.0,rodriguez,False,0.0,False,0.0,False,berger,Austrian,mclaren,5,4,2.0,0.0,5.0,6,0,2,2.299999999999997,32.0
3693,1992,2.0,rodriguez,False,0.0,False,0.0,False,,Brazilian,mclaren,6,22,4.0,0.0,3.0,6,0,2,2.5,32.0
3679,1992,2.0,rodriguez,False,0.0,False,0.0,False,lehto,Finnish,dallara,7,8,,0.0,,0,0,0,2.799999999999997,26.0
3695,1992,2.0,rodriguez,False,0.0,False,0.0,False,gugelmin,Brazilian,jordan,,24,0.0,0.0,11.0,0,0,7,3.1000000000000085,28.0
3688,1992,2.0,rodriguez,False,0.0,False,0.0,False,martini,Italian,dallara,9,17,0.0,0.0,0.0,0,0,0,3.1000000000000085,30.0
3689,1992,2.0,rodriguez,False,0.0,False,0.0,False,alesi,French,ferrari,10,18,0.0,0.0,0.0,0,0,0,3.1000000000000085,27.0
3676,1992,2.0,rodriguez,False,0.0,False,0.0,False,,Italian,tyrrell,11,Auto%#,0.0,0.0,,0,0,0,3.1000000000000085,32.0
3678,1992,2.0,rodriguez,False,0.0,False,0.0,False,herbert,British,team_lotus,12,,1.0,0.0,6.0,1,0,4,3.200000000000003,27.0
3682,1992,2.0,rodriguez,False,0.0,False,0.0,False,gachot,Belgian,larrousse,13,11,0.0,0.0,0.0,0,0,8,3.4000000000000057,29.0
3686,1992,2.0,rodriguez,False,0.0,False,0.0,False,tarquini,Italian,fondmetal,14,15,0.0,0.0,0.0,0,,0,3.5,30.0
3691,1992,2.0,rodriguez,False,0.0,False,0.0,False,modena,Italian,jordan,15,20,0.0,0.0,0.0,0,0,7,3.700000000000003,
3692,,2.0,Auto%#,False,0.0,False,0.0,False,grouillard,French,tyrrell,,21,0.0,0.0,0.0,0,0,0,3.700000000000003,33.0
3694,,2.0,rodriguez,False,0.0,False,0.0,False,fittipaldi,Brazilian,minardi,17,23,0.0,0.0,0.0,0,0,0,3.700000000000003,21.0
3677,1992,2.0,,False,0.0,False,0.0,False,hakkinen,Finnish,team_lotus,18,6,0.0,0.0,9.0,1,0,4,3.799999999999997,23.0
3696,1992,2.0,rodriguez,False,0.0,False,0.0,False,wendlinger,Austrian,march,19,25,0.0,0.0,0.0,0,0,0,3.9000000000000057,23.0
3697,1992,2.0,rodriguez,False,0.0,False,0.0,False,capelli,Italian,ferrari,20,26,0.0,0.0,0.0,0,0,0,,
3690,,2.0,,False,0.0,,0.0,False,morbidelli,Italian,minardi,21,19,0.0,0.0,0.0,0,0,0,3.9000000000000057,24.0
3681,1992,2.0,rodriguez,False,0.0,False,0.0,False,boutsen,Belgian,ligier,22,10,0.0,0.0,0.0,0,0,5,4.1000000000000085,34.0
3687,1992,2.0,,False,0.0,False,0.0,False,chiesa,Swiss,fondmetal,23,16,0.0,0.0,0.0,0,0,0,4.5,27.0
3683,1992,2.0,rodriguez,False,0.0,False,0.0,False,katayama,Japanese,larrousse,24,12,0.0,0.0,12.0,0,0,8,4.6000000000000085,28.0
3684,1992,2.0,rodriguez,False,0.0,False,0.0,False,alboreto,Italian,footwork,25,13,0.0,0.0,10.0,0,0,6,4.799999999999997,35.0
3680,1992,2.0,rodriguez,False,0.0,,0.0,False,comas,French,ligier,26,9,0.0,0.0,,0,0,5,4.799999999999997,28.0
3698,1992,3.0,interlagos,False,0.0,True,0.0,False,mansell,British,williams,,1,20.0,2.0,1.0,32,2,1,0.0,38.0
3699,1992,3.0,interlagos,False,0.0,True,0.0,False,patrese,Italian,williams,2,2,12.0,0.0,2.0,32,2,1,1.2000000000000028,37.0
3720,1992,3.0,interlagos,False,0.0,True,0.0,False,senna,Brazilian,mclaren,3,23,4.0,0.0,5.0,9,0,2,2.200000000000003,32.0
3721,1992,3.0,interlagos,False,0.0,True,0.0,False,berger,,Auto%#,Auto%#,24,5.0,0.0,4.0,9,0,2,2.700000000000003,32.0
3700,1992,3.0,interlagos,False,0.0,True,0.0,False,michael_schumacher,German,benetton,5,3,7.0,0.0,3.0,7,0,3,2.799999999999997,23.0
3701,1992,3.0,interlagos,False,0.0,True,0.0,False,alesi,French,ferrari,6,4,0.0,0.0,0.0,0,0,0,2.8999999999999915,27.0
3716,1992,3.0,interlagos,False,0.0,True,0.0,False,brundle,British,benetton,,19,0.0,0.0,0.0,7,0,3,3.0,32.0
3717,1992,3.0,interlagos,False,0.0,True,0.0,False,martini,Italian,dallara,8,20,0.0,0.0,0.0,0,0,8,3.299999999999997,30.0
3709,1992,3.0,interlagos,,0.0,True,0.0,False,wendlinger,Austrian,Auto%#,9,12,0.0,0.0,0.0,0,0,0,3.299999999999997,23.0
3714,1992,3.0,Auto%#,False,0.0,True,0.0,False,boutsen,Auto%#,ligier,10,17,0.0,0.0,13.0,0,0,6,3.299999999999997,34.0
3702,1992,3.0,interlagos,False,0.0,True,0.0,False,capelli,Italian,ferrari,11,5,0.0,0.0,0.0,0,0,0,3.5999999999999943,28.0
3723,1992,3.0,interlagos,False,0.0,True,0.0,False,modena,Italian,jordan,12,26,0.0,0.0,0.0,,0,10,3.5999999999999943,28.0
3719,1992,3.0,interlagos,False,0.0,True,0.0,False,cesaris,Italian,tyrrell,13,22,2.0,0.0,6.0,2,0,4,3.5999999999999943,32.0
3703,1992,3.0,interlagos,False,0.0,True,0.0,False,,Italian,footwork,14,6,0.0,0.0,12.0,0,0,7,3.799999999999997,35.0
3712,1992,3.0,interlagos,False,0.0,True,0.0,False,comas,French,ligier,15,15,0.0,0.0,9.0,0,0,6,3.799999999999997,28.0
3705,1992,3.0,interlagos,False,0.0,True,0.0,False,lehto,Finnish,dallara,16,8,0.0,0.0,10.0,0,0,8,4.099999999999994,26.0
3711,1992,3.0,interlagos,,0.0,True,0.0,,grouillard,French,tyrrell,17,14,0.0,0.0,0.0,2,0,4,4.099999999999994,33.0
3718,1992,3.0,interlagos,False,0.0,True,0.0,False,gachot,Belgian,larrousse,18,21,0.0,0.0,14.0,0,0,9,4.200000000000003,29.0
3708,1992,3.0,Auto%#,False,0.0,True,0.0,False,tarquini,Italian,fondmetal,19,11,0.0,0.0,0.0,0,0,0,4.299999999999997,30.0
3710,1992,3.0,interlagos,False,,True,,False,fittipaldi,Brazilian,minardi,20,13,0.0,0.0,0.0,0,0,0,4.399999999999992,21.0
3715,1992,3.0,interlagos,False,0.0,True,0.0,False,gugelmin,Brazilian,jordan,21,18,0.0,0.0,15.0,0,0,10,4.599999999999994,28.0
3722,1992,3.0,interlagos,,0.0,True,0.0,False,suzuki,Japanese,footwork,22,25,0.0,0.0,11.0,0,0,7,,31.0
3704,1992,3.0,interlagos,False,0.0,True,0.0,False,morbidelli,Italian,minardi,23,7,0.0,0.0,0.0,0,0,0,4.700000000000003,24.0
3707,1992,3.0,interlagos,,0.0,True,0.0,False,hakkinen,Finnish,team_lotus,,10,1.0,0.0,8.0,2,0,5,4.899999999999992,23.0
3706,,3.0,interlagos,False,0.0,True,0.0,False,katayama,Japanese,larrousse,25,9,0.0,0.0,16.0,0,0,9,4.899999999999992,28.0
3713,1992,3.0,interlagos,False,0.0,True,0.0,False,herbert,British,team_lotus,26,,1.0,0.0,7.0,2,0,5,5.0,27.0
3724,1992,4.0,catalunya,False,0.0,True,1.0,False,mansell,British,Auto%#,1,1,30.0,3.0,,48,3,1,0.0,38.0
3725,1992,4.0,catalunya,False,0.0,True,1.0,False,michael_schumacher,German,benetton,2,2,11.0,0.0,3.0,11,0,2,1.0,23.0
3732,1992,4.0,catalunya,False,0.0,True,1.0,False,senna,Brazilian,mclaren,,9,4.0,0.0,5.0,9,0,3,1.0,32.0
3745,1992,4.0,catalunya,False,0.0,True,1.0,False,patrese,Italian,williams,4,,18.0,0.0,2.0,48,3,1,1.2999999999999972,38.0
3733,1992,4.0,catalunya,False,0.0,True,1.0,False,capelli,Italian,ferrari,5,10,2.0,0.0,7.0,5,0,4,2.200000000000003,28.0
3748,1992,4.0,catalunya,False,0.0,True,1.0,False,brundle,British,benetton,6,25,0.0,0.0,0.0,11,0,,,32.0
3727,1992,4.0,catalunya,False,0.0,True,,False,berger,Austrian,mclaren,7,4,5.0,0.0,4.0,9,0,3,2.5,32.0
3726,1992,4.0,catalunya,,0.0,True,1.0,False,alesi,French,ferrari,8,3,3.0,0.0,6.0,5,0,4,2.5,27.0
3731,1992,4.0,catalunya,False,0.0,True,1.0,Auto%#,wendlinger,Austrian,march,9,8,0.0,0.0,0.0,0,0,0,2.8999999999999915,23.0
3739,1992,4.0,catalunya,False,0.0,True,1.0,False,comas,French,ligier,10,16,0.0,0.0,12.0,0,0,8,3.3999999999999915,28.0
3749,1992,4.0,catalunya,False,0.0,True,1.0,False,cesaris,,tyrrell,11,26,2.0,0.0,8.0,2,0,5,3.5,32.0
3736,1992,4.0,catalunya,False,0.0,True,1.0,False,lehto,Finnish,dallara,12,13,0.0,0.0,14.0,0,0,10,3.899999999999992,26.0
3729,1992,4.0,catalunya,False,0.0,True,1.0,False,martini,Italian,dallara,13,6,0.0,0.0,0.0,0,0,10,,
3747,1992,4.0,catalunya,False,0.0,True,1.0,,boutsen,Belgian,ligier,14,24,0.0,0.0,17.0,0,0,8,4.399999999999992,34.0
3741,1992,4.0,catalunya,False,0.0,True,1.0,False,grouillard,French,tyrrell,15,18,0.0,0.0,0.0,2,0,5,4.399999999999992,33.0
3728,1992,4.0,catalunya,False,,True,1.0,False,alboreto,Italian,footwork,16,5,1.0,0.0,11.0,1,0,7,4.399999999999992,35.0
3743,1992,4.0,catalunya,False,0.0,True,1.0,False,gugelmin,Brazilian,jordan,17,20,0.0,0.0,19.0,0,0,12,4.5,29.0
3737,1992,4.0,catalunya,False,0.0,True,1.0,False,tarquini,Italian,fondmetal,18,14,0.0,0.0,0.0,0,0,0,4.599999999999994,30.0
3730,1992,4.0,catalunya,False,0.0,True,1.0,False,suzuki,Japanese,footwork,19,,0.0,0.0,15.0,1,0,7,4.700000000000003,31.0
3744,1992,4.0,catalunya,False,0.0,True,1.0,False,chiesa,Swiss,fondmetal,20,21,,0.0,0.0,0,0,0,4.799999999999997,27.0
3738,1992,4.0,catalunya,False,0.0,True,1.0,False,hakkinen,Finnish,team_lotus,21,15,1.0,,10.0,2,0,6,5.0,23.0
3734,1992,4.0,catalunya,False,0.0,True,1.0,False,fittipaldi,Brazilian,minardi,22,11,0.0,,0.0,0,,9,5.099999999999994,21.0
3735,1992,4.0,catalunya,False,0.0,True,1.0,False,belmondo,French,march,23,12,0.0,0.0,0.0,0,0,0,5.299999999999997,29.0
3740,1992,4.0,catalunya,False,0.0,True,1.0,False,gachot,Belgian,larrousse,24,17,0.0,,18.0,0,,11,5.5,29.0
3742,1992,4.0,catalunya,False,0.0,True,,False,morbidelli,Italian,minardi,25,19,0.0,0.0,13.0,0,0,9,,24.0
,1992,4.0,catalunya,False,0.0,True,1.0,False,herbert,British,team_lotus,26,23,1.0,0.0,9.0,2,0,6,5.599999999999994,27.0
3750,1992,5.0,imola,True,0.0,False,0.0,False,mansell,British,williams,1,1,40.0,4.0,1.0,58,4,1,,38.0
3751,1992,5.0,imola,True,0.0,False,0.0,False,patrese,Italian,williams,2,2,18.0,0.0,2.0,58,4,1,1.1000000000000083,38.0
3752,1992,5.0,imola,True,,False,0.0,False,senna,Brazilian,mclaren,3,3,4.0,0.0,6.0,12,0,3,1.2999999999999972,32.0
,1992,5.0,imola,True,0.0,False,0.0,False,berger,Austrian,mclaren,4,17,8.0,0.0,4.0,12,0,3,1.6000000000000083,32.0
3772,1992,5.0,imola,True,0.0,False,0.0,False,michael_schumacher,German,benetton,5,23,17.0,0.0,3.0,17,0,2,1.9000000000000057,23.0
3753,1992,5.0,imola,True,,False,0.0,False,brundle,British,benetton,6,4,0.0,,0.0,17,0,,2.1000000000000085,32.0
3765,1992,5.0,imola,True,0.0,Auto%#,0.0,False,alesi,French,ferrari,Auto%#,16,7.0,0.0,,9,0,4,2.200000000000003,27.0
3773,1992,5.0,imola,True,0.0,False,0.0,False,capelli,Italian,ferrari,8,24,2.0,0.0,8.0,9,0,4,2.4000000000000057,28.0
3754,1992,5.0,imola,True,0.0,False,0.0,False,alboreto,Italian,footwork,9,5,3.0,0.0,7.0,3,0,5,2.9000000000000057,35.0
3768,1992,5.0,imola,True,0.0,False,0.0,False,boutsen,Belgian,ligier,10,19,0.0,0.0,19.0,0,0,9,3.200000000000003,34.0
3760,1992,5.0,imola,True,0.0,False,0.0,False,suzuki,Japanese,footwork,11,10,0.0,0.0,13.0,3,0,5,3.299999999999997,31.0
3761,1992,5.0,imola,True,0.0,False,0.0,False,wendlinger,Austrian,march,12,12,0.0,0.0,17.0,0,0,11,3.700000000000003,23.0
3759,1992,5.0,imola,True,0.0,,0.0,False,comas,French,ligier,13,9,0.0,0.0,14.0,0,0,9,,28.0
3763,,5.0,imola,True,0.0,False,0.0,False,cesaris,Italian,tyrrell,14,14,,,9.0,2,0,6,3.799999999999997,32.0
3755,1992,5.0,imola,True,0.0,False,0.0,False,martini,Italian,dallara,15,6,1.0,0.0,12.0,1,0,8,4.0,31.0
3756,1992,5.0,imola,True,0.0,False,0.0,False,gugelmin,Brazilian,jordan,16,7,,0.0,22.0,0,0,13,4.1000000000000085,29.0
3757,1992,5.0,imola,True,0.0,False,0.0,False,lehto,Finnish,dallara,16,11,0.0,0.0,16.0,1,0,8,4.1000000000000085,26.0
3764,1992,5.0,imola,True,,False,0.0,False,katayama,Japanese,larrousse,17,15,0.0,0.0,18.0,0,0,12,4.200000000000003,28.0
3767,1992,5.0,imola,True,0.0,False,0.0,False,gachot,Belgian,larrousse,19,18,0.0,0.0,21.0,0,0,12,4.400000000000006,29.0
3758,1992,5.0,imola,True,0.0,False,0.0,False,grouillard,,tyrrell,Auto%#,8,0.0,0.0,0.0,2,0,Auto%#,4.6000000000000085,33.0
3770,1992,5.0,imola,True,0.0,False,0.0,False,morbidelli,Italian,minardi,21,21,,0.0,15.0,0,,10,4.900000000000006,24.0
3771,1992,5.0,imola,True,0.0,False,0.0,False,tarquini,Italian,fondmetal,22,22,0.0,0.0,0.0,0,0,0,5.0,30.0
3769,1992,5.0,imola,True,0.0,False,0.0,Auto%#,modena,Italian,jordan,23,20,0.0,0.0,0.0,,0,13,,29.0
3762,1992,5.0,imola,True,0.0,False,0.0,False,belmondo,French,march,24,13,0.0,0.0,23.0,0,0,11,5.400000000000006,29.0
3774,1992,5.0,imola,True,0.0,False,0.0,False,fittipaldi,Brazilian,minardi,25,25,0.0,0.0,20.0,0,0,10,5.400000000000006,
3775,1992,5.0,imola,True,0.0,False,0.0,False,herbert,British,team_lotus,26,26,1.0,0.0,10.0,2,0,Auto%#,5.5,27.0
3777,1992,6.0,monaco,False,0.0,True,0.0,False,mansell,British,williams,1,2,50.0,5.0,1.0,74,5,1,0.0,38.0
3778,1992,6.0,monaco,False,0.0,True,0.0,False,patrese,Italian,williams,2,,24.0,0.0,2.0,74,5,1,,38.0
3776,1992,6.0,monaco,False,0.0,True,0.0,,senna,Brazilian,mclaren,3,1,8.0,0.0,4.0,16,0,3,1.0999999999999943,32.0
3791,1992,6.0,monaco,False,0.0,True,0.0,False,alesi,French,Auto%#,4,16,7.0,0.0,6.0,9,0,4,1.4000000000000057,27.0
3789,1992,6.0,monaco,False,0.0,True,0.0,False,berger,Austrian,mclaren,,14,8.0,0.0,5.0,16,0,3,1.7000000000000028,32.0
3779,1992,6.0,monaco,,0.0,True,0.0,False,michael_schumacher,,benetton,6,4,17.0,0.0,3.0,20,0,2,2.299999999999997,23.0
3780,1992,6.0,monaco,False,0.0,True,0.0,False,brundle,British,benetton,7,5,3.0,0.0,8.0,20,0,2,2.5999999999999943,32.0
3788,1992,6.0,monaco,False,0.0,True,0.0,False,capelli,Italian,ferrari,8,13,2.0,0.0,9.0,9,0,,2.5999999999999943,29.0
3793,1992,6.0,monaco,False,,Auto%#,0.0,False,herbert,British,team_lotus,9,18,1.0,0.0,12.0,2,0,7,3.0999999999999943,27.0
3795,1992,6.0,monaco,False,0.0,True,,,cesaris,Italian,tyrrell,10,20,2.0,0.0,10.0,2,0,Auto%#,3.0999999999999943,33.0
3782,1992,6.0,monaco,False,0.0,True,0.0,False,alboreto,,,11,7,5.0,0.0,7.0,5,0,5,3.200000000000003,35.0
,1992,6.0,monaco,False,0.0,True,0.0,,morbidelli,Italian,minardi,12,25,0.0,0.0,17.0,0,0,11,3.200000000000003,24.0
3792,,6.0,monaco,False,0.0,True,0.0,False,gugelmin,Brazilian,jordan,13,17,0.0,0.0,16.0,0,0,10,3.4000000000000057,29.0
3790,1992,6.0,monaco,False,0.0,True,0.0,False,,Finnish,team_lotus,14,15,1.0,0.0,13.0,2,0,7,3.4000000000000057,23.0
3781,1992,6.0,monaco,False,0.0,True,0.0,False,gachot,Belgian,larrousse,15,6,0.0,0.0,24.0,0,0,13,3.5999999999999943,29.0
3799,1992,6.0,monaco,False,0.0,True,0.0,False,wendlinger,Austrian,march,16,24,0.0,0.0,19.0,0,0,12,3.799999999999997,23.0
3783,1992,6.0,monaco,False,0.0,True,0.0,,fittipaldi,Brazilian,minardi,17,8,0.0,0.0,23.0,0,0,,4.0,21.0
3801,1992,6.0,monaco,False,0.0,True,0.0,False,martini,Italian,dallara,18,26,2.0,0.0,11.0,2,0,8,4.0,31.0
3786,1992,6.0,monaco,False,0.0,True,0.0,False,suzuki,Japanese,footwork,19,11,0.0,0.0,14.0,5,0,5,4.099999999999994,31.0
3784,1992,6.0,monaco,False,0.0,True,0.0,False,lehto,Finnish,dallara,20,9,0.0,0.0,18.0,2,0,8,4.400000000000006,26.0
3797,1992,6.0,monaco,False,0.0,True,0.0,False,modena,Italian,jordan,21,22,0.0,0.0,0.0,0,0,10,4.400000000000006,29.0
3787,1992,6.0,monaco,False,0.0,True,0.0,False,boutsen,Belgian,ligier,22,12,0.0,0.0,22.0,0,0,9,4.400000000000006,
3785,1992,6.0,monaco,False,0.0,,0.0,False,comas,French,ligier,23,10,0.0,0.0,15.0,,0,9,4.5,28.0
3798,1992,6.0,monaco,False,0.0,True,0.0,False,grouillard,French,tyrrell,24,23,0.0,0.0,20.0,2,,6,4.5,33.0
,1992,6.0,monaco,False,0.0,True,0.0,False,tarquini,Italian,fondmetal,25,21,0.0,0.0,0.0,0,0,0,5.0,30.0
3794,1992,6.0,monaco,False,0.0,True,0.0,False,moreno,Brazilian,moda,26,19,0.0,0.0,0.0,0,0,0,5.400000000000006,33.0
,1992,7.0,,False,0.0,,0.0,False,senna,,mclaren,1,18,18.0,1.0,4.0,26,,2,0.0,32.0
3818,1992,7.0,villeneuve,False,0.0,True,0.0,False,patrese,Italian,williams,2,17,28.0,0.0,2.0,84,5,,0.1000000000000085,38.0
3824,1992,7.0,villeneuve,False,0.0,True,0.0,False,mansell,British,williams,3,23,56.0,5.0,1.0,84,5,1,0.1000000000000085,38.0
3802,1992,7.0,villeneuve,False,0.0,True,0.0,False,berger,Austrian,mclaren,4,,8.0,0.0,5.0,26,1,2,0.2999999999999971,
3803,,,villeneuve,False,0.0,True,0.0,False,michael_schumacher,German,benetton,5,2,20.0,0.0,3.0,25,0,3,0.7000000000000028,23.0
3822,1992,7.0,villeneuve,False,0.0,True,0.0,False,herbert,British,team_lotus,6,21,1.0,0.0,12.0,2,0,7,,27.0
3817,,7.0,villeneuve,False,0.0,True,0.0,False,brundle,British,benetton,7,16,5.0,0.0,7.0,25,0,3,1.9000000000000057,33.0
3804,1992,7.0,villeneuve,False,0.0,True,0.0,False,alesi,French,ferrari,8,3,7.0,0.0,6.0,9,0,4,2.0,28.0
3823,1992,7.0,villeneuve,False,0.0,True,0.0,False,capelli,Italian,ferrari,Auto%#,22,2.0,0.0,9.0,9,0,4,2.5,29.0
3821,1992,7.0,villeneuve,False,0.0,True,0.0,False,hakkinen,Finnish,team_lotus,10,20,1.0,0.0,13.0,2,,7,2.6000000000000085,23.0
3816,1992,7.0,villeneuve,False,0.0,True,0.0,False,katayama,Japanese,larrousse,11,15,0.0,0.0,23.0,1,0,9,2.700000000000003,29.0
3805,1992,7.0,villeneuve,False,0.0,True,0.0,False,wendlinger,Austrian,march,12,4,0.0,0.0,21.0,0,0,13,2.799999999999997,23.0
3812,1992,7.0,villeneuve,False,0.0,True,0.0,False,,Italian,minardi,13,11,0.0,0.0,18.0,0,0,10,2.799999999999997,24.0
3806,1992,7.0,,False,0.0,True,0.0,False,cesaris,Italian,tyrrell,14,5,2.0,0.0,10.0,2,0,6,2.799999999999997,33.0
3809,1992,7.0,villeneuve,False,0.0,True,0.0,False,martini,Italian,dallara,15,8,2.0,0.0,11.0,2,0,8,3.1000000000000085,31.0
3808,1992,7.0,villeneuve,False,0.0,True,0.0,False,alboreto,Italian,footwork,16,7,5.0,0.0,8.0,5,0,5,3.1000000000000085,35.0
3820,1992,7.0,villeneuve,False,0.0,True,0.0,False,modena,Italian,jordan,17,19,0.0,0.0,0.0,0,0,12,3.200000000000003,29.0
3827,1992,7.0,Auto%#,False,0.0,True,0.0,False,tarquini,Italian,,18,26,0.0,0.0,0.0,0,0,0,3.299999999999997,30.0
3826,1992,7.0,villeneuve,False,0.0,True,0.0,False,gachot,Belgian,larrousse,19,25,1.0,0.0,14.0,1,0,9,3.299999999999997,29.0
3815,1992,7.0,villeneuve,False,0.0,True,0.0,False,belmondo,Auto%#,march,20,,0.0,0.0,25.0,0,0,13,3.4000000000000057,29.0
3811,1992,7.0,villeneuve,False,0.0,True,0.0,False,boutsen,Belgian,ligier,21,10,0.0,0.0,24.0,0,0,11,3.4000000000000057,34.0
3807,1992,7.0,villeneuve,False,0.0,True,0.0,False,comas,French,ligier,22,6,0.0,0.0,16.0,0,0,11,3.4000000000000057,28.0
3810,1992,7.0,villeneuve,False,0.0,True,0.0,False,lehto,Finnish,dallara,23,,0.0,0.0,19.0,2,0,8,3.4000000000000057,26.0
,1992,7.0,villeneuve,False,0.0,True,0.0,False,gugelmin,Auto%#,jordan,24,24,0.0,,17.0,0,,12,3.6000000000000085,29.0
3814,1992,7.0,villeneuve,False,0.0,True,0.0,False,fittipaldi,Brazilian,minardi,,13,0.0,0.0,20.0,0,0,10,3.6000000000000085,21.0
3813,1992,7.0,,False,,True,0.0,False,grouillard,French,tyrrell,26,12,0.0,0.0,22.0,2,0,6,3.700000000000003,33.0
3828,1992,8.0,magny_cours,False,0.0,False,0.0,False,mansell,British,williams,1,1,56.0,5.0,1.0,84,5,1,0.0,38.0
3829,1992,8.0,magny_cours,False,0.0,False,0.0,False,patrese,Italian,williams,2,2,,0.0,2.0,84,5,1,0.3999999999999915,38.0
3850,1992,8.0,magny_cours,False,0.0,False,,False,senna,Brazilian,mclaren,3,23,18.0,1.0,4.0,36,2,2,1.2999999999999972,32.0
3848,1992,8.0,magny_cours,False,0.0,False,0.0,False,berger,Austrian,mclaren,4,21,18.0,1.0,5.0,36,,,1.3999999999999917,32.0
3847,1992,8.0,magny_cours,False,0.0,False,0.0,False,michael_schumacher,German,benetton,5,20,26.0,0.0,3.0,31,0,3,1.6999999999999886,23.0
3839,1992,8.0,magny_cours,False,0.0,False,0.0,False,alesi,French,ferrari,6,12,11.0,0.0,6.0,13,0,Auto%#,2.1999999999999886,28.0
3830,1992,8.0,magny_cours,False,0.0,False,0.0,False,brundle,British,benetton,7,3,5.0,0.0,7.0,31,0,,2.299999999999997,33.0
,1992,8.0,magny_cours,False,0.0,False,0.0,False,capelli,Italian,ferrari,8,16,2.0,0.0,11.0,13,0,4,2.5,29.0
3842,1992,8.0,magny_cours,False,0.0,False,0.0,False,boutsen,Belgian,ligier,9,15,0.0,0.0,24.0,1,0,10,2.8999999999999915,34.0
3832,1992,8.0,magny_cours,False,0.0,False,0.0,False,comas,French,,10,5,1.0,0.0,13.0,1,0,10,3.0,28.0
3831,1992,8.0,magny_cours,False,0.0,False,0.0,False,hakkinen,Finnish,team_lotus,11,4,1.0,0.0,15.0,2,0,8,3.0999999999999943,23.0
3833,1992,8.0,Auto%#,False,0.0,False,0.0,False,herbert,British,team_lotus,,6,1.0,0.0,14.0,2,0,8,,28.0
3851,1992,8.0,magny_cours,False,0.0,False,0.0,False,gachot,Belgian,larrousse,13,24,1.0,0.0,16.0,1,0,11,3.5,29.0
3834,1992,8.0,magny_cours,False,0.0,False,0.0,False,alboreto,,footwork,14,7,5.0,0.0,8.0,5,0,5,3.5999999999999943,35.0
3846,1992,8.0,magny_cours,False,0.0,False,0.0,False,suzuki,Japanese,footwork,,19,0.0,0.0,17.0,5,0,5,3.5999999999999943,31.0
3835,1992,8.0,magny_cours,False,0.0,False,0.0,False,morbidelli,Italian,minardi,16,8,0.0,0.0,19.0,0,0,12,3.799999999999997,24.0
3836,1992,8.0,magny_cours,False,0.0,False,0.0,False,lehto,Finnish,dallara,,9,0.0,0.0,20.0,2,0,9,3.799999999999997,26.0
3841,,8.0,magny_cours,False,0.0,False,0.0,False,katayama,Japanese,larrousse,,14,0.0,0.0,23.0,1,0,11,3.799999999999997,29.0
3840,,8.0,magny_cours,False,0.0,False,0.0,False,cesaris,Italian,tyrrell,19,13,4.0,0.0,9.0,4,0,6,4.0,33.0
3845,1992,8.0,magny_cours,False,0.0,False,0.0,,modena,Italian,jordan,20,18,0.0,0.0,0.0,0,0,13,4.0,29.0
3844,1992,8.0,magny_cours,False,0.0,False,0.0,False,wendlinger,Austrian,march,21,17,3.0,0.0,,3,0,7,4.0,23.0
3838,1992,8.0,magny_cours,False,0.0,False,0.0,False,grouillard,Auto%#,tyrrell,22,11,0.0,0.0,,4,0,6,4.099999999999994,33.0
3849,1992,8.0,magny_cours,False,0.0,False,0.0,False,tarquini,Italian,fondmetal,23,22,0.0,0.0,0.0,0,0,0,4.099999999999994,30.0
3852,1992,8.0,magny_cours,False,0.0,False,0.0,False,gugelmin,Brazilian,jordan,24,25,0.0,0.0,18.0,0,0,13,4.399999999999992,29.0
3837,1992,8.0,magny_cours,False,0.0,False,0.0,,martini,Italian,dallara,25,10,2.0,0.0,12.0,2,0,9,4.699999999999989,31.0
3853,,8.0,magny_cours,False,0.0,False,0.0,False,chiesa,Swiss,fondmetal,26,26,0.0,0.0,0.0,0,0,0,4.799999999999997,28.0
3854,1992,9.0,silverstone,False,0.0,True,0.0,False,mansell,British,williams,1,1,66.0,6.0,1.0,100,6,1,0.0,38.0
3855,1992,9.0,silverstone,False,0.0,True,0.0,False,patrese,Italian,williams,2,2,34.0,0.0,2.0,100,6,1,1.9000000000000057,38.0
3871,1992,9.0,silverstone,False,0.0,True,0.0,False,senna,,mclaren,3,18,18.0,1.0,4.0,36,2,2,2.700000000000003,32.0
3857,1992,,silverstone,False,0.0,True,0.0,False,michael_schumacher,German,benetton,4,4,26.0,0.0,3.0,35,0,3,3.0999999999999943,23.0
3858,1992,9.0,silverstone,False,,True,0.0,False,berger,Austrian,mclaren,,5,18.0,1.0,5.0,36,2,2,3.299999999999997,32.0
3856,1992,9.0,silverstone,False,0.0,True,0.0,False,brundle,British,benetton,6,3,9.0,0.0,7.0,35,0,3,4.5,33.0
3877,1992,9.0,silverstone,False,0.0,True,0.0,False,herbert,British,team_lotus,7,24,2.0,0.0,14.0,6,0,5,4.599999999999994,28.0
3873,1992,9.0,silverstone,False,0.0,True,0.0,False,alesi,French,ferrari,8,20,11.0,0.0,6.0,13,0,4,4.700000000000003,28.0
3859,1992,9.0,silverstone,False,0.0,True,0.0,False,hakkinen,Finnish,team_lotus,9,6,4.0,0.0,9.0,6,0,5,4.799999999999997,23.0
3861,1992,9.0,silverstone,False,0.0,True,0.0,False,comas,French,ligier,10,8,3.0,0.0,12.0,,0,9,5.0,28.0
3876,1992,9.0,silverstone,False,0.0,True,0.0,False,gachot,Belgian,larrousse,11,23,1.0,0.0,16.0,1,0,11,5.099999999999994,29.0
3860,,9.0,silverstone,False,0.0,True,0.0,False,alboreto,Italian,footwork,12,7,5.0,0.0,8.0,5,0,6,5.200000000000003,35.0
3863,1992,9.0,silverstone,False,0.0,True,0.0,False,boutsen,Belgian,ligier,13,10,0.0,0.0,24.0,3,0,9,5.5,34.0
3862,1992,9.0,silverstone,False,0.0,True,0.0,False,capelli,Italian,ferrari,14,9,2.0,0.0,13.0,13,0,,5.599999999999994,29.0
3867,1992,9.0,silverstone,False,0.0,True,0.0,False,tarquini,Italian,fondmetal,15,14,0.0,0.0,0.0,0,0,0,5.799999999999997,30.0
3879,1992,9.0,silverstone,False,0.0,True,0.0,False,katayama,Japanese,larrousse,16,26,0.0,0.0,23.0,1,0,11,5.900000000000006,29.0
3865,1992,9.0,silverstone,False,0.0,True,,False,suzuki,Japanese,footwork,17,12,0.0,0.0,17.0,5,0,6,5.900000000000006,31.0
3872,1992,9.0,silverstone,False,0.0,True,0.0,False,cesaris,Italian,tyrrell,18,19,4.0,0.0,10.0,4,,7,6.0,33.0
3866,1992,9.0,silverstone,False,0.0,True,0.0,False,lehto,Finnish,dallara,19,13,0.0,0.0,20.0,2,0,10,6.0,26.0
3864,1992,9.0,silverstone,False,,True,0.0,False,grouillard,French,tyrrell,20,11,0.0,0.0,21.0,4,0,7,6.099999999999994,33.0
3878,1992,9.0,silverstone,False,0.0,True,0.0,False,wendlinger,Austrian,march,Auto%#,25,,0.0,11.0,3,0,8,6.099999999999994,23.0
3868,1992,9.0,silverstone,False,0.0,True,0.0,False,martini,Italian,,22,15,2.0,0.0,15.0,2,0,,6.200000000000003,31.0
3874,1992,9.0,silverstone,False,0.0,True,0.0,False,modena,Italian,jordan,23,21,0.0,0.0,0.0,0,0,13,6.400000000000006,29.0
3875,1992,9.0,silverstone,False,0.0,True,0.0,False,gugelmin,Brazilian,jordan,24,22,0.0,0.0,19.0,0,0,13,7.0,29.0
3870,1992,9.0,silverstone,False,0.0,True,0.0,False,morbidelli,Italian,minardi,25,17,0.0,0.0,18.0,0,0,12,7.0,24.0
,1992,9.0,silverstone,False,0.0,True,0.0,False,damon_hill,British,brabham,26,16,0.0,0.0,0.0,0,0,14,7.400000000000006,31.0
3880,1992,10.0,hockenheimring,False,0.0,True,0.0,False,mansell,British,williams,1,1,76.0,7.0,1.0,116,7,1,0.0,
3887,1992,10.0,hockenheimring,False,0.0,True,0.0,False,patrese,Italian,williams,2,8,40.0,0.0,2.0,116,7,1,0.2999999999999971,38.0
3881,1992,10.0,hockenheimring,False,0.0,True,0.0,False,senna,Brazilian,mclaren,3,2,18.0,1.0,5.0,38,2,3,1.0999999999999943,32.0
3901,1992,10.0,hockenheimring,False,0.0,True,0.0,False,berger,Austrian,mclaren,4,22,20.0,1.0,4.0,38,2,3,1.7000000000000028,32.0
3884,1992,10.0,hockenheimring,False,0.0,Auto%#,0.0,False,alesi,French,ferrari,5,5,11.0,0.0,7.0,13,0,4,3.0,28.0
3882,1992,10.0,hockenheimring,False,0.0,True,0.0,False,michael_schumacher,German,benetton,6,3,29.0,0.0,3.0,42,0,2,3.0999999999999943,23.0
3885,1992,10.0,hockenheimring,False,,True,0.0,False,comas,French,ligier,7,6,3.0,0.0,12.0,3,0,9,3.9000000000000057,28.0
3886,1992,10.0,hockenheimring,False,0.0,True,0.0,Auto%#,,Belgian,ligier,8,7,0.0,0.0,24.0,3,0,9,4.099999999999994,
3883,1992,10.0,hockenheimring,False,0.0,True,0.0,False,brundle,British,benetton,9,4,13.0,0.0,6.0,42,0,2,4.099999999999994,33.0
3895,1992,10.0,hockenheimring,False,0.0,True,0.0,False,wendlinger,Austrian,march,10,Auto%#,3.0,0.0,11.0,3,0,8,4.400000000000006,23.0
3898,1992,10.0,hockenheimring,False,0.0,True,0.0,False,herbert,British,team_lotus,11,19,2.0,0.0,14.0,7,0,5,4.599999999999994,28.0
3899,1992,10.0,hockenheimring,False,0.0,True,0.0,False,capelli,Italian,ferrari,12,20,2.0,0.0,13.0,13,0,4,4.700000000000003,29.0
3900,,10.0,hockenheimring,False,0.0,True,0.0,False,hakkinen,Finnish,team_lotus,13,21,5.0,0.0,8.0,7,0,5,4.700000000000003,23.0
3902,1992,10.0,hockenheimring,False,0.0,True,0.0,False,,French,tyrrell,14,23,0.0,0.0,21.0,4,0,7,4.799999999999997,33.0
3904,1992,10.0,hockenheimring,False,0.0,True,0.0,False,suzuki,Japanese,footwork,15,25,0.0,0.0,17.0,5,0,6,4.799999999999997,31.0
3903,1992,10.0,hockenheimring,False,0.0,True,0.0,False,katayama,Japanese,larrousse,16,24,0.0,0.0,23.0,1,0,Auto%#,5.099999999999994,29.0
3888,1992,10.0,hockenheimring,False,0.0,True,0.0,False,alboreto,Italian,footwork,17,9,5.0,0.0,9.0,5,0,6,5.200000000000003,35.0
3890,1992,10.0,hockenheimring,False,0.0,True,0.0,Auto%#,martini,Italian,dallara,18,11,2.0,0.0,15.0,2,0,10,5.599999999999994,31.0
3896,1992,10.0,hockenheimring,False,0.0,True,0.0,False,tarquini,Italian,fondmetal,19,17,0.0,0.0,27.0,0,0,15,5.799999999999997,30.0
3897,1992,10.0,Auto%#,False,0.0,True,0.0,False,cesaris,Italian,tyrrell,20,18,4.0,0.0,10.0,4,0,7,5.799999999999997,33.0
3889,1992,10.0,hockenheimring,False,,True,0.0,False,lehto,Finnish,dallara,21,10,0.0,0.0,20.0,2,0,,5.900000000000006,26.0
3892,1992,10.0,hockenheimring,False,0.0,True,0.0,False,belmondo,French,march,22,13,0.0,0.0,25.0,3,0,8,6.099999999999994,29.0
,1992,,hockenheimring,False,0.0,True,0.0,False,gugelmin,Brazilian,jordan,23,15,0.0,,19.0,0,0,13,6.5,29.0
3905,1992,10.0,hockenheimring,False,0.0,True,0.0,False,zanardi,Italian,minardi,24,26,0.0,,0.0,0,0,12,6.599999999999994,25.0
3893,1992,10.0,hockenheimring,False,0.0,True,0.0,False,gachot,Belgian,larrousse,25,14,1.0,0.0,16.0,1,0,11,6.599999999999994,29.0
3891,1992,10.0,hockenheimring,False,,True,0.0,Auto%#,morbidelli,Italian,minardi,26,12,0.0,0.0,18.0,0,,12,6.799999999999997,24.0
3918,1992,11.0,hungaroring,False,0.0,True,0.0,False,patrese,Italian,williams,1,13,40.0,,2.0,126,8,1,0.0,38.0
3907,1992,11.0,hungaroring,False,0.0,True,0.0,False,mansell,British,williams,2,2,86.0,8.0,1.0,126,8,,0.0999999999999943,39.0
3906,1992,11.0,hungaroring,False,0.0,True,0.0,False,senna,Brazilian,mclaren,3,1,24.0,1.0,4.0,44,2,3,0.7999999999999972,32.0
3917,1992,11.0,hungaroring,False,0.0,True,0.0,False,michael_schumacher,German,benetton,4,12,33.0,0.0,3.0,49,0,2,1.0,23.0
3908,1992,11.0,hungaroring,False,0.0,True,0.0,False,berger,Austrian,mclaren,,3,20.0,1.0,5.0,44,2,3,1.7999999999999972,32.0
3910,1992,11.0,hungaroring,False,0.0,True,0.0,False,brundle,British,benetton,6,5,16.0,0.0,6.0,49,0,2,2.5999999999999943,33.0
3912,1992,11.0,hungaroring,False,0.0,True,0.0,False,alboreto,,footwork,7,7,5.0,0.0,9.0,5,0,6,3.0999999999999943,35.0
3928,1992,11.0,hungaroring,False,0.0,True,0.0,False,boutsen,Belgian,ligier,8,23,0.0,0.0,19.0,4,0,Auto%#,3.0999999999999943,35.0
3921,1992,11.0,hungaroring,False,0.0,True,0.0,False,alesi,French,ferrari,9,16,13.0,0.0,7.0,15,0,,3.200000000000003,28.0
3911,1992,11.0,hungaroring,False,0.0,True,0.0,False,capelli,Italian,ferrari,10,6,2.0,0.0,13.0,15,0,4,3.299999999999997,29.0
3929,1992,11.0,hungaroring,False,0.0,True,0.0,False,comas,French,ligier,11,24,4.0,0.0,11.0,4,0,8,3.4000000000000057,28.0
3930,1992,11.0,hungaroring,False,0.0,True,0.0,False,tarquini,Italian,fondmetal,12,25,0.0,0.0,27.0,0,0,15,3.5999999999999943,30.0
3931,1992,11.0,hungaroring,False,0.0,True,0.0,False,herbert,British,team_lotus,13,26,2.0,0.0,14.0,7,0,5,3.5999999999999943,28.0
3923,1992,11.0,hungaroring,False,0.0,Auto%#,0.0,False,suzuki,Japanese,footwork,14,18,0.0,0.0,17.0,5,0,6,3.700000000000003,31.0
3922,1992,11.0,hungaroring,False,0.0,True,0.0,False,gachot,Belgian,larrousse,15,17,1.0,0.0,16.0,1,0,11,3.9000000000000057,29.0
3909,1992,11.0,hungaroring,,0.0,True,0.0,False,hakkinen,Finnish,team_lotus,16,4,5.0,0.0,8.0,7,0,5,4.099999999999994,23.0
3914,1992,11.0,hungaroring,False,0.0,True,0.0,False,belmondo,French,Auto%#,17,9,0.0,0.0,25.0,3,0,9,4.099999999999994,29.0
3927,1992,11.0,hungaroring,False,0.0,True,0.0,False,poele,Belgian,fondmetal,,22,0.0,0.0,26.0,0,0,15,4.299999999999997,30.0
3913,1992,11.0,hungaroring,False,0.0,True,0.0,False,cesaris,Italian,tyrrell,19,8,4.0,0.0,10.0,,0,7,4.400000000000006,33.0
3920,1992,11.0,hungaroring,False,0.0,True,0.0,False,katayama,Auto%#,larrousse,20,15,0.0,0.0,,1,0,11,4.5,29.0
3915,1992,11.0,hungaroring,False,0.0,True,0.0,False,gugelmin,Brazilian,jordan,21,10,0.0,0.0,20.0,0,0,13,4.5,29.0
3924,1992,11.0,hungaroring,False,0.0,True,0.0,False,grouillard,French,tyrrell,22,19,0.0,0.0,22.0,4,0,7,4.599999999999994,33.0
3925,1992,11.0,hungaroring,False,0.0,True,0.0,False,wendlinger,Austrian,march,23,20,3.0,0.0,12.0,3,0,9,4.799999999999997,23.0
3926,1992,11.0,hungaroring,False,0.0,True,0.0,False,modena,Italian,jordan,24,21,0.0,0.0,0.0,0,0,13,5.200000000000003,29.0
3916,1992,11.0,hungaroring,False,0.0,True,0.0,False,damon_hill,British,brabham,25,11,0.0,0.0,28.0,0,0,14,5.299999999999997,31.0
3919,1992,11.0,hungaroring,False,0.0,True,0.0,False,martini,Italian,dallara,26,14,2.0,0.0,15.0,2,0,10,5.5,31.0
3933,,12.0,spa,False,0.0,False,1.0,False,mansell,British,williams,1,2,92.0,8.0,1.0,132,8,1,0.0,39.0
3936,1992,12.0,spa,False,0.0,False,1.0,Auto%#,senna,Brazilian,mclaren,2,5,34.0,2.0,3.0,58,3,2,2.200000000000003,32.0
3932,1992,12.0,spa,False,0.0,False,1.0,,,German,benetton,3,1,33.0,0.0,4.0,51,0,3,2.700000000000003,23.0
3934,1992,12.0,spa,False,0.0,False,1.0,False,patrese,Italian,williams,4,,40.0,0.0,2.0,132,8,1,3.0999999999999943,38.0
3954,,12.0,spa,False,0.0,False,1.0,False,alesi,French,ferrari,5,23,,0.0,7.0,16,0,4,,28.0
3956,1992,12.0,spa,False,0.0,False,1.0,False,berger,Austrian,mclaren,6,25,24.0,1.0,5.0,58,3,2,4.099999999999994,33.0
3950,1992,12.0,spa,False,0.0,False,1.0,False,boutsen,Belgian,ligier,7,19,0.0,0.0,19.0,4,0,8,4.200000000000003,35.0
3937,1992,12.0,spa,False,0.0,False,1.0,False,hakkinen,Finnish,team_lotus,8,6,8.0,0.0,8.0,10,0,5,4.299999999999997,23.0
3935,1992,12.0,spa,,,False,1.0,False,brundle,Auto%#,benetton,9,4,18.0,0.0,,51,0,3,4.5,33.0
3944,,12.0,spa,False,0.0,False,1.0,False,herbert,British,team_lotus,10,13,2.0,0.0,14.0,10,0,5,4.5,28.0
3952,1992,12.0,spa,False,0.0,False,1.0,False,tarquini,Italian,fondmetal,,,0.0,0.0,28.0,0,0,15,5.5,30.0
3951,1992,12.0,spa,False,0.0,False,,False,capelli,Italian,ferrari,12,20,3.0,0.0,13.0,16,0,4,5.599999999999994,29.0
3939,1992,12.0,spa,False,0.0,False,1.0,False,cesaris,Italian,tyrrell,13,8,4.0,0.0,10.0,4,0,7,5.599999999999994,33.0
,1992,12.0,,False,0.0,,1.0,False,alboreto,Italian,footwork,14,22,5.0,0.0,9.0,5,0,6,5.799999999999997,35.0
3941,1992,12.0,spa,False,0.0,False,1.0,False,poele,Belgian,fondmetal,15,10,0.0,0.0,27.0,0,0,15,6.200000000000003,30.0
3938,1992,12.0,spa,False,0.0,False,1.0,False,lehto,Auto%#,dallara,16,7,0.0,0.0,21.0,2,0,10,6.299999999999997,26.0
3946,1992,12.0,spa,False,0.0,False,1.0,False,modena,Italian,jordan,17,15,0.0,0.0,0.0,0,0,13,6.400000000000006,29.0
3942,1992,12.0,spa,False,0.0,,1.0,False,wendlinger,Austrian,march,18,11,3.0,0.0,12.0,3,0,9,6.5,23.0
3957,1992,12.0,spa,False,0.0,False,1.0,False,martini,Italian,dallara,,26,2.0,,15.0,2,0,10,6.799999999999997,31.0
3949,1992,12.0,spa,False,0.0,False,1.0,False,gachot,Belgian,larrousse,20,18,1.0,0.0,16.0,1,0,11,6.799999999999997,29.0
3943,1992,12.0,spa,False,0.0,False,1.0,False,naspetti,Italian,march,21,12,0.0,0.0,0.0,3,0,9,7.299999999999997,24.0
3955,1992,12.0,spa,False,0.0,False,1.0,False,,French,tyrrell,22,24,0.0,0.0,22.0,4,0,7,7.299999999999997,33.0
3947,1992,12.0,spa,False,0.0,False,1.0,False,morbidelli,Italian,minardi,23,16,0.0,0.0,18.0,0,0,12,7.599999999999994,24.0
3945,1992,12.0,spa,False,0.0,False,1.0,False,gugelmin,Brazilian,jordan,24,14,0.0,0.0,20.0,0,0,13,8.0,29.0
3940,1992,12.0,spa,False,,False,1.0,False,suzuki,Japanese,footwork,25,9,0.0,0.0,17.0,5,0,Auto%#,8.299999999999997,31.0
3948,1992,12.0,spa,False,0.0,False,1.0,False,katayama,Japanese,larrousse,26,17,0.0,0.0,24.0,1,0,11,8.900000000000006,29.0
3970,1992,13.0,monza,True,,False,,False,mansell,British,williams,1,13,98.0,8.0,1.0,142,8,1,0.0,39.0
3958,1992,13.0,monza,True,0.0,False,0.0,False,senna,Brazilian,mclaren,2,1,36.0,2.0,4.0,60,3,3,0.5999999999999943,32.0
3977,1992,13.0,monza,True,0.0,False,0.0,False,alesi,Auto%#,ferrari,3,20,13.0,0.0,7.0,16,0,4,0.7999999999999972,28.0
3962,1992,13.0,monza,True,0.0,False,0.0,False,patrese,Italian,williams,4,5,44.0,0.0,2.0,142,8,1,0.7999999999999972,38.0
3961,1992,13.0,Auto%#,True,,False,0.0,False,berger,Austrian,mclaren,5,4,24.0,1.0,5.0,60,3,3,0.8999999999999915,33.0
3960,1992,13.0,monza,True,0.0,False,,False,michael_schumacher,German,benetton,6,3,43.0,1.0,3.0,64,1,2,1.3999999999999917,23.0
3978,1992,13.0,monza,True,0.0,False,0.0,False,capelli,Italian,ferrari,7,21,3.0,0.0,13.0,16,0,4,2.0999999999999943,29.0
3971,1992,13.0,monza,True,0.0,False,0.0,False,boutsen,Belgian,ligier,8,14,0.0,0.0,20.0,4,0,8,2.200000000000003,35.0
3959,1992,13.0,monza,True,0.0,False,0.0,False,brundle,British,benetton,9,2,21.0,0.0,6.0,64,1,2,2.3999999999999915,33.0
3980,1992,13.0,monza,True,0.0,False,0.0,False,gachot,Auto%#,larrousse,,23,1.0,0.0,,,0,Auto%#,2.5,29.0
3981,1992,13.0,monza,True,0.0,False,0.0,False,hakkinen,Finnish,team_lotus,11,24,9.0,0.0,8.0,11,0,5,2.5999999999999943,23.0
3979,1992,13.0,monza,True,0.0,False,0.0,False,morbidelli,Italian,,12,22,0.0,0.0,19.0,0,0,12,2.700000000000003,24.0
3975,1992,13.0,monza,True,0.0,False,0.0,False,herbert,British,Auto%#,13,18,2.0,0.0,14.0,11,0,5,2.8999999999999915,28.0
3968,1992,13.0,monza,True,0.0,False,0.0,False,lehto,Finnish,dallara,14,11,0.0,0.0,17.0,2,0,Auto%#,2.8999999999999915,26.0
3972,1992,13.0,monza,,0.0,False,0.0,False,comas,French,ligier,15,Auto%#,4.0,0.0,11.0,4,0,8,3.0,28.0
3964,1992,13.0,monza,True,0.0,False,0.0,False,alboreto,Italian,footwork,16,7,5.0,0.0,9.0,5,0,6,3.0,35.0
3967,1992,13.0,monza,True,0.0,False,0.0,False,wendlinger,Austrian,march,17,10,3.0,0.0,12.0,3,0,9,3.0999999999999943,23.0
3974,1992,13.0,monza,True,0.0,False,0.0,False,grouillard,French,tyrrell,18,17,0.0,0.0,22.0,4,0,7,3.200000000000003,34.0
3982,1992,13.0,monza,True,0.0,False,0.0,False,suzuki,Japanese,footwork,19,25,0.0,0.0,18.0,5,0,6,3.200000000000003,32.0
3973,1992,13.0,monza,True,0.0,False,0.0,Auto%#,tarquini,Italian,fondmetal,20,16,0.0,0.0,29.0,0,0,14,3.200000000000003,30.0
3963,1992,13.0,monza,True,0.0,Auto%#,0.0,False,cesaris,Auto%#,tyrrell,21,6,4.0,0.0,10.0,4,0,7,3.200000000000003,33.0
3965,1992,13.0,monza,True,0.0,False,0.0,False,martini,Italian,dallara,22,8,2.0,0.0,15.0,2,0,10,3.299999999999997,31.0
,1992,13.0,monza,True,0.0,False,0.0,False,katayama,Japanese,larrousse,23,9,0.0,0.0,24.0,1,0,11,,29.0
3976,1992,13.0,monza,,0.0,,0.0,False,naspetti,Italian,march,24,19,0.0,0.0,28.0,3,0,9,4.099999999999994,
3983,1992,13.0,monza,True,0.0,False,0.0,False,poele,Belgian,fondmetal,25,26,0.0,0.0,26.0,0,0,14,4.200000000000003,30.0
3969,1992,13.0,monza,True,0.0,False,0.0,False,gugelmin,Brazilian,jordan,26,12,0.0,0.0,21.0,0,0,13,4.299999999999997,29.0
3984,1992,14.0,estoril,False,0.0,False,0.0,False,mansell,British,williams,1,1,98.0,8.0,1.0,144,8,1,0.0,39.0
4002,1992,14.0,estoril,False,0.0,False,0.0,False,,Italian,williams,2,19,46.0,0.0,4.0,144,8,1,,38.0
3986,1992,,estoril,False,0.0,False,0.0,False,senna,Brazilian,mclaren,3,3,46.0,3.0,3.0,73,4,Auto%#,1.2999999999999972,32.0
3985,1992,14.0,estoril,False,0.0,False,0.0,False,berger,Austrian,mclaren,4,2,27.0,1.0,5.0,73,4,3,2.0999999999999943,33.0
3990,1992,14.0,estoril,False,0.0,,0.0,False,michael_schumacher,German,benetton,5,7,47.0,1.0,2.0,74,1,2,2.4000000000000057,23.0
3987,1992,14.0,estoril,False,0.0,False,0.0,False,brundle,British,benetton,6,4,27.0,0.0,6.0,74,1,2,3.0999999999999943,33.0
3988,1992,14.0,estoril,False,0.0,False,0.0,False,hakkinen,Finnish,team_lotus,7,,9.0,0.0,8.0,11,0,5,3.200000000000003,23.0
3989,1992,14.0,estoril,False,0.0,False,0.0,False,alboreto,Italian,footwork,8,6,5.0,0.0,9.0,5,0,6,3.299999999999997,35.0
4009,1992,14.0,estoril,False,0.0,False,0.0,False,herbert,British,team_lotus,9,26,2.0,0.0,14.0,11,0,5,3.5999999999999943,28.0
4008,1992,14.0,estoril,False,0.0,False,0.0,False,alesi,French,ferrari,10,25,13.0,0.0,7.0,16,0,4,3.9000000000000057,28.0
3991,1992,14.0,estoril,False,0.0,False,0.0,False,boutsen,Belgian,ligier,11,8,0.0,0.0,20.0,4,,8,3.9000000000000057,35.0
3992,1992,14.0,estoril,False,0.0,False,0.0,False,cesaris,Italian,tyrrell,12,9,5.0,0.0,10.0,5,0,7,4.200000000000003,33.0
4006,1992,14.0,estoril,False,0.0,False,0.0,False,gachot,Belgian,larrousse,,23,1.0,0.0,16.0,1,0,11,4.299999999999997,29.0
4000,1992,14.0,estoril,False,0.0,False,0.0,False,comas,French,ligier,,17,4.0,0.0,11.0,4,0,8,4.299999999999997,
4005,1992,14.0,estoril,False,0.0,False,0.0,False,grouillard,French,,15,22,0.0,0.0,22.0,5,0,7,4.299999999999997,34.0
4004,1992,14.0,estoril,False,0.0,,0.0,False,capelli,Italian,ferrari,16,21,3.0,0.0,13.0,16,0,4,4.299999999999997,29.0
3993,1992,14.0,estoril,False,0.0,False,0.0,False,suzuki,Japanese,footwork,17,,0.0,0.0,18.0,5,0,6,4.400000000000006,32.0
3997,1992,14.0,estoril,False,0.0,False,0.0,False,morbidelli,Italian,minardi,18,14,0.0,0.0,19.0,0,0,12,4.400000000000006,24.0
3998,1992,14.0,estoril,False,0.0,False,0.0,False,lehto,Finnish,dallara,19,15,0.0,0.0,17.0,2,0,10,4.5,26.0
4007,1992,14.0,estoril,False,0.0,False,0.0,False,gugelmin,Brazilian,jordan,20,24,0.0,0.0,21.0,0,0,13,4.599999999999994,29.0
4003,1992,14.0,estoril,False,0.0,False,0.0,False,martini,Italian,dallara,21,20,2.0,0.0,15.0,2,0,10,4.700000000000003,31.0
3999,1992,14.0,estoril,False,0.0,False,0.0,False,wendlinger,Austrian,march,22,16,3.0,0.0,12.0,3,0,9,5.099999999999994,23.0
3994,1992,14.0,estoril,False,0.0,False,0.0,False,naspetti,Italian,march,23,11,0.0,0.0,28.0,3,0,9,5.099999999999994,24.0
3996,1992,14.0,estoril,False,0.0,False,0.0,False,modena,Italian,jordan,24,13,0.0,0.0,30.0,0,0,13,5.299999999999997,29.0
4001,1992,14.0,estoril,False,0.0,False,0.0,False,katayama,Japanese,larrousse,25,18,,0.0,24.0,1,0,11,5.599999999999994,29.0
3995,1992,14.0,estoril,False,0.0,False,,False,fittipaldi,Brazilian,minardi,26,12,0.0,0.0,23.0,0,0,12,5.599999999999994,
4025,1992,15.0,suzuka,False,0.0,False,0.0,True,mansell,British,williams,1,16,108.0,9.0,,154,9,1,0.0,39.0
4010,1992,15.0,suzuka,False,0.0,False,0.0,True,patrese,Italian,williams,2,1,46.0,0.0,4.0,154,9,1,0.7999999999999972,38.0
4035,1992,15.0,suzuka,False,0.0,False,0.0,True,senna,Brazilian,,3,26,50.0,3.0,2.0,83,,2,1.0,32.0
4011,1992,15.0,suzuka,False,0.0,False,0.0,True,berger,Austrian,mclaren,4,2,33.0,1.0,,83,4,2,2.8999999999999915,33.0
4032,1992,15.0,suzuka,False,0.0,False,0.0,True,michael_schumacher,German,benetton,5,23,47.0,1.0,3.0,77,1,3,3.5,
4031,1992,15.0,suzuka,False,0.0,False,0.0,True,herbert,British,team_lotus,6,22,2.0,0.0,14.0,13,0,5,3.5999999999999943,28.0
4026,1992,15.0,suzuka,False,0.0,False,0.0,True,hakkinen,Finnish,team_lotus,7,17,11.0,0.0,8.0,13,0,5,4.0,24.0
4028,1992,15.0,suzuka,False,0.0,False,0.0,True,comas,French,ligier,8,19,4.0,0.0,11.0,4,0,8,4.799999999999997,29.0
4013,1992,15.0,suzuka,False,0.0,False,0.0,True,cesaris,Italian,tyrrell,9,4,5.0,0.0,10.0,5,0,7,5.0,33.0
4034,1992,15.0,suzuka,False,0.0,False,0.0,True,boutsen,Belgian,ligier,10,25,0.0,0.0,19.0,4,0,8,5.0,35.0
4021,1992,15.0,suzuka,False,0.0,False,0.0,True,larini,Italian,ferrari,11,12,0.0,0.0,0.0,16,,4,5.099999999999994,28.0
4015,1992,15.0,suzuka,False,0.0,False,0.0,True,fittipaldi,Brazilian,minardi,12,6,0.0,0.0,23.0,0,0,12,5.199999999999989,21.0
4012,1992,15.0,suzuka,False,,False,0.0,True,brundle,British,benetton,13,3,30.0,0.0,6.0,77,1,3,5.199999999999989,33.0
4023,1992,15.0,suzuka,False,0.0,False,0.0,True,morbidelli,Italian,minardi,14,14,0.0,0.0,,0,0,12,5.199999999999989,24.0
4014,1992,15.0,suzuka,False,0.0,False,0.0,True,alesi,French,ferrari,15,5,13.0,0.0,7.0,16,0,4,5.399999999999992,28.0
4017,1992,15.0,suzuka,False,0.0,False,0.0,True,suzuki,Japanese,footwork,,8,0.0,0.0,18.0,6,0,6,5.599999999999994,32.0
4016,1992,15.0,suzuka,False,0.0,False,,True,modena,Italian,jordan,17,7,0.0,0.0,29.0,0,0,13,5.699999999999989,29.0
4027,1992,15.0,suzuka,False,0.0,False,0.0,True,gachot,Belgian,larrousse,18,18,1.0,0.0,16.0,,0,11,5.799999999999997,29.0
,1992,15.0,suzuka,False,0.0,False,0.0,True,martini,Italian,dallara,19,,2.0,0.0,15.0,2,0,10,5.899999999999992,31.0
4020,,15.0,suzuka,False,,False,0.0,True,katayama,Japanese,larrousse,Auto%#,11,0.0,0.0,24.0,1,0,11,6.099999999999994,29.0
4033,1992,15.0,suzuka,False,0.0,False,0.0,True,grouillard,French,tyrrell,21,24,0.0,0.0,22.0,5,0,7,6.5,34.0
4018,1992,15.0,suzuka,False,0.0,False,0.0,True,lehto,Finnish,dallara,22,9,0.0,0.0,17.0,2,0,10,6.599999999999994,26.0
4029,1992,15.0,suzuka,False,0.0,False,0.0,True,lammers,Dutch,march,23,20,0.0,0.0,0.0,3,0,9,6.699999999999989,36.0
4024,1992,15.0,suzuka,False,0.0,False,0.0,True,alboreto,Italian,footwork,24,15,6.0,0.0,9.0,6,0,6,6.699999999999989,35.0
4030,1992,15.0,suzuka,False,0.0,False,0.0,True,gugelmin,Brazilian,jordan,25,21,0.0,0.0,21.0,0,0,13,6.899999999999992,29.0
4022,1992,15.0,suzuka,False,0.0,False,0.0,True,naspetti,Italian,march,26,13,0.0,0.0,27.0,3,0,9,9.899999999999991,24.0
4055,1992,16.0,adelaide,False,0.0,False,0.0,True,mansell,British,williams,Auto%#,20,108.0,9.0,,164,10,1,0.0,39.0
4056,1992,16.0,adelaide,False,0.0,False,,True,senna,Brazilian,mclaren,2,21,50.0,3.0,3.0,89,4,2,0.5,32.0
4052,1992,16.0,adelaide,False,0.0,,0.0,True,patrese,Italian,williams,3,17,56.0,1.0,2.0,164,10,1,0.7000000000000028,38.0
4036,1992,16.0,adelaide,False,,False,0.0,True,berger,Austrian,mclaren,4,,39.0,1.0,5.0,89,4,2,1.3999999999999917,
4037,1992,16.0,adelaide,False,0.0,False,0.0,True,michael_schumacher,German,benetton,5,2,47.0,1.0,4.0,81,1,3,1.5,
4039,1992,16.0,adelaide,False,,False,0.0,,alesi,French,ferrari,6,4,15.0,0.0,7.0,18,0,4,2.3999999999999915,28.0
4054,1992,16.0,adelaide,False,0.0,False,0.0,True,cesaris,Italian,tyrrell,7,19,8.0,0.0,9.0,8,0,6,2.700000000000003,33.0
4038,1992,16.0,adelaide,False,,False,0.0,True,brundle,British,benetton,8,3,34.0,0.0,6.0,81,,3,2.8999999999999915,33.0
4058,1992,16.0,adelaide,False,0.0,False,0.0,True,comas,French,ligier,9,23,4.0,0.0,11.0,4,0,8,3.0,29.0
4042,1992,16.0,adelaide,False,0.0,False,0.0,True,hakkinen,Finnish,team_lotus,10,7,11.0,0.0,8.0,13,0,5,3.200000000000003,24.0
4059,1992,16.0,adelaide,False,0.0,False,0.0,True,alboreto,Italian,footwork,11,24,6.0,0.0,10.0,6,0,7,3.200000000000003,35.0
4048,1992,16.0,adelaide,False,0.0,False,0.0,True,herbert,British,team_lotus,12,13,2.0,0.0,14.0,13,0,5,3.200000000000003,28.0
4061,1992,16.0,adelaide,False,0.0,False,0.0,True,grouillard,French,tyrrell,13,26,0.0,0.0,24.0,8,0,6,3.299999999999997,34.0
4060,1992,16.0,adelaide,False,0.0,False,0.0,True,martini,Italian,Auto%#,14,25,2.0,0.0,15.0,2,0,10,3.299999999999997,31.0
4041,1992,16.0,adelaide,False,0.0,False,0.0,True,modena,Italian,jordan,15,6,0.0,0.0,23.0,0,0,13,3.5,29.0
4045,1992,16.0,adelaide,False,,False,0.0,True,morbidelli,Italian,minardi,16,Auto%#,0.0,0.0,21.0,1,0,11,3.5999999999999943,24.0
4044,1992,16.0,adelaide,False,0.0,False,0.0,,fittipaldi,Brazilian,minardi,17,9,1.0,0.0,16.0,1,0,11,3.700000000000003,21.0
4043,1992,16.0,adelaide,False,0.0,False,0.0,True,suzuki,Japanese,footwork,18,8,0.0,0.0,19.0,,0,7,3.700000000000003,32.0
4046,1992,16.0,adelaide,False,0.0,False,0.0,True,larini,Italian,ferrari,19,11,0.0,0.0,30.0,18,0,Auto%#,3.799999999999997,28.0
4057,1992,16.0,adelaide,False,0.0,False,0.0,,gugelmin,Brazilian,jordan,20,22,0.0,0.0,22.0,0,0,13,4.099999999999994,29.0
4051,1992,16.0,adelaide,False,0.0,False,,True,gachot,Belgian,larrousse,,16,,0.0,17.0,1,0,12,4.099999999999994,29.0
4040,1992,16.0,adelaide,False,0.0,False,0.0,True,boutsen,Belgian,ligier,22,5,0.0,0.0,20.0,4,0,8,4.299999999999997,35.0
4050,,16.0,adelaide,False,0.0,False,0.0,True,naspetti,Italian,march,23,15,0.0,0.0,28.0,3,0,9,4.399999999999992,24.0
4049,1992,16.0,adelaide,False,0.0,False,0.0,True,lehto,Finnish,dallara,24,14,0.0,0.0,18.0,2,0,10,4.899999999999992,26.0
4047,1992,16.0,adelaide,False,0.0,False,0.0,True,lammers,Dutch,Auto%#,25,12,0.0,,0.0,3,0,9,5.099999999999994,36.0
4053,1992,16.0,adelaide,False,0.0,False,0.0,True,katayama,Japanese,larrousse,26,18,0.0,0.0,25.0,,0,12,5.200000000000003,29.0
4062,1993,1.0,kyalami,True,0.0,False,0.0,False,prost,French,williams,1,1,0.0,0.0,0.0,0,0,0,0.0,38.0
4063,1993,1.0,kyalami,True,0.0,False,0.0,,senna,Brazilian,mclaren,2,2,0.0,,0.0,0,0,0,0.0999999999999943,32.0
4074,1993,1.0,kyalami,True,0.0,False,0.0,False,michael_schumacher,German,benetton,3,12,0.0,0.0,0.0,0,0,0,1.5999999999999943,24.0
4083,1993,1.0,kyalami,True,0.0,False,0.0,False,damon_hill,British,williams,4,21,0.0,0.0,0.0,0,,0,1.8999999999999917,32.0
4078,,1.0,kyalami,True,0.0,False,0.0,False,alesi,French,ferrari,5,16,0.0,0.0,0.0,0,0,0,2.5,28.0
4066,1993,1.0,kyalami,True,0.0,False,0.0,False,lehto,Finnish,sauber,6,5,0.0,0.0,0.0,0,0,0,3.0,27.0
4073,1993,1.0,,True,0.0,False,0.0,False,patrese,Italian,benetton,7,11,0.0,0.0,0.0,0,0,0,3.0,38.0
4064,1993,1.0,kyalami,True,0.0,False,0.0,,blundell,British,ligier,8,3,0.0,0.0,,,0,0,3.0,26.0
4085,1993,1.0,kyalami,True,0.0,False,0.0,False,andretti,American,mclaren,9,23,0.0,0.0,0.0,0,0,0,3.0999999999999943,30.0
4076,1993,1.0,kyalami,True,0.0,False,0.0,False,wendlinger,Austrian,sauber,10,14,0.0,0.0,0.0,,0,0,3.299999999999997,24.0
4079,1993,1.0,kyalami,True,0.0,False,0.0,False,alliot,French,larrousse,11,17,0.0,0.0,0.0,0,0,0,3.299999999999997,38.0
4069,1993,1.0,kyalami,True,0.0,False,0.0,False,brundle,British,ligier,12,8,0.0,0.0,0.0,0,0,0,3.3999999999999915,33.0
4065,1993,1.0,Auto%#,True,0.0,False,0.0,False,fittipaldi,Brazilian,minardi,13,4,0.0,0.0,0.0,0,0,0,3.5999999999999943,22.0
4077,1993,1.0,kyalami,True,0.0,False,0.0,False,barrichello,Brazilian,jordan,14,15,0.0,0.0,0.0,0,0,0,3.5999999999999943,
4067,1993,1.0,kyalami,True,0.0,False,0.0,False,berger,Austrian,ferrari,15,6,0.0,0.0,0.0,0,0,0,3.700000000000003,33.0
4084,1993,,kyalami,True,0.0,False,0.0,False,zanardi,Italian,team_lotus,16,22,0.0,0.0,0.0,0,0,0,,26.0
4075,1993,1.0,kyalami,True,0.0,False,0.0,False,herbert,British,team_lotus,17,13,0.0,0.0,0.0,0,0,0,3.799999999999997,28.0
4086,1993,1.0,kyalami,True,0.0,False,0.0,False,capelli,Italian,jordan,18,24,0.0,0.0,0.0,0,0,0,4.099999999999994,29.0
4072,1993,1.0,kyalami,True,0.0,False,0.0,False,comas,French,Auto%#,19,10,0.0,0.0,0.0,0,0,0,4.399999999999992,29.0
4081,1993,1.0,kyalami,True,0.0,False,0.0,False,suzuki,Japanese,footwork,20,19,0.0,0.0,0.0,0,0,0,,32.0
4070,1993,1.0,kyalami,True,,False,0.0,False,alboreto,Italian,lola,21,9,0.0,0.0,0.0,0,0,0,4.700000000000003,36.0
4071,1993,1.0,kyalami,True,,False,0.0,False,katayama,Japanese,tyrrell,21,25,0.0,0.0,0.0,0,0,0,4.700000000000003,29.0
4068,1993,1.0,kyalami,True,0.0,False,0.0,False,warwick,British,footwork,22,7,0.0,0.0,0.0,0,0,0,4.700000000000003,38.0
4087,1993,1.0,kyalami,True,0.0,False,0.0,False,cesaris,,tyrrell,23,Auto%#,0.0,0.0,0.0,0,0,0,5.0,33.0
4080,1993,1.0,Auto%#,True,0.0,False,0.0,False,barbazza,Italian,minardi,24,18,0.0,0.0,0.0,0,0,0,5.299999999999997,
4082,1993,1.0,kyalami,True,0.0,False,0.0,Auto%#,badoer,Italian,lola,26,20,0.0,0.0,0.0,0,0,0,9.0,22.0
4103,1993,2.0,interlagos,False,0.0,True,0.0,False,prost,French,williams,1,16,10.0,1.0,1.0,10,1,,0.0,38.0
4089,1993,2.0,interlagos,False,0.0,True,0.0,False,damon_hill,British,williams,2,2,0.0,0.0,0.0,10,1,1,1.0,32.0
4088,1993,2.0,interlagos,False,0.0,,0.0,False,senna,Brazilian,mclaren,3,1,6.0,0.0,2.0,6,0,2,1.7999999999999972,33.0
4090,1993,2.0,interlagos,False,0.0,True,0.0,False,michael_schumacher,German,benetton,4,3,0.0,0.0,0.0,0,0,0,1.8999999999999917,24.0
4109,1993,2.0,interlagos,False,0.0,True,0.0,False,andretti,American,mclaren,5,22,0.0,0.0,0.0,6,0,2,2.6999999999999886,30.0
4108,1993,2.0,interlagos,False,0.0,True,0.0,False,patrese,Italian,benetton,6,,0.0,0.0,0.0,0,0,0,3.0999999999999943,38.0
4101,1993,2.0,interlagos,False,0.0,True,0.0,False,lehto,Finnish,sauber,7,14,2.0,0.0,5.0,2,0,5,3.299999999999997,27.0
4100,1993,2.0,interlagos,False,0.0,True,0.0,False,wendlinger,Austrian,sauber,8,13,0.0,0.0,0.0,2,0,5,3.299999999999997,24.0
4095,1993,2.0,interlagos,False,0.0,True,0.0,False,alesi,French,ferrari,9,8,0.0,0.0,0.0,1,0,6,3.3999999999999915,28.0
4092,1993,2.0,interlagos,False,0.0,True,0.0,False,blundell,British,ligier,10,5,4.0,0.0,3.0,4,0,3,3.3999999999999915,26.0
4094,1993,2.0,interlagos,False,0.0,True,0.0,False,alliot,French,larrousse,11,7,0.0,0.0,0.0,0,0,0,3.3999999999999915,38.0
4091,1993,2.0,interlagos,False,0.0,True,0.0,False,herbert,British,,12,4,0.0,0.0,0.0,0,0,0,,28.0
4110,1993,2.0,interlagos,False,0.0,True,0.0,False,berger,Austrian,ferrari,13,23,1.0,0.0,6.0,1,0,6,3.6999999999999886,33.0
4107,1993,2.0,interlagos,False,0.0,Auto%#,0.0,False,barrichello,Brazilian,jordan,14,20,0.0,0.0,0.0,0,0,0,3.6999999999999886,20.0
4093,1993,2.0,interlagos,False,0.0,True,0.0,False,zanardi,Italian,team_lotus,15,6,0.0,0.0,0.0,0,0,,3.899999999999992,26.0
4111,1993,2.0,interlagos,False,0.0,True,,False,brundle,British,ligier,16,24,0.0,0.0,0.0,4,0,3,3.899999999999992,33.0
4097,1993,2.0,interlagos,False,0.0,True,0.0,False,comas,French,larrousse,17,10,0.0,0.0,0.0,0,,0,4.0,29.0
4096,1993,2.0,interlagos,False,0.0,True,0.0,False,warwick,British,footwork,18,9,0.0,,7.0,0,0,7,4.199999999999989,38.0
4105,1993,,interlagos,False,0.0,True,0.0,False,suzuki,Japanese,footwork,19,18,0.0,0.0,0.0,0,0,7,4.299999999999997,32.0
4104,1993,2.0,interlagos,False,0.0,True,0.0,False,fittipaldi,Brazilian,minardi,20,17,3.0,0.0,4.0,3,0,4,4.799999999999997,22.0
4099,,2.0,interlagos,False,0.0,True,0.0,False,badoer,Italian,lola,,12,0.0,0.0,0.0,0,0,0,5.0,22.0
4106,1993,2.0,interlagos,False,0.0,True,0.0,False,katayama,Japanese,tyrrell,22,19,0.0,0.0,0.0,0,0,0,5.099999999999994,29.0
4102,1993,2.0,interlagos,False,0.0,,0.0,False,cesaris,Auto%#,tyrrell,23,15,0.0,0.0,0.0,0,0,0,5.299999999999997,33.0
4112,1993,2.0,interlagos,False,0.0,True,0.0,False,barbazza,Italian,minardi,24,25,0.0,0.0,0.0,3,0,4,5.299999999999997,29.0
4098,1993,2.0,interlagos,False,0.0,True,0.0,Auto%#,alboreto,Italian,lola,25,11,0.0,0.0,0.0,0,0,0,5.599999999999994,36.0
,1993,3.0,donington,False,0.0,True,1.0,False,prost,French,williams,1,3,10.0,1.0,2.0,16,1,2,0.0,38.0
4114,1993,3.0,donington,False,0.0,True,1.0,False,damon_hill,British,williams,2,2,6.0,0.0,3.0,16,,2,0.2999999999999971,32.0
4130,1993,3.0,donington,False,0.0,True,1.0,False,michael_schumacher,German,benetton,3,18,4.0,0.0,5.0,4,0,,1.5,24.0
4113,1993,3.0,donington,,0.0,True,,False,senna,Brazilian,,4,1,16.0,1.0,1.0,16,1,1,1.5999999999999943,33.0
4136,1993,3.0,donington,False,0.0,True,1.0,False,wendlinger,Austrian,sauber,5,24,0.0,0.0,0.0,2,0,7,2.200000000000003,24.0
4137,1993,3.0,donington,False,0.0,True,1.0,False,andretti,American,mclaren,6,25,0.0,0.0,0.0,16,1,1,2.200000000000003,30.0
4133,1993,3.0,,False,0.0,True,1.0,False,lehto,Finnish,sauber,7,21,2.0,0.0,8.0,2,0,7,2.299999999999997,27.0
4132,1993,3.0,donington,False,,True,,False,berger,Austrian,ferrari,8,20,1.0,0.0,9.0,1,0,8,,33.0
4127,1993,3.0,donington,False,0.0,True,1.0,False,alesi,French,ferrari,9,15,0.0,0.0,13.0,1,0,8,2.5,28.0
4117,1993,3.0,donington,False,0.0,True,1.0,False,patrese,Italian,benetton,10,5,0.0,0.0,0.0,4,0,4,2.5,38.0
4116,1993,3.0,donington,False,0.0,,1.0,False,herbert,British,team_lotus,,4,3.0,0.0,7.0,4,0,,2.799999999999997,28.0
4122,1993,3.0,donington,False,,True,1.0,False,,Brazilian,jordan,12,10,0.0,0.0,0.0,0,0,0,3.0,20.0
4120,1993,3.0,donington,False,0.0,True,1.0,False,zanardi,Italian,team_lotus,13,8,1.0,,10.0,4,0,5,3.0999999999999943,26.0
4124,1993,3.0,donington,False,0.0,True,1.0,False,warwick,British,footwork,14,12,0.0,0.0,11.0,0,0,9,3.200000000000003,38.0
4129,1993,3.0,donington,False,0.0,True,1.0,False,alliot,French,larrousse,15,17,0.0,0.0,12.0,0,,10,3.200000000000003,
4119,1993,3.0,donington,False,0.0,True,,False,fittipaldi,Brazilian,minardi,16,7,3.0,0.0,,3,0,6,3.200000000000003,22.0
4121,1993,3.0,donington,False,0.0,True,1.0,False,comas,French,larrousse,17,9,0.0,0.0,14.0,0,0,10,3.5,29.0
4134,1993,3.0,donington,False,0.0,True,1.0,False,katayama,Japanese,tyrrell,18,22,0.0,0.0,0.0,0,,0,3.5999999999999943,
4125,1993,3.0,donington,False,0.0,True,1.0,False,boutsen,Belgian,jordan,,13,,0.0,0.0,0,0,0,3.700000000000003,35.0
4118,1993,3.0,donington,False,,True,1.0,False,barbazza,Auto%#,minardi,Auto%#,6,0.0,0.0,0.0,3,0,6,3.799999999999997,30.0
4131,1993,3.0,donington,False,0.0,True,1.0,False,blundell,British,ligier,21,19,6.0,0.0,4.0,6,0,3,3.799999999999997,27.0
4135,1993,3.0,donington,False,0.0,True,1.0,False,brundle,British,ligier,22,23,0.0,0.0,,6,0,3,3.799999999999997,33.0
4128,1993,3.0,donington,False,0.0,True,1.0,Auto%#,suzuki,Japanese,footwork,23,16,0.0,0.0,0.0,0,0,9,4.400000000000006,32.0
4123,1993,3.0,donington,False,0.0,True,1.0,False,alboreto,Italian,lola,24,11,0.0,0.0,15.0,0,0,11,4.799999999999997,36.0
4126,1993,3.0,donington,False,0.0,True,1.0,False,cesaris,Italian,tyrrell,25,14,0.0,0.0,0.0,0,0,0,4.900000000000006,33.0
4138,1993,4.0,imola,False,0.0,True,1.0,False,prost,French,williams,1,1,14.0,1.0,2.0,26,1,2,0.0,38.0
4155,1993,4.0,imola,False,0.0,True,1.0,False,damon_hill,British,williams,2,18,12.0,0.0,3.0,26,,2,0.1000000000000085,32.0
4139,1993,4.0,imola,False,0.0,True,1.0,False,michael_schumacher,German,benetton,3,2,4.0,0.0,6.0,6,0,4,1.8000000000000114,24.0
4149,1993,4.0,imola,False,0.0,,1.0,False,senna,Brazilian,Auto%#,4,Auto%#,26.0,2.0,1.0,26,2,,1.9000000000000057,33.0
4148,1993,4.0,imola,False,0.0,True,1.0,False,wendlinger,Austrian,sauber,5,11,,0.0,0.0,2,0,7,2.6000000000000085,24.0
4152,1993,4.0,imola,False,0.0,True,1.0,False,andretti,American,mclaren,6,,,0.0,0.0,26,2,1,2.700000000000003,30.0
4161,1993,4.0,imola,False,0.0,True,1.0,False,blundell,British,ligier,Auto%#,24,6.0,0.0,4.0,6,0,5,2.700000000000003,27.0
,1993,4.0,imola,False,0.0,True,1.0,False,berger,Austrian,ferrari,8,,1.0,0.0,12.0,1,0,8,2.700000000000003,33.0
4150,1993,4.0,imola,False,0.0,True,,False,alesi,French,ferrari,9,13,0.0,0.0,15.0,1,,8,2.700000000000003,28.0
4140,1993,4.0,imola,False,0.0,True,1.0,False,brundle,British,ligier,10,3,0.0,0.0,0.0,6,0,5,2.800000000000012,33.0
4162,1993,,imola,False,,True,1.0,False,patrese,Italian,benetton,11,25,2.0,0.0,9.0,6,0,4,2.800000000000012,39.0
4145,1993,4.0,imola,False,0.0,True,1.0,False,herbert,British,team_lotus,12,8,6.0,0.0,5.0,7,0,3,3.0,28.0
4158,1993,4.0,imola,False,,,1.0,False,barrichello,Brazilian,jordan,13,21,0.0,0.0,17.0,0,0,11,3.1000000000000085,20.0
4142,1993,4.0,imola,False,0.0,True,,False,alliot,French,larrousse,14,5,0.0,0.0,14.0,0,0,9,3.4000000000000057,38.0
4153,1993,4.0,imola,False,0.0,True,,False,warwick,British,footwork,15,16,0.0,0.0,13.0,0,0,10,,38.0
4141,1993,4.0,imola,False,0.0,True,1.0,False,lehto,Finnish,sauber,16,4,2.0,0.0,8.0,2,0,7,3.8000000000000114,27.0
4156,1993,4.0,imola,False,0.0,True,1.0,False,comas,French,larrousse,17,19,0.0,0.0,16.0,0,0,9,4.200000000000003,29.0
4157,1993,4.0,imola,False,0.0,True,1.0,False,cesaris,Italian,tyrrell,18,20,0.0,0.0,0.0,0,0,0,4.300000000000011,33.0
4160,1993,4.0,imola,False,0.0,True,1.0,False,boutsen,Belgian,jordan,19,23,0.0,0.0,0.0,0,0,11,4.300000000000011,35.0
4147,1993,4.0,imola,False,0.0,True,1.0,False,zanardi,Italian,team_lotus,20,10,1.0,0.0,10.0,7,0,3,4.400000000000006,26.0
4146,1993,4.0,,False,0.0,True,1.0,False,suzuki,Japanese,footwork,21,9,0.0,,0.0,0,0,10,4.6000000000000085,32.0
4154,1993,4.0,imola,False,0.0,True,1.0,False,katayama,Japanese,tyrrell,22,17,0.0,0.0,0.0,0,0,0,4.800000000000011,29.0
4151,1993,4.0,imola,False,0.0,True,1.0,False,fittipaldi,Brazilian,minardi,23,14,3.0,0.0,7.0,4,0,6,5.200000000000003,22.0
4144,1993,4.0,imola,False,0.0,True,1.0,False,badoer,Italian,lola,24,7,0.0,0.0,19.0,0,0,12,5.300000000000011,22.0
4143,1993,4.0,imola,False,0.0,True,1.0,False,barbazza,Italian,minardi,25,,1.0,0.0,11.0,,0,6,5.5,30.0
4163,1993,5.0,catalunya,True,0.0,False,0.0,,prost,French,williams,1,1,24.0,,2.0,36,2,1,0.0,38.0
4181,1993,,catalunya,True,0.0,False,0.0,False,damon_hill,Auto%#,williams,2,19,12.0,0.0,3.0,36,2,1,0.5,32.0
4164,1993,5.0,catalunya,True,0.0,False,0.0,False,senna,Brazilian,mclaren,3,2,26.0,2.0,1.0,26,2,2,1.9000000000000057,33.0
4165,1993,5.0,catalunya,True,0.0,False,0.0,False,michael_schumacher,German,benetton,4,3,10.0,0.0,4.0,12,0,Auto%#,2.700000000000003,24.0
4166,1993,5.0,catalunya,True,0.0,False,0.0,False,patrese,Italian,benetton,5,4,2.0,0.0,11.0,,0,3,2.799999999999997,39.0
4179,1993,5.0,catalunya,True,0.0,False,0.0,Auto%#,,Austrian,,6,17,0.0,0.0,0.0,5,0,6,3.4000000000000057,24.0
4167,1993,5.0,catalunya,True,0.0,,0.0,False,andretti,American,mclaren,7,5,0.0,0.0,0.0,26,2,2,3.6000000000000085,30.0
4182,1993,5.0,catalunya,True,0.0,False,0.0,False,alesi,French,ferrari,8,20,0.0,0.0,17.0,1,0,9,4.0,28.0
4177,1993,5.0,catalunya,True,0.0,False,0.0,False,lehto,Finnish,sauber,9,15,5.0,,7.0,5,0,6,4.200000000000003,27.0
4187,1993,,catalunya,,0.0,False,0.0,False,herbert,British,Auto%#,10,25,6.0,0.0,6.0,7,0,5,4.700000000000003,28.0
4168,1993,5.0,catalunya,True,0.0,False,0.0,Auto%#,berger,Austrian,ferrari,11,6,1.0,0.0,14.0,1,0,9,4.900000000000006,33.0
4169,1993,5.0,catalunya,True,0.0,False,0.0,False,blundell,British,ligier,12,7,6.0,0.0,5.0,10,0,4,4.900000000000006,27.0
4184,1993,5.0,catalunya,True,0.0,False,0.0,False,alliot,French,larrousse,13,22,2.0,0.0,,2,0,8,5.1000000000000085,38.0
4171,1993,5.0,catalunya,True,0.0,False,0.0,False,comas,French,larrousse,14,9,0.0,0.0,18.0,2,0,8,5.1000000000000085,29.0
4176,1993,5.0,catalunya,True,0.0,False,,False,zanardi,Italian,team_lotus,15,14,1.0,0.0,13.0,7,0,5,5.200000000000003,
4175,1993,5.0,catalunya,True,0.0,False,0.0,False,warwick,British,footwork,16,13,0.0,0.0,,,0,10,5.299999999999997,38.0
4174,1993,5.0,catalunya,True,0.0,False,0.0,False,barrichello,Brazilian,jordan,17,12,0.0,0.0,20.0,0,0,12,5.400000000000006,20.0
4185,1993,5.0,catalunya,True,0.0,False,0.0,False,brundle,British,ligier,18,23,4.0,0.0,8.0,10,0,4,5.6000000000000085,33.0
4172,1993,5.0,catalunya,True,0.0,False,0.0,False,suzuki,Japanese,footwork,19,10,0.0,0.0,19.0,0,0,10,5.6000000000000085,32.0
4170,1993,5.0,catalunya,True,0.0,False,,False,fittipaldi,Brazilian,minardi,20,8,3.0,0.0,9.0,5,0,7,5.6000000000000085,22.0
4173,1993,5.0,catalunya,True,0.0,False,0.0,False,boutsen,,jordan,21,11,0.0,0.0,0.0,0,0,12,5.700000000000003,35.0
4178,1993,5.0,catalunya,True,0.0,False,0.0,False,badoer,Italian,lola,22,16,0.0,0.0,16.0,0,0,11,,22.0
4186,1993,5.0,catalunya,True,0.0,False,0.0,False,katayama,Japanese,,23,24,0.0,0.0,0.0,0,0,0,6.5,29.0
4180,1993,5.0,catalunya,True,0.0,False,0.0,False,cesaris,Italian,tyrrell,24,,0.0,0.0,0.0,0,0,0,6.6000000000000085,33.0
4183,1993,5.0,catalunya,True,0.0,False,0.0,False,barbazza,Italian,minardi,25,21,2.0,0.0,12.0,5,0,7,6.6000000000000085,30.0
4191,1993,6.0,monaco,False,0.0,True,0.0,False,prost,French,williams,1,4,34.0,3.0,1.0,46,3,1,0.0,38.0
4207,1993,6.0,monaco,False,0.0,True,,False,michael_schumacher,German,benetton,2,20,14.0,0.0,3.0,19,0,3,0.6000000000000085,24.0
4188,1993,6.0,monaco,False,0.0,True,0.0,False,senna,Brazilian,mclaren,3,1,32.0,2.0,2.0,34,2,2,1.0,33.0
4189,1993,6.0,monaco,False,,True,0.0,False,damon_hill,British,williams,4,2,12.0,0.0,4.0,46,3,1,1.2000000000000028,32.0
4190,1993,6.0,monaco,False,0.0,True,,False,alesi,French,ferrari,5,3,0.0,0.0,18.0,2,0,9,1.3000000000000114,28.0
4203,1993,6.0,monaco,False,0.0,True,0.0,False,patrese,Italian,benetton,Auto%#,,5.0,0.0,8.0,19,0,3,1.5,39.0
4201,1993,6.0,monaco,False,0.0,True,0.0,False,berger,Austrian,,7,14,2.0,0.0,14.0,2,0,9,1.8000000000000114,33.0
4200,1993,6.0,monaco,False,0.0,True,0.0,False,wendlinger,Austrian,,8,13,0.0,0.0,0.0,5,0,6,1.9000000000000057,24.0
4195,1993,6.0,monaco,False,0.0,Auto%#,0.0,False,andretti,American,mclaren,9,8,2.0,0.0,12.0,34,2,2,,30.0
4204,1993,6.0,monaco,False,0.0,True,0.0,False,comas,French,larrousse,10,17,0.0,0.0,19.0,2,0,8,2.6000000000000085,
4210,1993,6.0,monaco,False,0.0,True,0.0,False,lehto,Finnish,sauber,11,23,5.0,0.0,7.0,5,0,6,3.1000000000000085,27.0
4206,1993,6.0,monaco,False,0.0,True,0.0,False,warwick,British,footwork,12,19,0.0,0.0,16.0,0,0,10,3.1000000000000085,38.0
4193,1993,6.0,monaco,False,0.0,True,,False,brundle,British,ligier,13,6,4.0,0.0,9.0,10,0,4,3.200000000000003,33.0
4202,1993,6.0,monaco,False,0.0,True,0.0,False,herbert,British,team_lotus,14,15,6.0,0.0,6.0,7,0,5,3.200000000000003,28.0
4199,1993,6.0,monaco,False,0.0,True,0.0,False,alliot,French,larrousse,15,12,2.0,0.0,11.0,2,0,8,3.300000000000012,38.0
4196,1993,6.0,monaco,False,0.0,True,0.0,False,barrichello,Brazilian,jordan,16,9,0.0,0.0,21.0,0,0,12,3.5,21.0
4192,1993,6.0,Auto%#,False,0.0,True,0.0,False,fittipaldi,Brazilian,minardi,17,5,3.0,,10.0,5,0,7,3.700000000000003,22.0
4205,1993,6.0,monaco,False,0.0,True,0.0,False,suzuki,Japanese,footwork,18,18,0.0,0.0,20.0,0,0,10,3.9000000000000057,32.0
,1993,6.0,monaco,False,0.0,True,0.0,False,cesaris,Italian,tyrrell,19,10,0.0,0.0,0.0,0,0,0,3.9000000000000057,
4194,1993,6.0,monaco,False,0.0,True,0.0,False,zanardi,Italian,team_lotus,20,7,1.0,0.0,15.0,7,0,5,4.300000000000011,
4212,1993,6.0,monaco,False,0.0,True,0.0,False,blundell,British,ligier,21,25,6.0,0.0,5.0,10,0,4,4.400000000000006,27.0
4208,1993,6.0,monaco,False,0.0,True,0.0,,katayama,Japanese,tyrrell,22,21,0.0,0.0,0.0,0,0,0,4.6000000000000085,29.0
4211,1993,6.0,monaco,False,0.0,True,0.0,False,boutsen,Belgian,jordan,23,24,0.0,0.0,23.0,0,0,12,4.700000000000003,35.0
4209,1993,6.0,Auto%#,False,0.0,True,0.0,False,alboreto,Italian,lola,24,22,0.0,0.0,22.0,0,0,11,5.800000000000011,36.0
4198,1993,6.0,monaco,False,0.0,True,0.0,False,barbazza,Italian,minardi,25,11,2.0,0.0,13.0,5,0,7,6.0,30.0
4213,1993,7.0,villeneuve,False,0.0,False,0.0,False,prost,French,williams,1,1,37.0,3.0,2.0,55,3,1,0.0,38.0
4215,1993,7.0,villeneuve,False,0.0,False,0.0,False,damon_hill,British,williams,2,3,18.0,0.0,3.0,55,3,1,0.5,32.0
4214,1993,7.0,villeneuve,False,0.0,False,0.0,False,michael_schumacher,German,benetton,3,2,14.0,0.0,4.0,19,0,3,1.7999999999999972,
4231,1993,7.0,villeneuve,False,0.0,False,0.0,False,patrese,Italian,,4,19,5.0,0.0,10.0,19,0,3,1.9000000000000057,39.0
4216,1993,7.0,Auto%#,False,0.0,False,0.0,False,berger,Austrian,ferrari,5,4,2.0,0.0,15.0,6,0,7,2.299999999999997,
4234,1993,7.0,villeneuve,,0.0,False,0.0,False,alesi,French,ferrari,6,22,4.0,0.0,11.0,6,0,7,2.4000000000000057,29.0
4217,1993,7.0,villeneuve,False,0.0,False,0.0,False,brundle,British,ligier,7,5,5.0,0.0,7.0,11,0,4,2.5999999999999943,34.0
4230,1993,7.0,villeneuve,False,0.0,,0.0,False,senna,Brazilian,mclaren,8,18,42.0,3.0,1.0,44,3,2,2.700000000000003,33.0
4218,1993,7.0,villeneuve,False,0.0,False,0.0,False,wendlinger,Austrian,sauber,9,6,,0.0,25.0,5,0,8,2.799999999999997,24.0
4235,1993,7.0,villeneuve,False,0.0,False,0.0,False,blundell,British,ligier,10,23,6.0,0.0,5.0,11,0,4,3.0999999999999943,27.0
4219,1993,7.0,villeneuve,False,0.0,False,0.0,False,,Finnish,sauber,11,7,5.0,0.0,9.0,5,0,8,3.200000000000003,27.0
4226,1993,7.0,villeneuve,False,0.0,False,0.0,False,andretti,American,mclaren,12,14,2.0,0.0,13.0,44,3,2,3.200000000000003,30.0
4220,1993,7.0,villeneuve,False,0.0,,0.0,False,comas,French,Auto%#,13,8,0.0,0.0,19.0,2,0,9,3.299999999999997,29.0
4236,1993,7.0,villeneuve,False,,False,0.0,,barrichello,,jordan,14,24,0.0,0.0,20.0,0,0,,3.5,21.0
4237,1993,7.0,villeneuve,False,0.0,False,0.0,False,alliot,French,larrousse,15,25,2.0,0.0,12.0,2,0,9,3.799999999999997,38.0
4225,1993,,villeneuve,False,0.0,False,0.0,False,suzuki,Japanese,footwork,16,13,0.0,0.0,21.0,0,0,10,3.9000000000000057,32.0
4221,1993,7.0,,False,0.0,False,0.0,False,fittipaldi,Brazilian,Auto%#,17,9,5.0,0.0,8.0,7,0,6,,22.0
4228,1993,7.0,villeneuve,False,0.0,False,0.0,False,warwick,British,footwork,18,16,0.0,0.0,17.0,0,0,10,4.200000000000003,38.0
4232,1993,7.0,villeneuve,False,0.0,False,0.0,False,cesaris,Italian,tyrrell,19,20,0.0,0.0,22.0,0,0,13,4.200000000000003,34.0
4222,1993,7.0,villeneuve,False,0.0,False,0.0,False,herbert,British,team_lotus,20,10,6.0,0.0,6.0,7,0,5,4.200000000000003,28.0
4223,1993,7.0,villeneuve,False,0.0,False,0.0,False,zanardi,Italian,team_lotus,21,11,1.0,0.0,16.0,7,0,5,4.200000000000003,26.0
4229,1993,7.0,villeneuve,False,0.0,False,0.0,False,katayama,Japanese,tyrrell,22,17,0.0,0.0,0.0,0,0,13,4.799999999999997,30.0
4233,1993,7.0,villeneuve,False,0.0,False,0.0,False,barbazza,Italian,minardi,23,21,,0.0,14.0,7,0,6,4.900000000000006,30.0
4224,1993,7.0,villeneuve,False,0.0,False,0.0,False,boutsen,Belgian,jordan,24,12,0.0,0.0,24.0,0,0,12,5.0,35.0
4227,1993,7.0,villeneuve,False,0.0,False,0.0,False,badoer,Italian,lola,25,15,0.0,0.0,18.0,0,0,11,5.400000000000006,22.0
4239,1993,8.0,magny_cours,False,0.0,False,0.0,False,damon_hill,British,williams,1,2,22.0,0.0,3.0,69,4,1,0.0,32.0
4238,1993,8.0,magny_cours,False,0.0,False,0.0,False,prost,French,williams,2,1,47.0,4.0,1.0,69,4,1,0.0999999999999943,38.0
4242,1993,8.0,magny_cours,False,0.0,False,0.0,False,brundle,British,ligier,3,5,7.0,,5.0,13,0,4,1.7999999999999972,34.0
4258,1993,8.0,magny_cours,False,0.0,False,,False,blundell,British,ligier,4,,6.0,0.0,6.0,13,0,4,1.7999999999999972,27.0
4241,1993,8.0,magny_cours,False,0.0,False,0.0,False,senna,Brazilian,mclaren,5,4,42.0,3.0,2.0,44,3,2,1.8999999999999917,33.0
4254,1993,8.0,magny_cours,False,0.0,False,0.0,,alesi,French,ferrari,6,17,4.0,0.0,12.0,9,0,5,2.299999999999997,29.0
4240,1993,8.0,magny_cours,False,0.0,False,0.0,False,michael_schumacher,German,Auto%#,7,3,20.0,0.0,4.0,25,0,3,,24.0
4244,1993,8.0,magny_cours,False,0.0,False,0.0,False,barrichello,Brazilian,jordan,,7,0.0,0.0,21.0,0,0,12,2.799999999999997,21.0
4253,1993,8.0,magny_cours,False,0.0,False,0.0,False,comas,French,larrousse,9,16,0.0,0.0,20.0,2,0,9,2.799999999999997,29.0
4246,1993,8.0,magny_cours,False,0.0,False,0.0,False,alliot,French,larrousse,10,9,2.0,0.0,13.0,2,0,9,2.799999999999997,38.0
4256,1993,8.0,magny_cours,False,0.0,False,0.0,False,wendlinger,Austrian,sauber,11,19,1.0,0.0,17.0,6,0,Auto%#,2.8999999999999915,24.0
4247,1993,8.0,Auto%#,False,0.0,False,0.0,False,patrese,,benetton,12,,5.0,0.0,10.0,25,0,3,3.0,39.0
4249,1993,8.0,magny_cours,False,0.0,False,0.0,False,suzuki,Japanese,footwork,13,12,0.0,0.0,22.0,0,0,10,3.0,32.0
4251,1993,8.0,magny_cours,False,0.0,False,0.0,False,berger,Austrian,ferrari,14,14,5.0,0.0,11.0,9,0,,3.0999999999999943,33.0
4250,1993,8.0,magny_cours,False,0.0,False,0.0,False,warwick,British,,15,13,0.0,0.0,18.0,0,0,10,3.1999999999999886,38.0
4243,1993,8.0,Auto%#,False,0.0,False,0.0,False,andretti,American,mclaren,16,6,2.0,0.0,14.0,44,3,2,3.299999999999997,30.0
4262,1993,8.0,magny_cours,False,0.0,False,0.0,False,zanardi,Italian,team_lotus,17,25,1.0,0.0,16.0,,0,6,3.299999999999997,26.0
4257,1993,8.0,magny_cours,False,0.0,False,0.0,False,lehto,Finnish,sauber,18,20,5.0,0.0,,6,0,8,3.3999999999999915,27.0
4259,1993,8.0,magny_cours,False,0.0,False,0.0,False,herbert,British,team_lotus,19,22,6.0,0.0,,7,0,6,3.5,29.0
4248,1993,8.0,magny_cours,False,0.0,False,0.0,False,boutsen,Belgian,jordan,20,11,0.0,0.0,25.0,0,0,12,3.5999999999999943,35.0
4255,1993,8.0,magny_cours,,0.0,False,0.0,False,badoer,Italian,lola,22,18,0.0,0.0,19.0,0,0,11,5.099999999999994,22.0
4245,1993,8.0,magny_cours,False,0.0,False,0.0,False,fittipaldi,Brazilian,minardi,23,8,5.0,0.0,8.0,7,0,7,5.099999999999994,22.0
4260,1993,8.0,magny_cours,False,0.0,False,0.0,False,barbazza,Italian,minardi,24,23,2.0,0.0,15.0,7,0,7,5.299999999999997,30.0
4261,1993,8.0,magny_cours,False,0.0,False,0.0,False,katayama,Japanese,tyrrell,24,24,0.0,0.0,26.0,,0,13,5.299999999999997,30.0
4252,,8.0,magny_cours,False,0.0,False,0.0,False,cesaris,Italian,tyrrell,25,,0.0,0.0,23.0,0,0,13,5.5,34.0
4263,1993,9.0,silverstone,False,0.0,True,0.0,False,prost,French,,Auto%#,Auto%#,57.0,5.0,1.0,85,5,1,0.0,38.0
4278,1993,9.0,silverstone,False,0.0,True,0.0,False,damon_hill,British,williams,2,16,28.0,0.0,3.0,85,5,1,0.0999999999999943,32.0
4264,1993,9.0,silverstone,False,0.0,Auto%#,,False,michael_schumacher,German,benetton,3,2,24.0,0.0,4.0,29,0,3,1.4000000000000057,24.0
4267,1993,9.0,silverstone,False,0.0,True,0.0,False,senna,Brazilian,mclaren,4,5,45.0,3.0,2.0,48,3,2,3.0,33.0
4265,1993,9.0,silverstone,False,0.0,True,0.0,False,,Italian,benetton,5,,5.0,,10.0,29,0,3,3.4000000000000057,39.0
4276,1993,9.0,silverstone,False,0.0,True,0.0,False,brundle,British,ligier,6,14,9.0,0.0,5.0,15,0,4,3.4000000000000057,34.0
4266,1993,9.0,silverstone,,0.0,True,0.0,False,herbert,British,team_lotus,7,4,6.0,0.0,7.0,7,0,6,3.5,29.0
4268,,9.0,silverstone,False,0.0,True,0.0,False,warwick,British,footwork,8,6,0.0,0.0,19.0,0,0,10,3.799999999999997,38.0
4269,1993,9.0,silverstone,False,0.0,True,0.0,False,blundell,British,ligier,9,7,6.0,0.0,6.0,15,0,4,3.9000000000000057,27.0
4285,1993,9.0,silverstone,False,0.0,True,0.0,False,suzuki,Japanese,footwork,10,23,0.0,0.0,22.0,0,0,10,4.099999999999994,32.0
4286,1993,9.0,silverstone,False,0.0,True,0.0,False,andretti,American,mclaren,11,24,3.0,0.0,13.0,48,3,2,4.099999999999994,
4271,1993,9.0,,False,0.0,True,0.0,False,alesi,French,ferrari,12,9,4.0,0.0,12.0,9,,5,4.200000000000003,
4284,1993,9.0,silverstone,False,0.0,True,0.0,False,berger,Austrian,ferrari,13,Auto%#,5.0,0.0,11.0,9,0,5,4.299999999999997,33.0
4279,1993,9.0,silverstone,False,0.0,True,0.0,False,zanardi,Italian,team_lotus,14,17,1.0,0.0,16.0,7,0,6,4.5,26.0
4272,1993,9.0,silverstone,False,0.0,True,0.0,False,barrichello,Brazilian,jordan,15,10,0.0,0.0,18.0,0,0,11,4.599999999999994,21.0
4270,1993,9.0,silverstone,False,0.0,Auto%#,0.0,False,lehto,Finnish,,16,8,5.0,0.0,9.0,6,0,8,5.099999999999994,27.0
4287,1993,9.0,silverstone,False,0.0,True,0.0,False,comas,French,larrousse,17,25,0.0,0.0,21.0,2,0,9,5.099999999999994,29.0
4283,1993,9.0,silverstone,False,0.0,True,0.0,False,wendlinger,Austrian,sauber,18,21,1.0,0.0,17.0,6,0,8,5.5,24.0
4274,1993,9.0,silverstone,False,0.0,True,0.0,False,fittipaldi,Brazilian,minardi,19,12,5.0,0.0,8.0,7,0,7,5.700000000000003,22.0
4282,1993,9.0,silverstone,False,0.0,True,0.0,False,martini,Italian,minardi,20,20,0.0,0.0,0.0,7,0,7,5.700000000000003,32.0
4277,1993,9.0,silverstone,False,0.0,True,,False,cesaris,Italian,tyrrell,21,15,0.0,0.0,23.0,0,0,13,6.299999999999997,34.0
4275,1993,9.0,silverstone,False,0.0,True,0.0,False,katayama,Japanese,tyrrell,22,13,0.0,0.0,26.0,0,0,13,6.299999999999997,30.0
4280,,9.0,silverstone,False,,True,0.0,False,boutsen,Belgian,jordan,,18,0.0,0.0,24.0,0,0,11,,35.0
4273,1993,9.0,,False,0.0,True,0.0,False,alliot,Auto%#,larrousse,24,11,2.0,0.0,14.0,2,0,,6.400000000000006,38.0
4281,1993,9.0,silverstone,False,0.0,True,0.0,False,,Italian,lola,25,19,0.0,0.0,20.0,,0,12,7.200000000000003,22.0
4288,1993,10.0,hockenheimring,False,0.0,,0.0,False,prost,French,williams,1,1,67.0,6.0,1.0,95,6,1,0.0,38.0
4302,1993,10.0,hockenheimring,False,0.0,True,0.0,False,damon_hill,British,williams,,15,28.0,0.0,4.0,95,6,1,0.2000000000000028,32.0
4289,1993,,,False,0.0,True,0.0,False,michael_schumacher,German,benetton,3,2,30.0,0.0,3.0,,,3,0.8999999999999915,24.0
4291,1993,10.0,hockenheimring,False,0.0,True,0.0,False,senna,Brazilian,mclaren,4,4,47.0,3.0,2.0,50,3,2,0.8999999999999915,33.0
4290,1993,10.0,,False,,True,0.0,False,blundell,British,ligier,5,Auto%#,6.0,0.0,8.0,15,0,4,1.3999999999999917,27.0
4295,1993,10.0,hockenheimring,False,0.0,True,0.0,False,brundle,British,ligier,Auto%#,,9.0,0.0,6.0,15,0,4,2.200000000000003,34.0
4292,1993,10.0,hockenheimring,False,0.0,True,0.0,False,patrese,Italian,benetton,7,5,9.0,0.0,5.0,39,,,2.3999999999999915,39.0
4309,1993,10.0,hockenheimring,False,0.0,True,0.0,False,,Japanese,footwork,8,22,0.0,0.0,22.0,1,0,10,2.3999999999999915,32.0
4293,1993,10.0,hockenheimring,False,0.0,True,0.0,False,berger,Austrian,ferrari,9,6,5.0,0.0,11.0,9,0,6,2.5,33.0
4294,1993,,hockenheimring,False,0.0,True,0.0,False,alesi,French,ferrari,10,7,4.0,0.0,12.0,9,0,6,,29.0
4304,1993,10.0,hockenheimring,False,0.0,True,0.0,False,warwick,British,footwork,11,17,1.0,0.0,17.0,1,0,10,2.700000000000003,38.0
4310,1993,10.0,,False,0.0,True,,False,andretti,American,mclaren,12,Auto%#,3.0,0.0,13.0,50,3,2,2.799999999999997,30.0
4297,1993,10.0,hockenheimring,False,,True,0.0,False,herbert,British,team_lotus,13,10,9.0,0.0,7.0,10,0,5,2.8999999999999915,29.0
4296,1993,10.0,hockenheimring,False,0.0,True,0.0,False,wendlinger,Austrian,sauber,14,9,,0.0,18.0,6,0,8,2.8999999999999915,24.0
4308,1993,10.0,Auto%#,False,0.0,True,0.0,False,zanardi,Italian,team_lotus,15,21,1.0,0.0,16.0,10,0,5,3.200000000000003,26.0
4313,1993,10.0,hockenheimring,False,0.0,True,0.0,False,comas,French,larrousse,16,26,0.0,0.0,21.0,2,0,9,3.200000000000003,29.0
4305,1993,10.0,,False,0.0,True,0.0,False,barrichello,Brazilian,jordan,17,18,0.0,0.0,19.0,0,0,11,3.299999999999997,21.0
4307,1993,10.0,hockenheimring,False,,True,0.0,False,lehto,Finnish,sauber,18,20,5.0,0.0,10.0,6,0,8,3.299999999999997,27.0
4312,,10.0,hockenheimring,False,0.0,True,0.0,False,cesaris,Italian,tyrrell,19,25,0.0,0.0,23.0,0,0,13,3.5,34.0
4298,1993,10.0,hockenheimring,False,0.0,True,0.0,False,fittipaldi,Brazilian,minardi,20,11,5.0,0.0,9.0,7,0,7,4.0,22.0
4306,1993,10.0,hockenheimring,False,0.0,True,0.0,False,katayama,Japanese,tyrrell,21,19,0.0,0.0,26.0,0,0,13,4.0,30.0
4301,1993,10.0,hockenheimring,False,0.0,True,0.0,False,martini,Italian,minardi,22,14,0.0,0.0,0.0,7,0,7,4.099999999999994,32.0
4299,1993,10.0,hockenheimring,False,0.0,True,0.0,False,alliot,French,larrousse,23,12,2.0,0.0,14.0,2,0,9,4.200000000000003,38.0
4300,1993,10.0,hockenheimring,False,0.0,True,0.0,,,Belgian,jordan,24,13,0.0,0.0,24.0,0,0,Auto%#,4.299999999999997,36.0
4311,,10.0,hockenheimring,False,0.0,True,0.0,False,badoer,Italian,lola,25,24,0.0,0.0,20.0,0,0,12,4.599999999999994,22.0
4303,1993,10.0,hockenheimring,False,0.0,True,0.0,False,alboreto,Italian,lola,26,16,0.0,,25.0,0,,12,5.5,36.0
4325,1993,11.0,hungaroring,False,0.0,False,0.0,,prost,French,williams,1,12,77.0,7.0,1.0,105,7,1,0.0,38.0
4314,,11.0,hungaroring,False,0.0,False,0.0,False,damon_hill,British,williams,2,1,28.0,0.0,4.0,,,1,0.2000000000000028,32.0
4333,1993,11.0,hungaroring,False,0.0,False,0.0,False,michael_schumacher,German,benetton,3,20,36.0,0.0,3.0,47,0,3,0.6000000000000085,24.0
4337,1993,11.0,hungaroring,False,0.0,False,0.0,False,senna,Brazilian,mclaren,4,24,50.0,3.0,2.0,53,3,2,1.9000000000000057,33.0
4315,1993,11.0,hungaroring,False,0.0,False,0.0,False,patrese,Italian,benetton,5,2,11.0,0.0,5.0,47,0,3,2.0,39.0
4316,1993,11.0,hungaroring,False,0.0,False,0.0,False,berger,Austrian,ferrari,6,3,6.0,0.0,9.0,10,0,5,2.300000000000012,33.0
4326,1993,11.0,hungaroring,False,0.0,False,0.0,False,martini,Italian,minardi,7,13,0.0,0.0,,7,0,7,2.800000000000012,32.0
4335,1993,11.0,hungaroring,False,0.0,False,0.0,False,alesi,French,ferrari,8,22,4.0,0.0,12.0,10,0,5,2.9000000000000057,29.0
4317,1993,11.0,hungaroring,False,0.0,False,0.0,False,warwick,British,footwork,9,4,1.0,0.0,17.0,1,0,10,3.1000000000000085,38.0
4329,1993,11.0,hungaroring,False,0.0,False,0.0,False,suzuki,Japanese,footwork,10,,0.0,0.0,22.0,1,0,10,3.1000000000000085,32.0
4338,1993,11.0,hungaroring,False,0.0,False,0.0,False,andretti,American,mclaren,11,25,,0.0,13.0,53,3,2,3.5,30.0
4320,1993,11.0,hungaroring,False,0.0,False,0.0,False,blundell,British,ligier,12,7,10.0,0.0,,19,0,4,3.8000000000000114,27.0
4318,1993,11.0,Auto%#,False,0.0,False,0.0,False,brundle,British,ligier,13,5,9.0,0.0,7.0,19,0,4,3.8000000000000114,34.0
4334,1993,11.0,hungaroring,False,0.0,False,0.0,False,fittipaldi,Brazilian,minardi,Auto%#,21,5.0,0.0,10.0,7,0,7,3.8000000000000114,22.0
4336,1993,11.0,hungaroring,False,0.0,False,0.0,False,lehto,Finnish,sauber,Auto%#,23,5.0,0.0,11.0,6,0,8,4.0,27.0
4339,1993,11.0,hungaroring,False,0.0,False,0.0,False,barrichello,Brazilian,,16,26,0.0,0.0,19.0,0,0,Auto%#,4.1000000000000085,21.0
4319,1993,11.0,hungaroring,False,0.0,False,0.0,False,wendlinger,Austrian,sauber,17,6,1.0,0.0,,6,0,8,4.200000000000003,24.0
4327,1993,11.0,hungaroring,False,0.0,False,0.0,False,comas,French,larrousse,18,14,0.0,0.0,21.0,2,0,9,4.700000000000003,29.0
4321,1993,11.0,hungaroring,False,0.0,False,0.0,False,alliot,French,larrousse,19,8,2.0,0.0,14.0,2,0,9,4.700000000000003,39.0
4331,1993,11.0,hungaroring,False,,False,0.0,False,herbert,British,team_lotus,20,18,9.0,0.0,8.0,10,0,6,4.800000000000011,29.0
4328,1993,11.0,hungaroring,False,0.0,False,0.0,False,zanardi,Italian,team_lotus,21,15,1.0,0.0,16.0,10,0,6,4.900000000000006,
,1993,11.0,hungaroring,False,0.0,False,0.0,False,cesaris,Italian,tyrrell,22,11,0.0,0.0,,0,0,13,,34.0
4323,1993,11.0,hungaroring,False,0.0,False,0.0,False,katayama,Japanese,tyrrell,23,10,0.0,0.0,26.0,0,0,13,5.700000000000003,30.0
4322,1993,11.0,hungaroring,False,0.0,False,0.0,False,boutsen,Belgian,jordan,24,9,0.0,0.0,24.0,0,0,11,5.900000000000006,36.0
4330,1993,11.0,hungaroring,False,0.0,False,,False,alboreto,Italian,lola,25,17,0.0,0.0,25.0,0,0,12,6.900000000000006,36.0
4332,1993,11.0,hungaroring,False,0.0,False,0.0,False,badoer,Italian,lola,26,19,0.0,0.0,20.0,0,0,12,8.100000000000009,22.0
4342,1993,12.0,spa,True,0.0,,0.0,False,prost,French,williams,1,3,77.0,7.0,1.0,,8,1,0.0,38.0
4340,1993,12.0,spa,True,,False,,False,damon_hill,British,williams,2,1,38.0,,3.0,115,8,1,0.9000000000000057,32.0
4341,1993,12.0,spa,True,,False,0.0,False,michael_schumacher,German,benetton,3,2,36.0,0.0,4.0,53,0,,1.5,24.0
4363,1993,12.0,spa,,0.0,False,0.0,False,alesi,French,ferrari,4,24,4.0,0.0,12.0,14,0,5,2.200000000000003,29.0
4343,1993,12.0,spa,True,0.0,False,0.0,False,senna,Brazilian,mclaren,5,4,50.0,3.0,2.0,53,3,2,2.300000000000012,33.0
4362,1993,12.0,spa,True,,False,0.0,False,suzuki,Japanese,footwork,6,22,,0.0,22.0,4,0,9,2.700000000000003,32.0
4356,1993,12.0,spa,True,0.0,False,0.0,False,warwick,British,footwork,7,17,4.0,0.0,13.0,4,0,9,3.0,39.0
4345,1993,12.0,spa,True,0.0,False,0.0,False,patrese,Italian,benetton,8,6,17.0,0.0,5.0,,0,3,3.4000000000000057,39.0
4348,1993,12.0,spa,True,0.0,False,0.0,False,lehto,Finnish,sauber,9,9,5.0,0.0,11.0,7,0,8,3.4000000000000057,27.0
4344,1993,12.0,spa,True,0.0,False,0.0,False,herbert,British,team_lotus,,5,9.0,,9.0,10,0,6,3.5,29.0
4346,1993,12.0,spa,True,0.0,False,0.0,False,brundle,British,ligier,11,7,11.0,0.0,6.0,21,0,4,3.8000000000000114,34.0
4357,1993,12.0,spa,True,0.0,False,0.0,False,wendlinger,Austrian,sauber,12,18,2.0,0.0,16.0,7,0,8,3.8000000000000114,24.0
4358,1993,12.0,spa,True,0.0,False,0.0,False,barrichello,Brazilian,jordan,12,23,,0.0,19.0,,0,11,3.8000000000000114,21.0
4347,1993,12.0,spa,True,0.0,False,0.0,False,andretti,American,mclaren,14,8,3.0,0.0,14.0,53,3,Auto%#,4.200000000000003,30.0
4350,1993,12.0,spa,True,0.0,False,0.0,False,blundell,British,ligier,15,11,10.0,0.0,7.0,21,0,4,4.300000000000011,27.0
4349,1993,12.0,spa,True,0.0,False,0.0,False,berger,Austrian,,16,10,10.0,0.0,8.0,14,,5,4.5,34.0
4359,1993,12.0,Auto%#,True,0.0,False,0.0,False,cesaris,Italian,tyrrell,17,19,0.0,0.0,24.0,0,0,13,5.0,34.0
4351,1993,12.0,spa,True,0.0,,0.0,False,alliot,French,larrousse,18,12,2.0,0.0,15.0,2,0,10,5.300000000000011,39.0
4355,1993,12.0,spa,True,0.0,False,0.0,False,comas,French,,19,16,0.0,0.0,21.0,2,0,10,5.6000000000000085,29.0
4364,1993,12.0,spa,True,0.0,False,0.0,False,boutsen,Belgian,jordan,20,,0.0,,23.0,0,0,11,5.900000000000006,36.0
4361,1993,12.0,spa,,0.0,False,0.0,False,martini,Italian,minardi,21,21,0.0,0.0,27.0,7,0,7,5.900000000000006,32.0
4360,1993,12.0,spa,True,0.0,False,0.0,,fittipaldi,Brazilian,minardi,22,20,5.0,0.0,10.0,7,0,7,6.300000000000011,22.0
4354,1993,12.0,spa,True,0.0,False,0.0,False,katayama,Japanese,tyrrell,23,15,0.0,0.0,25.0,0,0,13,7.0,30.0
4352,1993,12.0,spa,True,0.0,False,0.0,False,badoer,Italian,lola,24,13,0.0,0.0,20.0,0,0,12,7.400000000000006,22.0
4353,1993,12.0,spa,True,0.0,False,0.0,False,alboreto,Italian,lola,25,14,0.0,0.0,26.0,0,0,12,8.400000000000006,36.0
4376,1993,,monza,True,0.0,False,0.0,False,prost,French,williams,1,12,81.0,7.0,1.0,129,9,1,0.0,38.0
4365,1993,13.0,monza,True,0.0,False,0.0,False,damon_hill,British,williams,2,1,48.0,2.0,3.0,129,9,1,0.2999999999999971,32.0
4366,1993,13.0,monza,True,0.0,False,0.0,False,alesi,French,ferrari,3,2,4.0,0.0,12.0,14,0,5,0.7999999999999972,29.0
4385,1993,13.0,monza,True,0.0,False,0.0,,senna,Brazilian,mclaren,4,21,53.0,3.0,2.0,56,3,3,1.3999999999999917,33.0
4380,1993,13.0,monza,True,0.0,False,0.0,False,michael_schumacher,German,benetton,5,16,42.0,0.0,4.0,60,0,2,1.7000000000000028,24.0
4382,1993,13.0,monza,True,0.0,False,0.0,False,berger,Austrian,ferrari,,18,10.0,0.0,9.0,14,0,5,2.0,34.0
4383,1993,13.0,monza,True,0.0,False,0.0,False,herbert,British,team_lotus,7,19,11.0,0.0,7.0,12,0,6,2.5999999999999943,29.0
4386,1993,13.0,monza,True,0.0,False,0.0,False,suzuki,Japanese,footwork,8,22,,0.0,22.0,4,0,9,2.700000000000003,33.0
4367,1993,13.0,monza,True,0.0,False,0.0,False,andretti,American,mclaren,9,3,3.0,0.0,14.0,56,3,3,2.700000000000003,30.0
4369,1993,13.0,monza,True,0.0,False,0.0,,patrese,Italian,benetton,10,5,18.0,0.0,5.0,,0,2,2.700000000000003,39.0
4387,1993,13.0,monza,True,0.0,False,0.0,False,warwick,British,footwork,11,23,4.0,0.0,13.0,4,0,9,2.799999999999997,39.0
4384,1993,13.0,monza,True,0.0,False,0.0,False,brundle,British,ligier,12,20,11.0,0.0,6.0,21,0,4,2.8999999999999915,34.0
4388,1993,13.0,monza,True,0.0,False,0.0,False,lehto,Auto%#,sauber,13,24,5.0,0.0,11.0,7,0,8,3.0999999999999943,27.0
4381,1993,13.0,monza,True,0.0,Auto%#,0.0,False,blundell,British,ligier,14,17,,0.0,8.0,21,0,4,3.0999999999999943,27.0
4368,1993,13.0,monza,True,0.0,False,0.0,False,wendlinger,Austrian,sauber,15,4,2.0,0.0,,7,0,8,3.299999999999997,24.0
4373,1993,13.0,monza,True,0.0,False,0.0,False,alliot,French,larrousse,16,9,2.0,0.0,15.0,2,0,10,3.5999999999999943,39.0
,1993,13.0,,True,0.0,False,0.0,,katayama,Japanese,tyrrell,17,14,0.0,0.0,25.0,,0,13,3.700000000000003,30.0
4377,1993,13.0,monza,True,0.0,False,0.0,Auto%#,cesaris,Italian,tyrrell,18,13,0.0,0.0,24.0,0,0,13,3.700000000000003,34.0
4389,1993,13.0,monza,True,,False,0.0,False,barrichello,Brazilian,jordan,19,25,0.0,0.0,19.0,0,0,11,3.899999999999992,21.0
4370,1993,13.0,monza,True,0.0,False,,False,comas,French,larrousse,20,6,0.0,0.0,21.0,2,0,10,4.099999999999994,29.0
4379,1993,13.0,monza,True,,False,0.0,False,alboreto,Italian,lola,21,15,0.0,0.0,26.0,0,0,12,4.200000000000003,36.0
4371,1993,13.0,monza,True,0.0,False,0.0,False,,Italian,minardi,22,7,0.0,0.0,27.0,7,,7,4.299999999999997,32.0
4390,1993,13.0,monza,True,0.0,False,0.0,False,apicella,Auto%#,jordan,23,26,0.0,0.0,,0,0,11,4.5,27.0
4372,1993,13.0,monza,True,0.0,False,0.0,False,fittipaldi,Brazilian,minardi,24,8,5.0,0.0,10.0,7,0,7,4.5,22.0
4374,1993,13.0,monza,True,0.0,False,0.0,False,badoer,Italian,lola,25,10,0.0,0.0,20.0,0,0,12,4.799999999999997,22.0
4375,1993,13.0,monza,True,0.0,False,0.0,False,lamy,Portuguese,team_lotus,26,11,0.0,0.0,0.0,12,0,6,5.099999999999994,21.0
4393,1993,14.0,estoril,False,0.0,False,0.0,False,damon_hill,British,williams,1,3,58.0,3.0,2.0,139,10,1,0.0,33.0
4392,1993,14.0,estoril,False,0.0,False,0.0,False,prost,French,Auto%#,2,2,81.0,7.0,1.0,139,10,1,0.2000000000000028,38.0
4412,1993,14.0,estoril,False,0.0,False,0.0,,hakkinen,Finnish,mclaren,3,22,0.0,0.0,,60,3,3,0.9000000000000057,24.0
4414,1993,14.0,estoril,False,0.0,False,0.0,False,senna,Brazilian,mclaren,4,24,53.0,3.0,3.0,60,3,3,1.0,33.0
4394,1993,14.0,estoril,False,0.0,False,0.0,False,alesi,French,ferrari,5,4,10.0,0.0,8.0,20,0,5,1.5999999999999943,29.0
4391,,14.0,estoril,False,0.0,False,,False,michael_schumacher,German,benetton,6,1,42.0,0.0,4.0,62,0,2,1.9000000000000057,24.0
4406,1993,14.0,estoril,False,0.0,False,0.0,False,patrese,Italian,benetton,7,16,20.0,0.0,5.0,62,0,2,2.4000000000000057,39.0
4411,1993,14.0,estoril,False,0.0,False,0.0,False,berger,Austrian,ferrari,8,21,10.0,0.0,10.0,20,0,5,2.4000000000000057,34.0
4405,1993,14.0,Auto%#,False,0.0,False,0.0,False,warwick,British,footwork,,15,4.0,0.0,15.0,4,,9,2.9000000000000057,39.0
4409,1993,14.0,estoril,False,0.0,False,0.0,False,blundell,British,ligier,10,19,10.0,0.0,9.0,21,0,4,3.0999999999999943,27.0
4396,1993,14.0,estoril,False,0.0,False,0.0,False,brundle,British,ligier,11,6,11.0,0.0,6.0,21,0,4,3.200000000000003,34.0
4397,1993,14.0,estoril,False,0.0,False,0.0,False,lehto,Finnish,sauber,12,7,5.0,0.0,13.0,10,0,7,3.299999999999997,27.0
4395,1993,14.0,estoril,False,0.0,False,0.0,False,wendlinger,Austrian,sauber,13,5,5.0,0.0,14.0,10,0,7,3.5,24.0
4408,1993,,estoril,False,0.0,False,0.0,False,herbert,British,team_lotus,14,18,11.0,0.0,7.0,12,0,6,3.700000000000003,29.0
4403,1993,14.0,estoril,False,0.0,False,0.0,False,barrichello,Brazilian,jordan,15,13,0.0,0.0,20.0,0,0,11,3.9000000000000057,21.0
4413,1993,14.0,estoril,False,0.0,False,0.0,False,suzuki,,footwork,16,23,0.0,0.0,,4,0,9,4.0,33.0
4402,1993,14.0,estoril,False,0.0,False,0.0,False,cesaris,Italian,tyrrell,17,12,0.0,0.0,25.0,0,0,13,4.400000000000006,34.0
4407,1993,14.0,estoril,False,0.0,False,0.0,False,lamy,Portuguese,team_lotus,18,17,0.0,0.0,28.0,12,0,6,4.400000000000006,21.0
4398,1993,14.0,estoril,False,0.0,False,0.0,False,martini,Italian,minardi,19,8,0.0,0.0,22.0,7,0,8,4.400000000000006,32.0
4400,1993,14.0,estoril,False,0.0,False,0.0,False,alliot,Auto%#,larrousse,20,10,2.0,0.0,16.0,3,0,10,4.599999999999994,39.0
4415,1993,14.0,estoril,False,0.0,,0.0,False,katayama,Japanese,tyrrell,21,25,0.0,0.0,26.0,0,0,13,4.700000000000003,30.0
4401,1993,14.0,estoril,False,0.0,False,0.0,False,comas,French,larrousse,22,11,1.0,0.0,19.0,3,0,10,4.900000000000006,29.0
4416,1993,14.0,estoril,False,0.0,False,0.0,False,naspetti,Italian,Auto%#,23,26,0.0,0.0,0.0,0,0,11,5.099999999999994,25.0
4399,1993,14.0,estoril,False,0.0,False,0.0,False,fittipaldi,Brazilian,minardi,24,9,5.0,0.0,12.0,7,0,8,5.200000000000003,22.0
4410,1993,14.0,estoril,False,0.0,False,0.0,False,alboreto,Italian,lola,25,,0.0,0.0,27.0,0,0,12,5.599999999999994,36.0
4404,1993,14.0,estoril,False,0.0,Auto%#,0.0,False,badoer,Italian,lola,26,14,0.0,0.0,21.0,0,0,12,6.200000000000003,22.0
4418,1993,15.0,suzuka,False,0.0,False,,True,prost,French,williams,,2,87.0,7.0,1.0,149,10,1,0.0,38.0
4417,1993,15.0,suzuka,False,0.0,False,0.0,True,senna,Brazilian,mclaren,2,1,53.0,3.0,3.0,60,3,3,0.0999999999999943,33.0
4419,1993,15.0,suzuka,False,0.0,False,0.0,,hakkinen,,mclaren,3,,0.0,0.0,0.0,60,3,3,0.0999999999999943,25.0
4438,1993,15.0,suzuka,False,,False,0.0,True,michael_schumacher,German,benetton,Auto%#,22,52.0,1.0,4.0,72,1,2,0.2999999999999971,24.0
4432,1993,,suzuka,False,0.0,False,0.0,True,berger,Austrian,ferrari,5,16,10.0,0.0,10.0,23,0,4,0.3999999999999915,34.0
4420,1993,15.0,suzuka,False,0.0,False,0.0,True,damon_hill,British,williams,6,4,62.0,3.0,2.0,149,10,1,1.2000000000000028,33.0
4430,1993,15.0,suzuka,False,0.0,False,0.0,True,warwick,British,footwork,7,14,4.0,0.0,15.0,4,0,9,1.5999999999999943,39.0
4422,1993,15.0,suzuka,False,0.0,False,0.0,True,irvine,British,jordan,8,6,0.0,0.0,0.0,0,0,11,1.7999999999999972,27.0
4433,1993,15.0,suzuka,False,0.0,False,,True,suzuki,Japanese,footwork,9,17,0.0,0.0,23.0,4,0,9,2.0999999999999943,33.0
4431,1993,,suzuka,False,0.0,False,0.0,True,patrese,Italian,benetton,10,15,20.0,0.0,5.0,72,1,2,2.0999999999999943,39.0
4424,1993,15.0,suzuka,False,0.0,False,0.0,True,lehto,Finnish,sauber,11,8,5.0,0.0,13.0,,0,7,2.200000000000003,27.0
,1993,15.0,suzuka,False,0.0,False,0.0,True,barrichello,Brazilian,jordan,12,5,0.0,0.0,21.0,0,0,11,2.200000000000003,21.0
4434,1993,15.0,suzuka,False,0.0,False,0.0,True,gounon,French,minardi,13,18,0.0,0.0,0.0,7,0,8,2.299999999999997,30.0
4439,1993,15.0,,False,0.0,False,0.0,True,alesi,French,ferrari,14,23,13.0,0.0,6.0,23,0,4,2.299999999999997,29.0
4425,1993,15.0,suzuka,False,,False,,True,brundle,British,ligier,15,9,12.0,0.0,7.0,22,0,5,2.799999999999997,34.0
4436,1993,15.0,suzuka,False,0.0,False,0.0,True,wendlinger,Austrian,sauber,16,20,7.0,0.0,12.0,12,0,7,3.0,24.0
4423,1993,15.0,suzuka,,0.0,False,,True,,British,ligier,17,7,10.0,0.0,9.0,22,0,,3.5,27.0
4440,1993,15.0,suzuka,False,0.0,False,0.0,True,cesaris,Italian,,18,24,,0.0,25.0,0,0,13,3.5,34.0
4427,1993,15.0,suzuka,False,0.0,False,0.0,True,herbert,British,team_lotus,Auto%#,11,11.0,0.0,8.0,12,0,6,4.299999999999997,29.0
4429,1993,15.0,suzuka,False,0.0,False,0.0,True,lamy,Portuguese,team_lotus,20,13,0.0,0.0,28.0,12,0,6,4.399999999999992,21.0
4437,1993,15.0,suzuka,False,0.0,False,0.0,True,comas,French,larrousse,21,21,1.0,0.0,19.0,3,0,Auto%#,4.599999999999994,30.0
4426,1993,15.0,suzuka,False,0.0,False,0.0,True,martini,Italian,minardi,22,10,0.0,0.0,20.0,7,0,8,4.799999999999997,32.0
4428,1993,15.0,suzuka,False,0.0,False,0.0,True,toshio_suzuki,Japanese,larrousse,23,12,0.0,0.0,0.0,3,0,10,,38.0
4435,1993,,suzuka,False,0.0,False,0.0,True,katayama,Japanese,,24,19,0.0,0.0,26.0,0,0,13,6.599999999999994,30.0
4441,1993,16.0,adelaide,True,0.0,False,,False,senna,Brazilian,,Auto%#,1,63.0,4.0,,74,4,2,0.0,33.0
4442,1993,16.0,adelaide,True,0.0,False,0.0,False,prost,French,williams,2,2,93.0,,1.0,158,10,1,0.3999999999999915,38.0
4443,1993,16.0,adelaide,True,0.0,,0.0,False,damon_hill,British,williams,3,3,65.0,3.0,2.0,158,10,1,0.3999999999999915,33.0
4459,1993,16.0,adelaide,True,0.0,False,0.0,False,michael_schumacher,German,benetton,4,19,52.0,1.0,4.0,72,1,3,0.6999999999999886,24.0
4458,1993,16.0,adelaide,True,0.0,False,0.0,False,hakkinen,Finnish,mclaren,5,18,4.0,0.0,15.0,74,4,2,0.6999999999999886,25.0
,1993,16.0,adelaide,True,0.0,False,0.0,False,berger,Austrian,ferrari,6,5,10.0,0.0,10.0,23,,4,0.7999999999999972,34.0
4444,1993,16.0,adelaide,True,0.0,False,0.0,False,alesi,French,ferrari,7,4,13.0,0.0,6.0,23,0,4,1.8999999999999917,29.0
4446,1993,16.0,,True,0.0,False,0.0,False,brundle,British,ligier,8,6,,0.0,7.0,22,0,5,2.5999999999999943,34.0
4448,1993,16.0,adelaide,True,0.0,False,0.0,False,patrese,Italian,benetton,9,8,20.0,0.0,5.0,,1,3,2.6999999999999886,39.0
4447,1993,16.0,adelaide,True,0.0,False,0.0,False,suzuki,Japanese,footwork,10,7,0.0,0.0,25.0,4,0,9,2.6999999999999886,33.0
4455,1993,16.0,adelaide,True,0.0,False,0.0,False,wendlinger,Austrian,sauber,11,15,7.0,0.0,12.0,12,0,7,2.6999999999999886,24.0
4456,1993,16.0,adelaide,True,0.0,False,,False,lehto,Finnish,sauber,12,16,5.0,0.0,13.0,12,0,7,2.8999999999999915,27.0
4451,1993,16.0,adelaide,True,0.0,False,0.0,False,barrichello,Brazilian,jordan,13,11,2.0,0.0,18.0,3,0,11,3.0999999999999943,21.0
4449,1993,,adelaide,True,0.0,False,0.0,False,blundell,British,ligier,14,9,10.0,0.0,9.0,22,0,5,3.0999999999999943,27.0
4453,1993,16.0,adelaide,True,0.0,False,0.0,False,cesaris,Auto%#,tyrrell,15,13,0.0,0.0,27.0,0,0,13,3.5,34.0
4463,1993,16.0,adelaide,True,0.0,False,0.0,False,martini,Italian,,16,23,0.0,0.0,23.0,7,0,8,3.5,32.0
4450,1993,16.0,adelaide,True,,False,0.0,False,warwick,British,footwork,,10,4.0,,16.0,4,0,9,3.5,39.0
4460,1993,16.0,adelaide,True,0.0,False,0.0,False,katayama,Japanese,tyrrell,18,20,0.0,0.0,28.0,0,0,13,3.5999999999999943,30.0
4461,1993,16.0,adelaide,True,0.0,False,,False,irvine,British,jordan,19,21,1.0,0.0,22.0,3,0,11,3.899999999999992,27.0
4462,1993,16.0,adelaide,True,0.0,False,0.0,False,herbert,British,team_lotus,20,,11.0,0.0,8.0,12,0,6,4.099999999999994,29.0
4452,1993,16.0,adelaide,True,0.0,False,0.0,False,comas,French,larrousse,21,12,1.0,0.0,21.0,3,0,Auto%#,4.299999999999997,30.0
4457,1993,16.0,adelaide,True,0.0,False,0.0,False,gounon,French,minardi,22,17,0.0,0.0,0.0,7,,8,4.399999999999992,30.0
4464,1993,16.0,adelaide,True,0.0,False,0.0,False,lamy,Portuguese,team_lotus,23,24,0.0,0.0,30.0,12,0,6,6.0,21.0
4454,1993,16.0,adelaide,True,0.0,False,0.0,,toshio_suzuki,Japanese,larrousse,24,14,0.0,0.0,0.0,3,0,10,8.399999999999991,38.0
4477,1994,1.0,interlagos,True,0.0,False,,False,senna,Brazilian,williams,1,13,0.0,,0.0,0,0,0,0.0,34.0
4465,1994,1.0,interlagos,True,0.0,False,0.0,False,michael_schumacher,German,benetton,2,1,0.0,0.0,0.0,0,0,0,0.2999999999999971,25.0
4467,1994,1.0,interlagos,True,0.0,False,0.0,False,alesi,French,ferrari,3,3,0.0,0.0,0.0,0,0,0,1.4000000000000057,29.0
4466,1994,1.0,interlagos,True,0.0,False,0.0,False,damon_hill,British,williams,4,2,0.0,0.0,0.0,,0,Auto%#,1.5999999999999943,33.0
4484,1994,1.0,interlagos,True,0.0,False,0.0,False,frentzen,German,sauber,5,20,0.0,0.0,0.0,0,0,0,1.7999999999999972,26.0
4487,1994,1.0,interlagos,True,0.0,False,0.0,False,morbidelli,Italian,footwork,6,23,0.0,0.0,0.0,0,0,0,1.9000000000000057,26.0
4470,1994,1.0,interlagos,True,0.0,False,0.0,False,wendlinger,Austrian,sauber,7,Auto%#,0.0,0.0,0.0,0,0,0,1.9000000000000057,25.0
4485,1994,1.0,interlagos,True,0.0,False,0.0,False,hakkinen,Finnish,mclaren,8,21,0.0,0.0,0.0,0,,0,2.0999999999999943,25.0
4480,1994,1.0,interlagos,True,0.0,False,0.0,False,verstappen,Dutch,benetton,9,16,0.0,0.0,0.0,0,0,0,2.200000000000003,22.0
4469,1994,1.0,interlagos,True,0.0,False,0.0,False,katayama,Japanese,tyrrell,10,5,0.0,0.0,0.0,0,0,0,2.200000000000003,30.0
4483,1994,1.0,interlagos,True,0.0,False,0.0,False,fittipaldi,,footwork,11,19,0.0,0.0,0.0,0,0,0,2.200000000000003,23.0
4482,1994,1.0,interlagos,True,0.0,False,0.0,False,blundell,British,tyrrell,Auto%#,18,0.0,0.0,0.0,0,,0,2.200000000000003,27.0
4473,1994,1.0,,True,0.0,False,0.0,False,comas,French,larrousse,13,Auto%#,0.0,0.0,0.0,0,0,0,2.299999999999997,30.0
4468,1994,1.0,interlagos,True,0.0,False,0.0,False,barrichello,Brazilian,jordan,14,4,0.0,0.0,0.0,0,0,0,2.4000000000000057,21.0
4472,1994,1.0,interlagos,True,0.0,False,0.0,False,martini,Italian,minardi,15,8,0.0,0.0,0.0,,0,0,2.700000000000003,32.0
4479,1994,1.0,interlagos,True,0.0,False,0.0,False,irvine,British,jordan,16,15,0.0,0.0,0.0,0,0,0,2.799999999999997,28.0
4488,1994,1.0,interlagos,True,0.0,False,0.0,False,berger,Austrian,ferrari,17,24,0.0,,0.0,0,0,0,2.9000000000000057,34.0
4478,1994,1.0,interlagos,True,0.0,False,0.0,False,brundle,British,mclaren,18,14,0.0,0.0,0.0,0,0,0,2.9000000000000057,34.0
4475,1994,1.0,interlagos,True,0.0,False,0.0,False,panis,French,ligier,19,11,0.0,0.0,0.0,0,0,0,3.299999999999997,27.0
4481,1994,1.0,interlagos,True,0.0,False,0.0,False,bernard,French,,20,17,0.0,0.0,0.0,0,0,0,3.4000000000000057,29.0
4471,1994,1.0,interlagos,True,0.0,False,0.0,False,herbert,British,team_lotus,21,7,0.0,0.0,0.0,0,0,0,3.5,29.0
4486,1994,1.0,interlagos,True,0.0,False,0.0,False,alboreto,Italian,minardi,22,22,0.0,0.0,0.0,0,0,0,3.5,37.0
4489,1994,1.0,interlagos,True,0.0,False,0.0,False,beretta,Monegasque,larrousse,23,25,0.0,0.0,0.0,0,0,0,3.5,24.0
4474,1994,1.0,interlagos,True,0.0,False,0.0,False,lamy,,team_lotus,24,10,0.0,0.0,0.0,0,0,0,4.0,22.0
4490,1994,1.0,interlagos,True,0.0,False,0.0,Auto%#,gachot,Belgian,pacific,25,26,0.0,0.0,0.0,0,0,0,4.700000000000003,31.0
4476,1994,1.0,interlagos,True,0.0,False,0.0,False,brabham,Australian,simtek,26,12,0.0,0.0,0.0,0,0,0,5.200000000000003,28.0
4514,1994,2.0,okayama,True,0.0,False,0.0,False,senna,Brazilian,williams,1,24,0.0,0.0,13.0,6,0,2,0.0,34.0
4491,1994,2.0,okayama,True,0.0,False,0.0,False,michael_schumacher,German,benetton,2,1,10.0,1.0,1.0,10,1,1,0.2000000000000028,25.0
4508,1994,2.0,okayama,True,0.0,False,0.0,False,damon_hill,British,,Auto%#,18,6.0,0.0,2.0,6,0,2,0.5999999999999943,33.0
4511,1994,2.0,okayama,True,0.0,False,0.0,False,hakkinen,Finnish,mclaren,4,21,0.0,0.0,21.0,0,0,12,1.5,25.0
4492,1994,2.0,okayama,True,0.0,False,0.0,False,berger,Auto%#,ferrari,5,2,0.0,0.0,24.0,4,0,3,1.5,34.0
4505,1994,2.0,okayama,True,0.0,False,0.0,False,brundle,Auto%#,mclaren,6,15,,0.0,14.0,0,0,12,2.200000000000003,34.0
4515,1994,2.0,okayama,True,0.0,False,0.0,False,larini,Italian,ferrari,7,25,0.0,,0.0,4,0,3,2.200000000000003,30.0
4493,1994,2.0,okayama,True,0.0,False,0.0,False,barrichello,Brazilian,jordan,,3,3.0,0.0,4.0,3,0,4,2.200000000000003,21.0
4494,1994,2.0,okayama,True,0.0,False,0.0,False,fittipaldi,Brazilian,footwork,9,4,0.0,0.0,19.0,0,0,,2.200000000000003,23.0
4507,1994,2.0,okayama,True,0.0,False,0.0,False,verstappen,Dutch,benetton,10,Auto%#,0.0,0.0,16.0,10,1,1,2.3999999999999915,22.0
4495,1994,2.0,okayama,True,0.0,False,0.0,False,frentzen,German,sauber,11,5,0.0,0.0,20.0,1,0,6,2.5,26.0
4516,1994,2.0,okayama,True,0.0,False,0.0,False,blundell,British,tyrrell,12,26,0.0,0.0,18.0,2,0,5,2.5999999999999943,28.0
4502,1994,2.0,okayama,True,0.0,False,0.0,False,morbidelli,,footwork,13,12,0.0,0.0,23.0,0,0,13,2.700000000000003,26.0
4510,1994,2.0,okayama,True,,False,0.0,False,katayama,Japanese,tyrrell,14,20,2.0,0.0,5.0,2,0,5,2.799999999999997,30.0
4504,1994,2.0,okayama,True,0.0,False,0.0,Auto%#,alboreto,Italian,minardi,15,14,0.0,0.0,22.0,0,0,8,2.799999999999997,37.0
4496,1994,2.0,okayama,True,0.0,False,0.0,False,comas,French,larrousse,16,6,0.0,0.0,9.0,0,0,9,2.8999999999999915,30.0
4506,1994,2.0,okayama,True,0.0,False,0.0,False,martini,Italian,minardi,17,16,0.0,0.0,8.0,0,0,8,3.299999999999997,32.0
4500,1994,2.0,okayama,True,0.0,False,0.0,False,bernard,French,ligier,Auto%#,10,0.0,0.0,17.0,0,,10,3.3999999999999915,29.0
4503,1994,2.0,okayama,True,0.0,False,0.0,False,wendlinger,Austrian,sauber,19,13,,0.0,6.0,1,0,6,3.700000000000003,25.0
4509,1994,2.0,okayama,True,0.0,False,0.0,False,suzuki,Japanese,jordan,20,19,0.0,0.0,0.0,3,,4,3.700000000000003,
4512,1994,2.0,okayama,True,0.0,False,0.0,False,beretta,Monegasque,larrousse,21,22,0.0,0.0,25.0,0,0,9,3.899999999999992,24.0
4499,1994,2.0,okayama,,0.0,False,0.0,False,panis,French,ligier,22,9,0.0,0.0,11.0,0,0,10,3.899999999999992,27.0
4497,1994,2.0,okayama,True,0.0,False,0.0,False,herbert,British,team_lotus,23,7,0.0,0.0,7.0,0,,7,4.200000000000003,29.0
4498,1994,2.0,okayama,True,0.0,False,0.0,False,,Portuguese,team_lotus,24,8,0.0,0.0,,0,0,7,4.5,22.0
4513,1994,2.0,okayama,True,0.0,False,,False,brabham,Australian,simtek,25,23,0.0,,12.0,0,0,11,4.5,28.0
4501,1994,2.0,okayama,True,0.0,False,0.0,False,ratzenberger,Austrian,simtek,26,11,0.0,0.0,27.0,0,0,11,6.200000000000003,33.0
4538,1994,3.0,imola,True,0.0,False,0.0,False,senna,Brazilian,williams,1,22,0.0,0.0,19.0,6,0,4,0.0,34.0
4517,1994,3.0,imola,True,0.0,False,0.0,False,michael_schumacher,German,,2,1,20.0,2.0,1.0,20,2,1,0.4000000000000057,25.0
4537,1994,3.0,imola,True,0.0,False,0.0,False,berger,Austrian,ferrari,3,21,6.0,0.0,4.0,10,0,2,0.5999999999999943,34.0
4522,1994,3.0,imola,True,0.0,False,0.0,False,damon_hill,British,williams,4,6,6.0,0.0,3.0,6,0,4,0.7000000000000028,33.0
4540,1994,3.0,imola,True,0.0,False,0.0,False,lehto,Finnish,benetton,5,24,0.0,0.0,0.0,20,2,1,1.2000000000000028,
4518,1994,3.0,imola,True,0.0,False,0.0,False,larini,Italian,ferrari,6,2,0.0,0.0,28.0,10,0,2,1.2999999999999972,30.0
4523,1994,3.0,imola,True,0.0,False,0.0,False,frentzen,German,sauber,7,7,2.0,0.0,7.0,3,0,,1.5999999999999943,
4519,1994,3.0,imola,,,False,0.0,False,hakkinen,Finnish,mclaren,8,3,0.0,0.0,26.0,0,,13,1.5999999999999943,25.0
4521,1994,3.0,imola,True,0.0,False,0.0,False,katayama,Japanese,tyrrell,9,5,2.0,0.0,8.0,2,0,7,1.7999999999999972,30.0
4520,1994,3.0,imola,True,0.0,False,0.0,False,wendlinger,Austrian,sauber,10,4,1.0,0.0,10.0,3,0,6,1.7999999999999972,25.0
4532,1994,3.0,imola,True,0.0,False,0.0,False,morbidelli,Italian,footwork,11,16,0.0,0.0,18.0,3,0,5,2.200000000000003,26.0
4525,1994,3.0,imola,True,0.0,False,0.0,False,blundell,British,tyrrell,12,9,0.0,0.0,24.0,2,0,7,2.200000000000003,28.0
4524,1994,3.0,imola,True,0.0,False,0.0,,brundle,British,mclaren,13,Auto%#,0.0,0.0,20.0,0,0,13,2.4000000000000057,34.0
4533,1994,3.0,imola,True,0.0,False,0.0,False,martini,Italian,minardi,14,17,0.0,0.0,13.0,0,0,10,2.5999999999999943,33.0
4531,1994,3.0,imola,True,0.0,False,0.0,False,alboreto,Italian,minardi,15,15,0.0,0.0,21.0,0,0,10,2.799999999999997,37.0
4529,1994,,imola,True,0.0,False,0.0,False,fittipaldi,Brazilian,footwork,16,13,3.0,0.0,6.0,3,0,5,3.0,23.0
4528,1994,3.0,imola,True,0.0,False,0.0,False,bernard,French,ligier,17,12,0.0,0.0,15.0,0,0,11,3.200000000000003,29.0
4539,1994,3.0,imola,True,0.0,False,0.0,False,,Auto%#,larrousse,18,23,1.0,0.0,9.0,1,0,8,3.4000000000000057,30.0
4527,1994,3.0,imola,True,0.0,False,0.0,False,panis,French,ligier,19,11,0.0,0.0,14.0,0,0,11,3.5,27.0
4526,1994,3.0,imola,True,0.0,False,0.0,False,herbert,British,team_lotus,20,10,0.0,0.0,11.0,0,0,9,3.5999999999999943,29.0
4530,1994,3.0,imola,True,0.0,False,0.0,False,cesaris,Italian,jordan,21,14,0.0,0.0,0.0,7,0,3,3.700000000000003,34.0
4541,1994,3.0,imola,True,0.0,False,,False,lamy,Portuguese,team_lotus,,25,0.0,0.0,12.0,0,0,9,3.799999999999997,22.0
,1994,3.0,imola,,0.0,False,0.0,False,beretta,Monegasque,larrousse,23,20,0.0,0.0,27.0,1,0,8,4.5,24.0
4534,1994,3.0,imola,True,0.0,Auto%#,0.0,False,brabham,Australian,simtek,24,18,0.0,0.0,17.0,0,0,12,5.299999999999997,28.0
,1994,3.0,imola,True,0.0,False,0.0,False,gachot,Belgian,Auto%#,25,19,0.0,0.0,29.0,0,0,14,5.599999999999994,31.0
4542,1994,4.0,monaco,True,0.0,False,0.0,False,michael_schumacher,German,benetton,1,1,30.0,3.0,1.0,30,3,1,0.0,25.0
4562,1994,4.0,monaco,True,0.0,False,0.0,False,hakkinen,Finnish,mclaren,2,21,4.0,0.0,6.0,4,0,6,0.9000000000000057,25.0
4544,1994,4.0,monaco,True,0.0,False,0.0,False,berger,Austrian,ferrari,3,3,6.0,0.0,4.0,16,0,2,1.4000000000000057,34.0
4563,1994,4.0,monaco,True,0.0,False,0.0,False,damon_hill,British,williams,4,22,7.0,0.0,2.0,7,0,3,1.5,33.0
4546,1994,,monaco,True,0.0,False,0.0,False,alesi,French,,5,5,4.0,0.0,7.0,16,0,2,1.9000000000000057,29.0
4556,1994,4.0,monaco,True,0.0,False,0.0,False,fittipaldi,Brazilian,footwork,6,Auto%#,3.0,0.0,10.0,3,0,8,2.5,
4564,1994,4.0,monaco,True,0.0,False,0.0,False,morbidelli,Italian,footwork,7,23,0.0,0.0,22.0,3,0,8,2.6000000000000085,26.0
4543,1994,4.0,monaco,True,0.0,False,0.0,False,brundle,British,mclaren,8,2,0.0,0.0,15.0,4,0,6,2.6000000000000085,34.0
4565,1994,4.0,monaco,True,0.0,False,0.0,False,martini,Italian,minardi,9,24,0.0,0.0,16.0,0,0,11,2.700000000000003,33.0
4558,1994,4.0,monaco,True,0.0,False,0.0,False,blundell,British,tyrrell,10,17,,0.0,18.0,4,0,7,3.0,28.0
4559,1994,4.0,monaco,True,0.0,False,0.0,False,katayama,Japanese,tyrrell,11,18,,0.0,9.0,4,0,7,3.1000000000000085,30.0
4547,1994,4.0,monaco,True,0.0,False,0.0,False,alboreto,Italian,minardi,12,6,0.0,0.0,24.0,0,0,11,3.200000000000003,37.0
4551,1994,4.0,monaco,True,0.0,False,0.0,False,comas,French,larrousse,13,10,1.0,,12.0,1,0,9,3.6000000000000085,30.0
4545,1994,4.0,monaco,True,,False,0.0,False,cesaris,Italian,jordan,,4,0.0,0.0,25.0,7,0,4,3.700000000000003,34.0
4561,,4.0,monaco,True,0.0,False,0.0,False,barrichello,Brazilian,,15,,7.0,0.0,,7,0,4,3.8000000000000114,21.0
4553,,4.0,monaco,True,0.0,False,0.0,False,,Auto%#,team_lotus,16,12,0.0,0.0,13.0,0,0,10,3.8000000000000114,29.0
4548,1994,4.0,monaco,,0.0,,0.0,,lehto,Finnish,benetton,17,7,0.0,0.0,0.0,30,3,1,4.1000000000000085,28.0
4549,1994,4.0,monaco,True,0.0,,0.0,,beretta,Monegasque,larrousse,18,8,,0.0,30.0,1,0,9,4.400000000000006,24.0
4552,1994,4.0,monaco,True,0.0,False,0.0,False,lamy,Portuguese,team_lotus,,11,0.0,0.0,14.0,0,0,10,5.300000000000011,22.0
4550,1994,4.0,monaco,True,0.0,False,0.0,False,panis,French,ligier,20,9,0.0,0.0,17.0,0,0,12,5.5,27.0
4560,1994,4.0,monaco,True,0.0,False,0.0,False,bernard,French,ligier,21,19,0.0,0.0,19.0,0,0,12,5.800000000000011,29.0
4557,1994,4.0,monaco,True,0.0,False,,False,brabham,Australian,simtek,22,16,0.0,0.0,21.0,0,0,13,6.1000000000000085,28.0
4555,1994,4.0,monaco,True,,False,0.0,False,gachot,Belgian,pacific,23,Auto%#,0.0,0.0,28.0,0,0,14,7.5,31.0
4554,1994,4.0,monaco,True,0.0,False,0.0,False,belmondo,French,pacific,24,13,0.0,0.0,0.0,0,0,14,11.400000000000006,31.0
4567,1994,5.0,catalunya,True,0.0,False,0.0,False,,German,benetton,1,2,40.0,4.0,1.0,40,4,1,0.0,25.0
4566,1994,5.0,catalunya,True,0.0,False,0.0,False,damon_hill,British,williams,2,1,7.0,0.0,3.0,7,0,5,0.6999999999999886,33.0
4578,1994,5.0,catalunya,True,0.0,False,0.0,False,hakkinen,Finnish,mclaren,,13,4.0,0.0,8.0,10,0,3,0.7999999999999972,25.0
4577,1994,5.0,catalunya,True,0.0,False,0.0,False,lehto,Finnish,benetton,4,12,0.0,0.0,17.0,40,4,1,1.0999999999999943,
4580,1994,5.0,catalunya,True,0.0,False,0.0,Auto%#,barrichello,Auto%#,jordan,5,15,7.0,0.0,4.0,10,0,4,1.6999999999999886,22.0
4569,1994,5.0,catalunya,True,0.0,False,0.0,False,alesi,French,ferrari,6,4,6.0,0.0,7.0,22,0,2,1.7999999999999972,29.0
4584,1994,5.0,catalunya,True,0.0,False,0.0,False,berger,Austrian,ferrari,7,19,10.0,0.0,2.0,22,0,2,1.7999999999999972,34.0
4576,1994,5.0,catalunya,True,0.0,False,0.0,False,brundle,British,mclaren,8,11,6.0,0.0,5.0,10,0,3,1.8999999999999917,34.0
4582,1994,5.0,,,0.0,False,0.0,False,,British,williams,9,17,0.0,0.0,0.0,7,0,,1.8999999999999917,23.0
4588,1994,5.0,catalunya,True,0.0,False,0.0,False,katayama,Japanese,tyrrell,10,23,4.0,0.0,10.0,4,0,7,2.0999999999999943,31.0
4568,1994,5.0,catalunya,True,0.0,False,0.0,False,blundell,British,tyrrell,11,3,0.0,0.0,22.0,4,0,7,2.0999999999999943,28.0
4586,1994,5.0,catalunya,True,0.0,False,,False,frentzen,German,sauber,12,21,2.0,0.0,,6,0,6,2.3999999999999915,27.0
4571,1994,5.0,catalunya,True,0.0,False,0.0,False,irvine,British,jordan,13,6,0.0,0.0,30.0,10,0,4,3.0,28.0
4589,1994,5.0,catalunya,True,0.0,False,0.0,False,alboreto,Italian,minardi,14,24,1.0,0.0,15.0,1,0,10,3.0999999999999943,37.0
4585,1994,5.0,catalunya,True,0.0,False,0.0,False,morbidelli,Italian,footwork,15,20,0.0,0.0,26.0,3,0,8,3.0999999999999943,26.0
4587,1994,5.0,catalunya,True,0.0,False,0.0,False,comas,French,larrousse,16,22,1.0,0.0,14.0,1,0,,3.1999999999999886,30.0
4591,1994,5.0,catalunya,True,0.0,False,0.0,False,beretta,Monegasque,larrousse,17,26,0.0,0.0,,1,0,9,3.299999999999997,24.0
4570,1994,5.0,catalunya,True,0.0,False,0.0,False,martini,Italian,minardi,18,5,,0.0,19.0,1,0,10,3.299999999999997,33.0
4572,1994,5.0,catalunya,True,0.0,False,0.0,False,panis,French,ligier,19,7,0.0,0.0,21.0,0,0,12,3.6999999999999886,27.0
4573,1994,5.0,catalunya,True,0.0,False,0.0,False,,French,ligier,20,8,0.0,0.0,,0,0,12,3.899999999999992,29.0
4581,1994,5.0,catalunya,True,0.0,False,0.0,False,fittipaldi,Brazilian,footwork,21,,3.0,0.0,11.0,3,0,8,4.199999999999989,23.0
4579,1994,5.0,,True,0.0,False,,False,herbert,British,,22,14,0.0,0.0,16.0,0,0,Auto%#,4.5,29.0
,1994,5.0,catalunya,True,0.0,False,0.0,False,zanardi,Italian,,23,9,0.0,0.0,0.0,0,0,11,5.799999999999997,27.0
4575,1994,5.0,catalunya,True,0.0,False,0.0,False,brabham,Australian,simtek,24,10,0.0,0.0,25.0,0,0,13,6.299999999999997,28.0
4583,1994,5.0,catalunya,True,0.0,False,,False,gachot,Belgian,pacific,25,18,0.0,0.0,0.0,0,0,14,7.0,31.0
4590,1994,5.0,catalunya,True,0.0,False,0.0,False,belmondo,French,pacific,26,25,0.0,0.0,28.0,0,0,14,8.799999999999997,31.0
4592,1994,6.0,villeneuve,False,0.0,False,0.0,False,michael_schumacher,German,benetton,1,1,46.0,4.0,1.0,46,4,1,0.0,25.0
4594,1994,6.0,villeneuve,False,0.0,False,0.0,False,alesi,French,ferrari,2,,9.0,0.0,4.0,25,0,2,0.0999999999999943,30.0
4595,1994,6.0,villeneuve,False,0.0,False,0.0,False,berger,Austrian,ferrari,3,4,10.0,0.0,3.0,25,0,2,0.8999999999999915,34.0
4593,,6.0,villeneuve,False,0.0,False,0.0,False,damon_hill,British,williams,4,2,17.0,1.0,2.0,17,1,3,0.8999999999999915,33.0
4596,1994,6.0,villeneuve,False,0.0,False,0.0,False,coulthard,,williams,5,5,0.0,0.0,0.0,17,1,3,1.0,23.0
4598,1994,6.0,villeneuve,False,0.0,False,0.0,False,barrichello,Brazilian,jordan,6,7,7.0,0.0,5.0,,0,4,1.3999999999999917,22.0
4608,1994,6.0,villeneuve,False,0.0,False,0.0,False,hakkinen,Finnish,mclaren,7,17,4.0,0.0,9.0,10,0,5,1.3999999999999917,25.0
4614,1994,6.0,villeneuve,False,0.0,False,0.0,False,irvine,British,jordan,8,23,1.0,0.0,18.0,11,0,4,1.5999999999999943,28.0
4613,1994,6.0,villeneuve,False,0.0,False,0.0,False,katayama,Japanese,tyrrell,9,22,4.0,0.0,11.0,8,0,6,1.5999999999999943,31.0
4616,1994,6.0,villeneuve,False,0.0,False,0.0,False,frentzen,German,sauber,10,25,2.0,0.0,14.0,6,0,7,1.7999999999999972,27.0
4610,1994,6.0,villeneuve,False,0.0,False,0.0,False,morbidelli,Italian,footwork,11,19,0.0,0.0,28.0,3,0,8,1.7999999999999972,26.0
4617,1994,6.0,villeneuve,,0.0,False,0.0,False,brundle,British,,12,26,6.0,0.0,6.0,10,0,5,2.0,35.0
4601,1994,6.0,villeneuve,False,0.0,False,0.0,False,blundell,British,tyrrell,13,10,4.0,0.0,8.0,8,0,6,2.3999999999999915,28.0
4615,1994,6.0,villeneuve,False,0.0,False,0.0,False,cesaris,Italian,sauber,,24,3.0,0.0,13.0,6,0,7,2.5,35.0
4600,1994,6.0,villeneuve,False,0.0,False,0.0,False,martini,Italian,minardi,15,9,2.0,0.0,15.0,3,0,9,2.5999999999999943,33.0
4607,1994,6.0,villeneuve,False,0.0,False,0.0,False,fittipaldi,Brazilian,footwork,16,16,3.0,0.0,12.0,3,0,8,2.700000000000003,23.0
4599,1994,6.0,villeneuve,False,0.0,False,0.0,False,herbert,British,team_lotus,17,8,0.0,0.0,19.0,0,0,,2.700000000000003,29.0
4602,1994,6.0,villeneuve,False,0.0,False,0.0,False,alboreto,Italian,minardi,18,11,1.0,0.0,17.0,3,0,9,2.700000000000003,37.0
,1994,6.0,villeneuve,False,0.0,False,0.0,False,panis,French,ligier,19,,0.0,0.0,20.0,0,0,12,2.799999999999997,27.0
4597,1994,6.0,villeneuve,False,0.0,False,0.0,False,lehto,Finnish,benetton,20,6,0.0,0.0,21.0,46,4,1,2.799999999999997,28.0
4612,1994,6.0,villeneuve,False,0.0,False,0.0,False,comas,French,larrousse,21,21,1.0,0.0,16.0,1,0,10,2.799999999999997,30.0
4609,1994,6.0,villeneuve,False,0.0,False,0.0,False,beretta,Monegasque,Auto%#,22,18,0.0,0.0,24.0,1,,10,3.200000000000003,24.0
4606,1994,6.0,villeneuve,False,0.0,False,0.0,False,zanardi,Italian,team_lotus,23,15,0.0,0.0,25.0,0,0,11,4.0,
4604,1994,6.0,villeneuve,False,0.0,False,,False,bernard,French,ligier,,13,0.0,0.0,23.0,0,0,12,4.299999999999997,29.0
4605,1994,6.0,villeneuve,False,0.0,False,0.0,False,brabham,Australian,simtek,,14,0.0,0.0,26.0,0,0,13,5.399999999999992,28.0
4611,1994,,villeneuve,False,0.0,False,0.0,False,gachot,,pacific,26,20,0.0,0.0,0.0,0,0,14,6.599999999999994,31.0
4619,1994,7.0,magny_cours,True,0.0,Auto%#,0.0,False,,British,williams,1,2,23.0,1.0,2.0,25,1,3,0.0,33.0
4631,1994,7.0,magny_cours,True,0.0,False,0.0,,mansell,British,williams,2,14,0.0,0.0,0.0,25,1,3,0.1000000000000085,40.0
4618,1994,7.0,magny_cours,True,0.0,False,0.0,False,michael_schumacher,German,benetton,3,1,56.0,5.0,1.0,57,,1,0.4000000000000057,25.0
4632,1994,7.0,magny_cours,True,0.0,False,0.0,False,alesi,French,ferrari,4,15,13.0,0.0,4.0,32,0,2,0.7000000000000028,30.0
4620,1994,,magny_cours,True,0.0,False,0.0,False,berger,Austrian,ferrari,5,3,,0.0,3.0,,0,2,0.7000000000000028,34.0
,1994,,magny_cours,True,0.0,False,0.0,False,irvine,British,jordan,6,24,1.0,0.0,20.0,11,0,4,1.1000000000000083,28.0
4633,1994,7.0,magny_cours,True,0.0,False,0.0,False,barrichello,Brazilian,jordan,7,16,7.0,0.0,5.0,11,0,4,1.2000000000000028,22.0
4640,,7.0,magny_cours,True,0.0,False,0.0,False,verstappen,Dutch,benetton,8,23,0.0,0.0,0.0,57,5,1,1.2999999999999972,22.0
4630,1994,7.0,magny_cours,True,0.0,False,0.0,False,hakkinen,Finnish,mclaren,9,13,4.0,0.0,9.0,10,0,5,1.5,25.0
4621,,7.0,magny_cours,True,0.0,False,0.0,False,frentzen,German,sauber,10,4,2.0,0.0,14.0,6,,7,1.5,27.0
4623,1994,7.0,magny_cours,True,0.0,False,0.0,False,cesaris,Italian,sauber,11,6,3.0,0.0,13.0,6,0,7,1.6000000000000083,35.0
4636,1994,7.0,magny_cours,True,0.0,False,0.0,False,brundle,British,mclaren,12,Auto%#,6.0,0.0,6.0,10,0,5,1.7000000000000028,35.0
4638,1994,7.0,magny_cours,True,0.0,False,0.0,False,panis,French,ligier,13,21,0.0,0.0,22.0,0,0,12,1.7000000000000028,27.0
4629,1994,7.0,magny_cours,True,0.0,False,0.0,False,katayama,Japanese,tyrrell,14,12,4.0,0.0,11.0,8,0,6,1.9000000000000057,31.0
4634,1994,7.0,magny_cours,True,0.0,False,,False,bernard,French,ligier,15,17,0.0,0.0,24.0,0,0,12,1.9000000000000057,29.0
4622,1994,7.0,Auto%#,True,0.0,False,0.0,,martini,Italian,minardi,16,5,2.0,0.0,15.0,3,0,9,1.9000000000000057,
4627,,7.0,magny_cours,True,0.0,False,0.0,False,blundell,British,tyrrell,17,10,4.0,0.0,8.0,8,0,6,2.1000000000000085,28.0
4625,1994,7.0,magny_cours,True,0.0,False,0.0,False,fittipaldi,Brazilian,footwork,18,8,3.0,0.0,12.0,3,0,8,2.299999999999997,23.0
4624,1994,7.0,magny_cours,True,0.0,False,0.0,False,herbert,British,team_lotus,19,7,0.0,0.0,21.0,0,0,,2.4000000000000057,30.0
4628,1994,7.0,magny_cours,True,0.0,False,0.0,False,comas,French,larrousse,20,11,1.0,0.0,18.0,1,0,10,2.5,30.0
4642,1994,7.0,magny_cours,True,0.0,False,0.0,False,alboreto,Italian,Auto%#,21,25,1.0,0.0,19.0,3,0,9,2.6000000000000085,37.0
4637,1994,7.0,magny_cours,True,0.0,False,0.0,False,morbidelli,Italian,footwork,22,20,0.0,0.0,29.0,3,0,8,2.6000000000000085,26.0
4643,1994,7.0,magny_cours,True,0.0,False,0.0,False,zanardi,Italian,team_lotus,23,26,0.0,0.0,26.0,0,0,11,2.799999999999997,27.0
4639,1994,7.0,magny_cours,True,0.0,False,0.0,,brabham,Australian,simtek,24,22,0.0,0.0,27.0,0,0,13,3.5,
,1994,7.0,magny_cours,True,0.0,False,,False,beretta,Monegasque,,25,18,0.0,0.0,25.0,1,0,10,3.6000000000000085,24.0
4626,1994,7.0,magny_cours,True,0.0,False,0.0,False,gounon,French,simtek,26,Auto%#,0.0,0.0,0.0,0,0,13,5.5,31.0
4644,1994,8.0,Auto%#,True,0.0,False,0.0,False,damon_hill,British,williams,1,1,29.0,1.0,2.0,31,1,3,0.0,33.0
4660,1994,8.0,silverstone,True,0.0,False,0.0,False,michael_schumacher,German,benetton,2,17,66.0,6.0,1.0,67,6,1,0.0,25.0
4662,1994,8.0,silverstone,True,0.0,False,0.0,False,berger,Austrian,ferrari,3,19,17.0,0.0,3.0,36,0,2,0.0,34.0
4645,1994,8.0,silverstone,True,0.0,False,0.0,False,alesi,French,ferrari,4,2,13.0,0.0,4.0,36,0,2,0.5,30.0
4646,1994,8.0,silverstone,True,0.0,False,0.0,False,hakkinen,Finnish,mclaren,5,3,4.0,0.0,10.0,10,0,5,1.2999999999999972,25.0
4647,1994,8.0,,True,0.0,False,0.0,False,barrichello,Brazilian,Auto%#,6,4,7.0,,5.0,11,0,,1.2999999999999972,22.0
4648,1994,8.0,silverstone,True,0.0,False,0.0,False,coulthard,British,williams,7,5,2.0,0.0,16.0,31,1,3,1.2999999999999972,23.0
4649,1994,8.0,silverstone,True,0.0,False,0.0,False,katayama,Japanese,tyrrell,8,6,4.0,0.0,14.0,8,0,7,1.4000000000000057,31.0
,1994,8.0,,True,0.0,False,0.0,False,brundle,British,mclaren,9,25,6.0,0.0,6.0,10,0,5,1.7999999999999972,35.0
4651,1994,8.0,silverstone,True,0.0,False,0.0,False,verstappen,Dutch,benetton,10,8,0.0,0.0,0.0,67,6,1,1.7999999999999972,22.0
4663,1994,8.0,silverstone,True,0.0,False,0.0,False,blundell,British,tyrrell,11,20,4.0,0.0,9.0,,0,7,1.9000000000000057,28.0
4669,1994,8.0,silverstone,True,0.0,False,0.0,False,irvine,British,jordan,12,26,1.0,0.0,,11,0,4,2.0999999999999943,28.0
4650,1994,8.0,silverstone,True,0.0,False,0.0,False,frentzen,German,,13,7,5.0,0.0,,10,0,6,2.299999999999997,27.0
4653,1994,,silverstone,True,0.0,False,0.0,False,martini,Italian,minardi,14,10,4.0,0.0,13.0,5,0,8,2.5,33.0
4655,1994,8.0,silverstone,True,0.0,False,0.0,False,panis,French,ligier,15,12,0.0,0.0,22.0,0,0,12,2.799999999999997,27.0
4666,,8.0,,True,0.0,False,0.0,False,morbidelli,Italian,footwork,16,23,0.0,0.0,0.0,3,0,9,2.9000000000000057,26.0
4661,1994,8.0,silverstone,True,0.0,False,0.0,False,alboreto,Italian,minardi,17,18,1.0,0.0,19.0,5,0,8,3.0999999999999943,37.0
4665,1994,8.0,silverstone,True,0.0,False,0.0,False,,Italian,sauber,18,22,4.0,0.0,12.0,10,0,6,3.200000000000003,35.0
4667,1994,8.0,,True,0.0,False,0.0,False,zanardi,Italian,team_lotus,19,24,0.0,0.0,26.0,0,0,Auto%#,3.200000000000003,27.0
,1994,8.0,silverstone,True,0.0,False,0.0,False,fittipaldi,Brazilian,,,9,3.0,0.0,15.0,3,,9,3.200000000000003,23.0
4654,1994,8.0,silverstone,True,0.0,False,0.0,False,,British,team_lotus,21,11,0.0,0.0,21.0,0,0,11,3.299999999999997,30.0
4664,1994,8.0,silverstone,True,0.0,False,0.0,False,comas,French,larrousse,22,21,,0.0,18.0,1,0,,3.5,30.0
,1994,8.0,silverstone,True,0.0,False,0.0,False,bernard,French,ligier,23,13,0.0,0.0,24.0,0,0,12,4.0,29.0
4657,,8.0,silverstone,True,0.0,False,0.0,False,beretta,Monegasque,larrousse,24,14,0.0,0.0,25.0,1,0,10,4.299999999999997,24.0
4658,1994,8.0,silverstone,True,0.0,False,0.0,False,brabham,Australian,simtek,25,15,0.0,,28.0,0,0,13,5.700000000000003,28.0
4659,1994,8.0,silverstone,True,0.0,False,0.0,False,gounon,French,simtek,26,16,0.0,0.0,27.0,0,0,13,5.700000000000003,31.0
4670,1994,9.0,hockenheimring,True,0.0,False,0.0,False,berger,Austrian,ferrari,1,1,17.0,0.0,4.0,42,0,3,0.0,34.0
4685,1994,9.0,hockenheimring,True,0.0,False,0.0,False,alesi,French,ferrari,2,16,19.0,0.0,3.0,42,0,3,0.4000000000000057,30.0
4677,1994,9.0,hockenheimring,True,0.0,False,0.0,False,damon_hill,British,,3,8,39.0,2.0,2.0,43,2,2,0.4000000000000057,33.0
4680,1994,9.0,hockenheimring,True,0.0,False,0.0,False,michael_schumacher,German,benetton,4,11,66.0,6.0,1.0,67,6,1,0.7000000000000028,25.0
4684,,9.0,hockenheimring,True,0.0,False,0.0,False,katayama,Japanese,tyrrell,5,15,5.0,0.0,,9,0,,1.1000000000000083,31.0
4682,1994,9.0,hockenheimring,True,0.0,False,0.0,False,coulthard,British,williams,6,Auto%#,4.0,0.0,15.0,43,2,2,1.5,23.0
4686,1994,9.0,hockenheimring,True,0.0,False,0.0,False,blundell,British,tyrrell,7,17,4.0,0.0,11.0,9,0,7,1.9000000000000057,28.0
4687,1994,9.0,hockenheimring,True,0.0,False,0.0,False,hakkinen,Auto%#,mclaren,8,18,8.0,0.0,6.0,14,0,4,1.9000000000000057,25.0
4688,1994,9.0,hockenheimring,True,0.0,False,0.0,False,frentzen,German,sauber,9,19,5.0,0.0,9.0,10,0,6,2.300000000000012,27.0
4689,1994,9.0,hockenheimring,True,0.0,False,0.0,False,irvine,British,jordan,10,20,1.0,0.0,20.0,14,0,Auto%#,2.300000000000012,28.0
4690,1994,9.0,hockenheimring,True,0.0,False,0.0,False,barrichello,Brazilian,jordan,11,21,10.0,0.0,5.0,14,0,5,2.300000000000012,22.0
4671,1994,9.0,hockenheimring,True,0.0,False,0.0,False,panis,French,ligier,Auto%#,2,0.0,0.0,22.0,0,0,12,,27.0
4681,1994,9.0,hockenheimring,True,0.0,Auto%#,0.0,False,brundle,British,mclaren,13,12,6.0,0.0,7.0,14,0,4,2.6000000000000085,35.0
4672,1994,9.0,hockenheimring,True,0.0,False,0.0,False,bernard,French,ligier,14,3,0.0,0.0,24.0,0,0,12,2.700000000000003,29.0
4691,1994,9.0,hockenheimring,True,0.0,False,0.0,False,herbert,British,team_lotus,15,22,0.0,0.0,21.0,0,0,11,3.0,30.0
4674,1994,,hockenheimring,True,0.0,False,0.0,,morbidelli,Italian,footwork,16,5,0.0,0.0,0.0,3,0,9,3.200000000000003,26.0
4673,1994,9.0,hockenheimring,True,0.0,False,0.0,False,fittipaldi,Brazilian,footwork,17,4,3.0,0.0,16.0,3,0,9,3.5,23.0
4692,1994,9.0,hockenheimring,True,0.0,False,0.0,False,cesaris,Italian,sauber,18,23,4.0,0.0,13.0,10,0,6,3.6000000000000085,35.0
4683,1994,9.0,hockenheimring,True,0.0,False,0.0,False,verstappen,Dutch,benetton,19,14,0.0,0.0,26.0,67,6,1,3.700000000000003,22.0
4693,1994,9.0,hockenheimring,True,0.0,False,0.0,,martini,Italian,minardi,20,24,4.0,0.0,14.0,5,0,8,3.8000000000000114,33.0
4694,1994,9.0,hockenheimring,True,0.0,False,0.0,False,zanardi,Italian,team_lotus,21,25,0.0,0.0,27.0,0,0,11,3.8000000000000114,27.0
4675,1994,9.0,hockenheimring,True,0.0,False,0.0,False,comas,French,larrousse,22,6,1.0,0.0,18.0,1,0,10,4.6000000000000085,30.0
4695,1994,9.0,,True,0.0,False,0.0,False,alboreto,Italian,minardi,23,26,1.0,0.0,19.0,5,0,8,4.700000000000003,37.0
4676,1994,9.0,hockenheimring,True,0.0,False,0.0,False,beretta,Monegasque,larrousse,24,7,0.0,0.0,25.0,1,0,10,5.1000000000000085,24.0
4679,1994,9.0,hockenheimring,True,0.0,False,0.0,False,brabham,Australian,simtek,25,10,0.0,0.0,,0,0,13,,28.0
4678,1994,9.0,hockenheimring,True,0.0,False,0.0,False,gounon,French,simtek,26,9,0.0,0.0,28.0,0,0,13,5.6000000000000085,31.0
4696,1994,10.0,hungaroring,True,0.0,Auto%#,0.0,False,michael_schumacher,German,benetton,1,1,66.0,6.0,1.0,67,6,1,0.0,25.0
4697,1994,10.0,hungaroring,True,0.0,False,0.0,False,damon_hill,British,williams,2,2,39.0,2.0,2.0,43,2,Auto%#,0.5,33.0
4710,1994,10.0,hungaroring,True,0.0,False,0.0,False,coulthard,British,williams,3,15,4.0,0.0,18.0,43,2,3,1.9000000000000057,23.0
4707,1994,10.0,hungaroring,True,0.0,False,0.0,False,berger,Austrian,ferrari,4,12,27.0,1.0,3.0,52,1,2,1.9000000000000057,34.0
4719,1994,10.0,hungaroring,True,0.0,False,0.0,False,katayama,Japanese,tyrrell,5,24,5.0,0.0,12.0,9,0,8,,31.0
4699,1994,10.0,,True,0.0,False,0.0,False,brundle,British,mclaren,6,4,6.0,0.0,8.0,14,0,4,2.299999999999997,35.0
,1994,10.0,,True,0.0,False,0.0,False,irvine,British,jordan,7,25,1.0,0.0,23.0,14,0,5,2.4000000000000057,28.0
4713,1994,10.0,,True,0.0,False,0.0,False,frentzen,German,sauber,8,18,,0.0,11.0,10,0,7,2.6000000000000085,27.0
4701,1994,10.0,hungaroring,True,0.0,False,0.0,False,panis,French,,9,6,6.0,0.0,7.0,10,0,6,2.6000000000000085,27.0
4721,1994,10.0,hungaroring,True,0.0,False,0.0,False,barrichello,Brazilian,jordan,10,26,10.0,0.0,5.0,14,0,5,2.700000000000003,22.0
4700,1994,10.0,hungaroring,True,0.0,False,0.0,False,blundell,British,tyrrell,11,5,4.0,0.0,14.0,9,0,8,2.700000000000003,28.0
4698,1994,10.0,hungaroring,True,0.0,False,0.0,False,verstappen,Dutch,benetton,12,3,0.0,0.0,27.0,67,6,1,2.799999999999997,22.0
4711,1994,10.0,hungaroring,True,0.0,False,0.0,False,,French,ferrari,13,16,19.0,0.0,4.0,52,1,Auto%#,2.9000000000000057,30.0
4717,1994,10.0,hungaroring,True,0.0,False,0.0,False,alliot,French,mclaren,14,22,0.0,0.0,0.0,14,0,4,3.200000000000003,40.0
4712,1994,10.0,Auto%#,True,0.0,False,0.0,False,martini,Italian,minardi,15,17,4.0,0.0,17.0,5,0,10,3.5,33.0
4709,1994,10.0,hungaroring,True,0.0,False,0.0,False,fittipaldi,Brazilian,footwork,16,14,6.0,0.0,10.0,8,0,9,3.6000000000000085,23.0
4715,1994,10.0,hungaroring,True,0.0,False,,False,cesaris,Italian,sauber,17,20,4.0,0.0,16.0,10,0,7,3.6000000000000085,35.0
4705,1994,10.0,hungaroring,True,0.0,False,0.0,False,bernard,French,ligier,18,10,4.0,,13.0,10,0,6,3.700000000000003,29.0
4716,1994,10.0,hungaroring,True,0.0,False,0.0,False,morbidelli,Italian,footwork,19,21,2.0,0.0,19.0,8,0,9,4.0,26.0
4702,1994,10.0,hungaroring,True,0.0,False,0.0,False,alboreto,Italian,minardi,20,7,1.0,0.0,22.0,5,0,10,4.1000000000000085,37.0
4703,1994,10.0,hungaroring,True,0.0,False,0.0,False,comas,French,larrousse,21,8,2.0,0.0,20.0,2,0,11,4.200000000000003,30.0
4708,,10.0,hungaroring,True,0.0,False,0.0,False,zanardi,Italian,team_lotus,22,13,0.0,0.0,28.0,0,0,12,4.200000000000003,27.0
4706,1994,10.0,hungaroring,True,0.0,False,0.0,False,brabham,Australian,simtek,23,11,0.0,0.0,30.0,0,0,13,4.299999999999997,28.0
4714,1994,10.0,hungaroring,True,0.0,False,0.0,False,herbert,British,team_lotus,24,19,,0.0,24.0,0,0,12,,
4704,1994,10.0,hungaroring,True,0.0,False,,False,beretta,Monegasque,larrousse,25,9,0.0,0.0,25.0,2,0,11,4.6000000000000085,24.0
4718,1994,10.0,hungaroring,True,0.0,,0.0,False,gounon,French,simtek,26,23,0.0,0.0,29.0,0,0,13,5.900000000000006,31.0
4740,1994,11.0,spa,True,0.0,False,0.0,False,barrichello,Brazilian,jordan,1,19,10.0,0.0,5.0,14,0,5,0.0,22.0
4735,,11.0,spa,True,0.0,False,0.0,False,michael_schumacher,German,benetton,2,14,76.0,7.0,1.0,81,7,1,0.3000000000000113,25.0
4722,1994,11.0,spa,True,0.0,False,0.0,False,damon_hill,British,williams,3,1,45.0,2.0,2.0,49,2,3,0.5,33.0
4734,1994,11.0,spa,True,0.0,False,0.0,False,irvine,British,jordan,4,13,1.0,0.0,24.0,14,0,5,0.9000000000000057,28.0
4747,1994,11.0,spa,True,0.0,False,0.0,False,alesi,French,ferrari,5,Auto%#,19.0,0.0,4.0,52,1,2,1.0,30.0
4724,1994,11.0,spa,True,0.0,False,0.0,,verstappen,Dutch,benetton,6,3,4.0,0.0,15.0,81,,1,1.0,22.0
4725,1994,11.0,spa,True,0.0,False,0.0,False,coulthard,British,williams,7,4,4.0,0.0,19.0,49,2,3,1.200000000000017,23.0
4723,1994,11.0,spa,True,,False,0.0,False,hakkinen,Finnish,mclaren,8,2,8.0,0.0,7.0,17,0,4,1.200000000000017,25.0
4745,1994,11.0,spa,True,0.0,False,0.0,False,frentzen,German,sauber,,24,5.0,0.0,12.0,10,0,8,1.4000000000000057,27.0
4729,1994,11.0,spa,True,0.0,False,0.0,False,martini,Italian,minardi,10,8,4.0,0.0,18.0,5,0,10,2.1000000000000227,33.0
4743,1994,11.0,spa,True,0.0,False,0.0,False,berger,Austrian,ferrari,11,22,27.0,1.0,3.0,52,1,2,2.700000000000017,35.0
,1994,11.0,spa,True,0.0,False,0.0,False,blundell,British,tyrrell,12,5,,0.0,10.0,11,0,7,2.800000000000012,28.0
4739,,11.0,spa,True,0.0,False,0.0,False,brundle,British,mclaren,13,18,9.0,0.0,6.0,17,0,4,2.9000000000000057,35.0
4727,1994,11.0,spa,True,0.0,False,0.0,False,morbidelli,Italian,footwork,14,6,2.0,0.0,20.0,8,0,9,3.9000000000000057,26.0
4738,1994,11.0,spa,True,0.0,False,0.0,False,cesaris,Italian,sauber,15,17,4.0,0.0,17.0,10,0,8,4.5,35.0
4731,1994,11.0,spa,True,0.0,False,0.0,False,bernard,French,ligier,16,10,4.0,,14.0,11,0,6,4.800000000000011,30.0
4728,1994,11.0,spa,True,0.0,False,0.0,False,panis,French,ligier,17,7,7.0,0.0,8.0,11,0,6,4.900000000000006,27.0
4730,1994,11.0,spa,True,0.0,False,0.0,False,alboreto,Italian,minardi,18,9,1.0,0.0,22.0,5,0,10,5.5,37.0
4744,1994,11.0,spa,True,0.0,False,0.0,False,alliot,French,larrousse,19,23,0.0,0.0,0.0,2,0,11,5.700000000000017,40.0
4733,1994,11.0,spa,True,0.0,False,0.0,False,herbert,British,team_lotus,20,12,,0.0,25.0,0,0,12,6.0,30.0
4737,1994,11.0,spa,True,0.0,Auto%#,0.0,False,brabham,Australian,simtek,21,16,0.0,0.0,30.0,0,0,13,6.0,28.0
4746,1994,11.0,spa,True,0.0,False,0.0,False,comas,French,larrousse,22,25,2.0,0.0,21.0,2,0,11,7.0,30.0
4741,1994,11.0,spa,True,,False,0.0,False,katayama,Auto%#,tyrrell,23,20,5.0,0.0,13.0,11,0,7,7.800000000000011,31.0
4736,1994,11.0,spa,True,0.0,False,0.0,False,fittipaldi,Brazilian,footwork,24,15,6.0,0.0,11.0,8,0,9,9.700000000000015,23.0
4732,1994,11.0,spa,True,0.0,False,0.0,False,gounon,French,simtek,25,11,0.0,0.0,29.0,,0,13,10.600000000000025,31.0
4742,1994,11.0,spa,True,0.0,False,0.0,False,adams,Belgian,team_lotus,26,21,0.0,0.0,0.0,0,0,12,12.700000000000015,24.0
4769,,12.0,monza,True,0.0,False,0.0,False,alesi,French,ferrari,1,22,19.0,0.0,4.0,,1,3,0.0,30.0
4749,1994,12.0,monza,True,0.0,False,0.0,False,berger,Austrian,ferrari,2,2,27.0,,3.0,52,1,3,0.2000000000000028,35.0
4748,1994,12.0,monza,True,0.0,False,0.0,False,damon_hill,British,williams,3,1,55.0,3.0,,62,3,2,0.4000000000000057,33.0
4770,1994,12.0,monza,True,0.0,False,0.0,Auto%#,herbert,British,team_lotus,4,23,0.0,0.0,25.0,0,0,12,0.6000000000000085,30.0
4753,1994,12.0,monza,True,0.0,False,0.0,False,coulthard,British,williams,5,6,7.0,0.0,11.0,62,3,2,0.7000000000000028,23.0
,1994,12.0,monza,,0.0,False,0.0,False,panis,French,ligier,6,10,7.0,0.0,10.0,11,0,7,1.7000000000000028,28.0
4750,1994,12.0,monza,True,0.0,False,0.0,False,hakkinen,Finnish,mclaren,7,3,14.0,0.0,5.0,23,0,4,1.7000000000000028,25.0
4766,1994,12.0,monza,True,,False,0.0,False,cesaris,Italian,sauber,8,19,4.0,0.0,18.0,10,0,8,1.7000000000000028,35.0
4761,,,monza,True,0.0,False,0.0,False,irvine,British,jordan,9,14,1.0,0.0,24.0,,0,5,1.7999999999999972,28.0
4771,1994,12.0,monza,True,0.0,False,0.0,False,verstappen,Dutch,benetton,10,24,8.0,0.0,8.0,85,7,,1.7999999999999972,22.0
4765,1994,12.0,monza,True,0.0,False,0.0,False,frentzen,German,sauber,11,18,5.0,0.0,14.0,10,0,8,1.7999999999999972,27.0
4754,1994,12.0,monza,True,0.0,False,0.0,False,bernard,French,ligier,12,7,4.0,0.0,16.0,11,0,7,1.9000000000000057,30.0
4772,1994,12.0,monza,True,0.0,False,0.0,False,zanardi,Italian,team_lotus,13,25,0.0,0.0,29.0,0,0,12,1.9000000000000057,27.0
4759,1994,12.0,monza,True,0.0,,0.0,False,katayama,Japanese,tyrrell,14,12,5.0,0.0,15.0,13,0,6,2.1000000000000085,31.0
4752,1994,12.0,monza,True,0.0,False,0.0,False,brundle,British,mclaren,15,5,9.0,0.0,7.0,23,0,4,2.1000000000000085,35.0
4751,,12.0,monza,True,0.0,False,0.0,False,barrichello,Brazilian,jordan,16,4,10.0,0.0,6.0,14,0,5,2.1000000000000085,22.0
4773,1994,12.0,monza,True,0.0,False,0.0,False,morbidelli,Italian,footwork,17,26,3.0,0.0,20.0,9,0,9,2.200000000000003,26.0
4763,1994,12.0,monza,True,0.0,False,0.0,False,martini,Italian,minardi,18,16,4.0,0.0,19.0,5,0,10,2.299999999999997,33.0
4760,1994,12.0,monza,True,0.0,False,,False,fittipaldi,Brazilian,footwork,19,13,6.0,0.0,13.0,9,0,9,2.5,23.0
4756,1994,12.0,monza,True,0.0,False,0.0,False,lehto,Finnish,benetton,20,9,1.0,0.0,23.0,85,7,1,2.6000000000000085,28.0
4762,1994,12.0,,True,0.0,False,,False,blundell,British,tyrrell,21,15,8.0,0.0,9.0,13,0,6,2.799999999999997,28.0
4764,1994,12.0,monza,True,0.0,False,0.0,False,alboreto,Italian,minardi,22,17,1.0,0.0,22.0,5,0,10,3.0,37.0
4768,1994,12.0,monza,True,,False,0.0,False,dalmas,French,larrousse,23,21,0.0,0.0,0.0,2,0,11,4.0,33.0
4755,1994,12.0,monza,True,0.0,False,0.0,False,comas,French,larrousse,24,8,2.0,0.0,21.0,2,0,11,4.1000000000000085,30.0
4767,1994,12.0,monza,True,0.0,False,0.0,False,gounon,French,simtek,25,20,0.0,0.0,28.0,,0,13,4.6000000000000085,31.0
4758,1994,12.0,monza,True,0.0,False,0.0,False,brabham,Australian,simtek,26,11,0.0,0.0,30.0,0,0,13,4.799999999999997,29.0
4799,1994,13.0,,True,0.0,False,0.0,False,berger,Austrian,ferrari,1,26,33.0,1.0,3.0,58,1,3,0.0,35.0
4774,1994,13.0,estoril,True,0.0,False,0.0,False,damon_hill,British,williams,2,,65.0,4.0,2.0,73,4,2,0.2000000000000028,34.0
4775,1994,13.0,estoril,True,0.0,False,0.0,False,coulthard,British,williams,3,2,8.0,,10.0,73,4,Auto%#,0.4000000000000057,23.0
4776,1994,13.0,,True,0.0,False,0.0,False,hakkinen,Finnish,mclaren,4,3,18.0,0.0,5.0,29,0,4,0.7000000000000028,25.0
4794,1994,13.0,estoril,True,0.0,False,0.0,False,alesi,French,ferrari,5,21,19.0,,4.0,58,1,3,0.9000000000000057,30.0
4798,1994,13.0,estoril,True,0.0,False,0.0,False,katayama,Japanese,Auto%#,6,25,5.0,0.0,15.0,13,,6,1.0,31.0
4779,1994,13.0,estoril,True,0.0,False,0.0,False,brundle,Auto%#,mclaren,7,6,11.0,0.0,7.0,29,0,4,1.1000000000000083,35.0
4777,1994,,estoril,True,0.0,False,0.0,False,barrichello,Brazilian,jordan,8,4,13.0,,6.0,17,0,5,1.2000000000000028,22.0
4796,,13.0,estoril,True,0.0,False,0.0,False,frentzen,German,sauber,9,23,5.0,0.0,14.0,10,0,8,1.3000000000000114,27.0
4778,1994,13.0,estoril,True,0.0,False,0.0,False,verstappen,Dutch,benetton,10,5,8.0,0.0,8.0,85,7,1,1.4000000000000057,22.0
4781,1994,13.0,estoril,True,0.0,False,0.0,False,fittipaldi,Brazilian,footwork,11,8,6.0,0.0,,9,0,9,1.5,23.0
4791,1994,13.0,Auto%#,True,0.0,False,0.0,False,blundell,British,tyrrell,12,Auto%#,8.0,0.0,9.0,13,0,6,1.7000000000000028,28.0
4780,1994,13.0,estoril,True,0.0,False,0.0,False,irvine,British,jordan,13,7,1.0,0.0,24.0,17,0,5,1.7000000000000028,28.0
4792,1994,13.0,estoril,True,0.0,False,0.0,False,lehto,Finnish,benetton,14,19,1.0,0.0,23.0,85,7,1,1.8000000000000114,28.0
4790,1994,13.0,estoril,True,0.0,False,0.0,False,panis,French,ligier,15,17,7.0,0.0,11.0,11,0,7,2.1000000000000085,28.0
4782,1994,13.0,estoril,True,0.0,False,0.0,False,morbidelli,Italian,footwork,16,9,3.0,0.0,20.0,9,0,9,2.200000000000003,26.0
4793,1994,,estoril,True,0.0,False,0.0,False,cesaris,Italian,sauber,,20,4.0,,18.0,10,0,8,2.300000000000012,35.0
4785,1994,13.0,estoril,True,0.0,False,0.0,False,martini,Italian,minardi,18,12,4.0,0.0,19.0,5,0,10,2.6000000000000085,33.0
4786,1994,13.0,estoril,True,0.0,False,0.0,False,alboreto,Italian,minardi,19,13,1.0,0.0,22.0,5,0,10,2.800000000000012,37.0
4784,1994,13.0,estoril,True,0.0,False,0.0,False,herbert,British,team_lotus,20,11,0.0,0.0,25.0,0,0,12,2.800000000000012,30.0
4783,1994,13.0,estoril,True,0.0,False,0.0,,bernard,French,ligier,21,10,4.0,0.0,16.0,11,0,7,3.1000000000000085,30.0
4797,1994,13.0,estoril,True,0.0,False,0.0,False,comas,French,larrousse,22,24,2.0,0.0,21.0,2,0,11,3.6000000000000085,30.0
4787,1994,13.0,estoril,True,0.0,False,0.0,False,dalmas,French,larrousse,23,14,0.0,0.0,0.0,2,0,11,3.8000000000000114,33.0
4795,1994,13.0,estoril,True,0.0,False,0.0,False,brabham,,simtek,24,22,0.0,0.0,30.0,0,0,13,3.9000000000000057,29.0
4789,1994,13.0,estoril,True,0.0,False,0.0,False,adams,Belgian,team_lotus,25,16,0.0,0.0,0.0,0,0,12,4.700000000000003,24.0
4788,,13.0,,True,0.0,False,0.0,False,gounon,French,simtek,26,15,0.0,0.0,28.0,,0,13,5.0,31.0
4800,1994,14.0,jerez,True,0.0,False,0.0,False,michael_schumacher,German,benetton,1,1,76.0,,1.0,87,7,2,0.0,25.0
4801,1994,14.0,jerez,True,0.0,False,0.0,False,damon_hill,British,williams,2,2,75.0,5.0,2.0,89,5,1,0.1000000000000085,34.0
4819,1994,14.0,jerez,True,0.0,False,0.0,False,mansell,British,williams,3,20,0.0,0.0,0.0,89,5,1,0.6000000000000085,41.0
4805,1994,14.0,jerez,True,0.0,False,0.0,False,frentzen,German,sauber,4,6,5.0,0.0,14.0,10,0,8,0.6000000000000085,27.0
4811,1994,14.0,jerez,True,0.0,False,0.0,False,barrichello,Brazilian,jordan,5,12,16.0,0.0,6.0,20,0,5,0.7000000000000028,22.0
4804,1994,14.0,jerez,True,0.0,False,0.0,False,berger,Austrian,ferrari,6,5,33.0,1.0,3.0,58,1,3,0.9000000000000057,35.0
4807,1994,14.0,jerez,True,0.0,False,0.0,False,herbert,,ligier,7,8,0.0,0.0,25.0,11,0,7,1.2000000000000028,30.0
4810,,14.0,jerez,True,0.0,False,0.0,False,morbidelli,Italian,footwork,8,11,3.0,0.0,20.0,9,0,9,1.2999999999999972,26.0
,1994,14.0,jerez,True,0.0,False,0.0,False,hakkinen,Finnish,mclaren,9,3,22.0,0.0,4.0,34,0,4,1.2999999999999972,26.0
4803,1994,14.0,jerez,True,0.0,False,0.0,False,irvine,British,jordan,10,4,1.0,0.0,24.0,20,0,5,1.4000000000000057,28.0
4808,1994,14.0,,True,0.0,False,0.0,False,panis,French,ligier,11,9,7.0,0.0,11.0,11,0,7,1.6000000000000083,28.0
4823,1994,14.0,jerez,True,0.0,False,,,verstappen,Dutch,benetton,12,24,10.0,0.0,9.0,87,7,2,1.7999999999999972,22.0
4806,1994,,jerez,,0.0,False,0.0,False,katayama,Japanese,tyrrell,13,7,5.0,0.0,15.0,13,0,6,1.9000000000000057,31.0
4812,1994,14.0,jerez,True,,False,0.0,,blundell,British,tyrrell,14,13,8.0,0.0,10.0,13,0,6,2.0,28.0
4825,1994,14.0,jerez,True,0.0,False,0.0,False,brundle,British,mclaren,15,26,12.0,0.0,8.0,34,0,4,2.299999999999997,35.0
4809,1994,14.0,jerez,True,0.0,False,0.0,False,alesi,French,ferrari,16,10,19.0,0.0,5.0,58,1,3,2.4000000000000057,30.0
4814,1994,14.0,jerez,True,0.0,False,0.0,False,martini,Italian,minardi,17,15,4.0,0.0,19.0,5,0,10,2.5,33.0
4821,1994,14.0,jerez,True,0.0,False,0.0,False,cesaris,Italian,sauber,18,22,4.0,0.0,18.0,10,0,8,2.6000000000000085,35.0
4816,1994,14.0,jerez,True,0.0,False,0.0,False,fittipaldi,Brazilian,footwork,19,17,6.0,0.0,13.0,9,0,9,2.6000000000000085,23.0
4813,1994,14.0,Auto%#,True,0.0,False,0.0,False,alboreto,Italian,minardi,20,14,1.0,0.0,22.0,5,0,10,2.700000000000003,37.0
4815,1994,14.0,jerez,True,0.0,False,0.0,False,zanardi,Italian,team_lotus,21,16,0.0,0.0,29.0,0,0,12,2.799999999999997,
,1994,14.0,jerez,True,0.0,False,0.0,False,bernard,French,team_lotus,22,18,4.0,0.0,,0,0,12,2.799999999999997,30.0
4822,1994,14.0,jerez,True,0.0,False,0.0,Auto%#,comas,French,larrousse,Auto%#,23,2.0,0.0,21.0,2,0,11,3.5,31.0
4824,1994,14.0,jerez,True,,False,0.0,False,noda,Japanese,larrousse,24,25,0.0,,0.0,2,0,Auto%#,4.400000000000006,25.0
4820,1994,14.0,jerez,True,0.0,False,0.0,False,brabham,Australian,simtek,25,21,0.0,0.0,30.0,0,0,13,4.400000000000006,29.0
4818,1994,14.0,jerez,True,0.0,False,0.0,False,schiattarella,Italian,simtek,26,19,0.0,0.0,0.0,,0,13,5.200000000000003,26.0
4827,1994,15.0,suzuka,False,0.0,Auto%#,1.0,False,michael_schumacher,German,benetton,1,2,86.0,8.0,1.0,97,8,1,0.0,25.0
4826,1994,15.0,suzuka,False,0.0,False,1.0,False,damon_hill,British,williams,2,1,81.0,5.0,2.0,95,5,2,0.5,34.0
4831,1994,15.0,suzuka,False,0.0,False,1.0,False,frentzen,German,sauber,3,6,6.0,0.0,14.0,11,0,8,0.5,27.0
4829,1994,15.0,suzuka,False,0.0,False,1.0,False,mansell,British,williams,4,4,0.0,0.0,,95,5,2,0.5999999999999943,41.0
4847,1994,15.0,suzuka,False,0.0,False,1.0,False,herbert,British,,5,22,0.0,0.0,25.0,97,8,1,0.5999999999999943,30.0
4830,1994,15.0,suzuka,False,0.0,False,1.0,False,irvine,British,jordan,6,5,4.0,0.0,17.0,23,0,5,0.7000000000000028,28.0
4828,1994,15.0,suzuka,False,0.0,False,1.0,False,alesi,French,ferrari,7,3,19.0,0.0,5.0,60,1,3,0.7000000000000028,30.0
4832,1994,15.0,Auto%#,False,,False,1.0,False,hakkinen,Finnish,mclaren,8,7,26.0,0.0,,38,0,4,0.7999999999999972,26.0
4841,1994,,suzuka,False,0.0,False,1.0,False,brundle,British,mclaren,9,16,12.0,0.0,8.0,38,0,4,0.8999999999999915,35.0
4840,1994,15.0,suzuka,False,0.0,False,1.0,False,barrichello,Brazilian,jordan,10,15,16.0,0.0,6.0,23,0,5,1.2999999999999972,22.0
4843,1994,15.0,suzuka,False,0.0,False,1.0,False,berger,Austrian,ferrari,11,18,35.0,1.0,3.0,60,1,3,1.3999999999999917,35.0
4842,1994,15.0,suzuka,,0.0,False,1.0,False,morbidelli,Italian,footwork,12,17,3.0,0.0,21.0,9,,9,1.7999999999999972,26.0
4839,1994,15.0,suzuka,False,0.0,False,1.0,False,blundell,British,tyrrell,13,14,8.0,0.0,10.0,13,0,6,2.0999999999999943,28.0
4848,1994,15.0,suzuka,False,0.0,False,1.0,False,katayama,Japanese,tyrrell,14,23,5.0,0.0,,13,0,6,2.299999999999997,31.0
4850,1994,15.0,suzuka,False,0.0,False,1.0,False,lehto,Finnish,sauber,15,25,1.0,0.0,24.0,11,0,8,2.299999999999997,28.0
4845,1994,15.0,suzuka,False,0.0,False,1.0,False,martini,Italian,minardi,16,20,4.0,0.0,20.0,5,0,10,2.299999999999997,33.0
4838,1994,15.0,suzuka,False,0.0,False,,False,zanardi,,team_lotus,17,13,,0.0,29.0,0,0,12,2.5,28.0
4833,1994,15.0,suzuka,False,0.0,False,1.0,False,fittipaldi,Brazilian,footwork,18,8,6.0,0.0,13.0,9,0,9,2.700000000000003,23.0
4836,1994,15.0,suzuka,False,0.0,False,1.0,,panis,French,ligier,19,11,7.0,0.0,11.0,11,0,7,2.799999999999997,28.0
,1994,15.0,suzuka,False,0.0,False,1.0,False,lagorce,French,Auto%#,20,19,0.0,0.0,0.0,11,0,7,3.3999999999999915,26.0
4846,1994,15.0,suzuka,False,0.0,False,1.0,False,alboreto,Italian,minardi,21,Auto%#,1.0,0.0,23.0,5,0,10,3.5,37.0
4834,1994,,,False,0.0,False,1.0,False,comas,French,larrousse,22,9,2.0,0.0,22.0,2,0,Auto%#,3.799999999999997,31.0
4851,1994,15.0,suzuka,False,0.0,False,1.0,False,noda,Japanese,larrousse,23,26,0.0,0.0,0.0,2,0,,3.799999999999997,25.0
4837,1994,15.0,suzuka,False,0.0,False,1.0,False,brabham,Auto%#,simtek,24,12,0.0,0.0,0.0,0,0,13,4.5,29.0
4835,1994,15.0,suzuka,False,0.0,False,1.0,False,salo,Finnish,Auto%#,25,10,0.0,0.0,0.0,0,0,12,4.599999999999994,27.0
4849,1994,15.0,suzuka,False,0.0,False,1.0,False,inoue,Japanese,simtek,26,24,0.0,0.0,0.0,0,0,13,7.799999999999997,31.0
4852,1994,16.0,adelaide,True,0.0,False,0.0,True,mansell,,,1,1,3.0,0.0,,108,6,1,0.0,41.0
4871,1994,16.0,adelaide,True,,False,0.0,True,michael_schumacher,German,benetton,2,20,92.0,8.0,1.0,103,8,2,0.0,25.0
4870,1994,16.0,adelaide,True,0.0,False,0.0,True,damon_hill,British,williams,,19,91.0,6.0,2.0,108,6,1,0.5999999999999943,34.0
4863,1994,16.0,adelaide,True,,False,0.0,True,hakkinen,Finnish,mclaren,4,12,26.0,0.0,4.0,38,0,Auto%#,0.7999999999999972,26.0
4855,1994,16.0,adelaide,,0.0,False,0.0,True,barrichello,Brazilian,jordan,5,4,16.0,,6.0,,0,5,1.2999999999999972,22.0
4876,1994,16.0,adelaide,True,0.0,False,0.0,True,irvine,British,jordan,6,25,,0.0,15.0,25,0,5,1.5,29.0
4877,1994,16.0,adelaide,True,0.0,False,0.0,True,herbert,British,benetton,7,26,0.0,0.0,26.0,103,8,2,1.5,30.0
4857,1994,16.0,adelaide,True,0.0,False,0.0,True,alesi,French,ferrari,8,6,23.0,0.0,5.0,64,1,3,,30.0
4854,1994,16.0,adelaide,True,,False,0.0,True,brundle,British,mclaren,9,3,12.0,0.0,8.0,38,0,Auto%#,1.7999999999999972,35.0
4858,1994,16.0,adelaide,True,0.0,False,0.0,True,frentzen,German,sauber,10,7,7.0,0.0,12.0,12,0,7,1.7999999999999972,27.0
4853,1994,16.0,adelaide,True,0.0,False,0.0,True,berger,Austrian,ferrari,11,2,35.0,1.0,3.0,64,1,3,1.8999999999999917,35.0
4856,1994,16.0,adelaide,True,0.0,False,0.0,True,panis,French,ligier,12,5,7.0,0.0,11.0,11,0,8,1.8999999999999917,28.0
4865,1994,16.0,adelaide,True,0.0,False,0.0,True,blundell,British,tyrrell,13,14,8.0,0.0,10.0,13,0,6,2.0,28.0
4869,1994,16.0,adelaide,True,0.0,False,0.0,True,zanardi,Italian,team_lotus,14,18,0.0,0.0,30.0,0,0,12,2.0999999999999943,28.0
4873,1994,16.0,adelaide,True,0.0,False,0.0,True,katayama,Japanese,tyrrell,15,22,5.0,0.0,16.0,13,0,6,2.200000000000003,31.0
,1994,16.0,adelaide,True,0.0,False,0.0,True,alboreto,Italian,minardi,16,13,1.0,0.0,24.0,,0,10,2.5999999999999943,37.0
4861,1994,16.0,adelaide,True,0.0,False,0.0,True,lehto,Finnish,sauber,17,10,1.0,0.0,25.0,12,0,7,2.5999999999999943,28.0
4860,1994,16.0,adelaide,True,0.0,False,0.0,True,martini,Italian,minardi,18,9,4.0,0.0,20.0,5,,,2.799999999999997,33.0
,1994,16.0,adelaide,True,0.0,False,0.0,True,fittipaldi,Brazilian,footwork,19,8,6.0,0.0,14.0,9,0,9,2.8999999999999915,23.0
4862,1994,16.0,adelaide,True,0.0,False,0.0,True,lagorce,,ligier,20,11,0.0,0.0,0.0,11,0,8,3.0,26.0
4875,1994,16.0,adelaide,True,0.0,False,0.0,True,morbidelli,Italian,footwork,21,24,3.0,0.0,22.0,9,0,9,3.3999999999999915,26.0
4867,1994,16.0,adelaide,True,0.0,False,0.0,True,salo,Finnish,team_lotus,22,16,0.0,0.0,0.0,0,0,12,3.5999999999999943,27.0
4874,1994,16.0,adelaide,True,,False,0.0,True,noda,Japanese,larrousse,23,23,0.0,0.0,0.0,2,0,11,3.899999999999992,25.0
4868,1994,16.0,adelaide,True,0.0,False,0.0,True,brabham,Australian,simtek,24,17,0.0,0.0,0.0,0,0,13,4.200000000000003,29.0
4866,1994,16.0,adelaide,True,0.0,False,0.0,True,deletraz,Swiss,larrousse,25,,0.0,0.0,0.0,2,0,11,6.200000000000003,31.0
4872,1994,16.0,adelaide,True,0.0,False,0.0,True,schiattarella,Italian,simtek,26,21,0.0,0.0,0.0,0,0,13,6.299999999999997,26.0
4893,1995,1.0,interlagos,False,0.0,False,0.0,True,damon_hill,British,williams,,16,0.0,0.0,0.0,0,0,0,0.0,34.0
4878,1995,1.0,interlagos,False,0.0,False,0.0,True,michael_schumacher,German,benetton,2,1,0.0,0.0,0.0,0,0,0,0.3000000000000113,26.0
4879,1995,1.0,interlagos,False,0.0,False,0.0,True,coulthard,British,williams,3,2,0.0,0.0,,,0,,0.3000000000000113,23.0
4894,1995,1.0,interlagos,False,0.0,False,0.0,True,herbert,British,benetton,4,17,0.0,0.0,0.0,0,0,0,0.8000000000000114,30.0
4880,,1.0,interlagos,False,0.0,False,0.0,True,berger,Austrian,ferrari,5,3,0.0,0.0,0.0,0,0,0,0.8000000000000114,35.0
4882,1995,1.0,interlagos,,0.0,False,,True,alesi,French,ferrari,6,5,0.0,0.0,0.0,0,0,0,0.9000000000000057,30.0
4881,1995,1.0,interlagos,False,0.0,False,0.0,True,hakkinen,Finnish,mclaren,7,4,0.0,0.0,0.0,0,0,0,1.3000000000000114,26.0
4899,1995,1.0,interlagos,False,0.0,False,0.0,True,irvine,British,jordan,8,22,0.0,0.0,0.0,0,0,0,,29.0
4883,1995,1.0,interlagos,False,0.0,False,0.0,True,blundell,British,mclaren,9,6,0.0,0.0,0.0,0,0,0,1.7000000000000028,28.0
4902,1995,1.0,interlagos,False,0.0,False,0.0,True,panis,French,ligier,10,25,0.0,0.0,0.0,0,0,0,1.8000000000000114,28.0
4898,1995,1.0,interlagos,,0.0,False,0.0,True,katayama,Japanese,tyrrell,,21,0.0,0.0,0.0,0,0,0,2.200000000000003,31.0
4884,1995,1.0,interlagos,False,0.0,False,0.0,True,salo,Finnish,tyrrell,12,7,0.0,0.0,0.0,0,0,0,2.300000000000012,28.0
4888,1995,1.0,interlagos,False,0.0,False,0.0,True,morbidelli,Italian,footwork,13,11,0.0,0.0,0.0,0,0,0,2.4000000000000057,27.0
4901,1995,1.0,interlagos,False,0.0,False,0.0,True,frentzen,German,,14,24,0.0,0.0,0.0,0,0,0,2.800000000000012,27.0
4885,1995,1.0,interlagos,False,0.0,False,0.0,True,suzuki,Japanese,ligier,15,8,0.0,0.0,0.0,0,0,0,2.9000000000000057,34.0
4896,1995,1.0,interlagos,False,0.0,False,,True,,Brazilian,jordan,16,19,0.0,0.0,0.0,0,0,0,2.9000000000000057,22.0
4903,1995,1.0,interlagos,False,0.0,False,0.0,True,martini,Italian,minardi,17,26,0.0,0.0,0.0,0,0,0,4.300000000000011,33.0
4890,1995,1.0,interlagos,False,0.0,False,0.0,True,badoer,Italian,minardi,18,13,0.0,0.0,0.0,0,0,0,4.300000000000011,
4892,1995,1.0,interlagos,,0.0,False,0.0,True,wendlinger,Austrian,sauber,19,15,0.0,0.0,0.0,0,0,0,4.6000000000000085,26.0
4895,1995,1.0,interlagos,False,0.0,False,0.0,True,gachot,Auto%#,pacific,20,18,0.0,0.0,0.0,0,0,0,5.0,32.0
4889,1995,1.0,interlagos,False,0.0,False,0.0,True,inoue,Japanese,footwork,21,12,0.0,0.0,0.0,0,0,0,5.1000000000000085,31.0
4886,1995,1.0,interlagos,False,0.0,False,0.0,True,montermini,Italian,pacific,22,9,0.0,0.0,0.0,0,0,0,,30.0
4891,1995,1.0,interlagos,False,0.0,False,0.0,True,moreno,Brazilian,forti,Auto%#,14,0.0,0.0,0.0,0,0,0,6.200000000000003,36.0
4897,,1.0,interlagos,False,0.0,False,0.0,True,verstappen,Dutch,simtek,24,20,0.0,0.0,0.0,0,0,0,6.200000000000003,23.0
4887,1995,1.0,interlagos,False,0.0,False,0.0,True,diniz,Brazilian,forti,25,10,0.0,0.0,0.0,0,0,0,7.700000000000003,24.0
4900,1995,1.0,interlagos,False,,False,0.0,True,schiattarella,Italian,simtek,26,23,0.0,0.0,0.0,0,0,0,8.0,27.0
4922,1995,2.0,galvez,False,0.0,False,0.0,True,coulthard,British,williams,1,19,6.0,0.0,2.0,6,0,2,0.0,24.0
4904,1995,2.0,galvez,False,0.0,False,0.0,True,damon_hill,British,williams,2,1,0.0,0.0,0.0,6,0,2,0.8999999999999915,34.0
4906,1995,2.0,galvez,False,0.0,False,0.0,True,michael_schumacher,German,benetton,3,3,10.0,1.0,1.0,10,1,1,1.0999999999999943,26.0
4924,,2.0,galvez,False,0.0,False,0.0,True,irvine,British,jordan,4,21,0.0,0.0,0.0,0,0,0,1.2000000000000028,29.0
4926,1995,2.0,galvez,False,0.0,False,0.0,True,hakkinen,Finnish,mclaren,5,23,3.0,0.0,4.0,4,0,4,1.2999999999999972,26.0
4905,1995,2.0,galvez,False,0.0,False,0.0,True,alesi,French,ferrari,6,2,2.0,0.0,5.0,,0,3,1.3999999999999917,30.0
4915,1995,2.0,galvez,False,0.0,False,0.0,True,salo,Finnish,tyrrell,,12,0.0,0.0,7.0,0,0,5,1.5999999999999943,28.0
4909,1995,2.0,galvez,False,0.0,False,0.0,True,berger,Austrian,ferrari,8,6,4.0,0.0,3.0,6,0,3,2.0999999999999943,35.0
4908,1995,2.0,galvez,False,0.0,False,0.0,True,frentzen,German,sauber,9,5,0.0,0.0,0.0,0,0,0,2.3999999999999915,27.0
4920,1995,2.0,galvez,False,0.0,False,0.0,True,barrichello,Brazilian,jordan,10,17,0.0,0.0,0.0,0,0,0,2.8999999999999915,22.0
4907,1995,2.0,galvez,False,0.0,False,0.0,True,,British,benetton,11,4,0.0,0.0,0.0,10,1,1,3.899999999999992,30.0
4918,1995,2.0,galvez,False,0.0,False,0.0,True,morbidelli,Italian,footwork,12,15,0.0,0.0,,0,0,0,3.899999999999992,27.0
4929,1995,2.0,galvez,False,0.0,False,0.0,True,badoer,Italian,minardi,13,26,0.0,0.0,0.0,0,0,0,4.0,
4921,1995,2.0,galvez,False,0.0,,,True,verstappen,Dutch,simtek,14,18,0.0,0.0,0.0,0,0,Auto%#,4.0,23.0
4911,1995,2.0,galvez,False,0.0,False,0.0,True,katayama,Japanese,tyrrell,15,8,0.0,0.0,0.0,0,0,5,4.299999999999997,31.0
4917,1995,2.0,galvez,False,0.0,False,0.0,True,martini,Italian,minardi,16,14,0.0,0.0,0.0,0,0,0,4.899999999999992,33.0
4923,1995,2.0,galvez,False,0.0,False,0.0,True,blundell,British,mclaren,17,20,1.0,0.0,6.0,4,0,4,5.5,29.0
4910,1995,2.0,galvez,False,0.0,False,0.0,True,panis,French,ligier,18,7,0.0,0.0,0.0,0,0,6,5.599999999999994,28.0
4916,1995,2.0,galvez,False,0.0,False,0.0,True,suzuki,Japanese,ligier,19,13,0.0,0.0,8.0,0,0,6,,34.0
4912,1995,2.0,galvez,False,0.0,False,0.0,True,schiattarella,Italian,simtek,20,9,0.0,0.0,0.0,0,0,0,6.299999999999997,27.0
4928,1995,2.0,galvez,False,0.0,False,0.0,True,wendlinger,Austrian,Auto%#,21,25,0.0,0.0,0.0,0,0,0,7.599999999999994,26.0
4925,1995,2.0,galvez,False,0.0,False,0.0,True,montermini,Italian,pacific,22,22,0.0,0.0,9.0,0,0,7,8.599999999999994,30.0
4927,1995,2.0,galvez,False,0.0,False,0.0,True,gachot,Belgian,pacific,23,24,0.0,0.0,0.0,0,0,7,10.899999999999991,32.0
4914,1995,2.0,galvez,False,0.0,False,0.0,True,moreno,Brazilian,forti,24,11,0.0,0.0,0.0,0,0,8,11.299999999999995,36.0
4913,1995,2.0,galvez,False,0.0,False,0.0,True,diniz,Brazilian,forti,25,10,,0.0,10.0,0,0,8,,24.0
4919,1995,2.0,galvez,False,0.0,False,0.0,True,inoue,Japanese,footwork,26,16,0.0,0.0,0.0,0,0,0,14.099999999999994,31.0
4955,1995,3.0,,,0.0,False,1.0,False,michael_schumacher,German,benetton,1,26,14.0,1.0,1.0,17,1,1,0.0,26.0
4932,1995,3.0,imola,False,0.0,False,1.0,False,berger,Austrian,ferrari,2,3,5.0,0.0,5.0,13,0,3,0.0,35.0
4933,1995,3.0,imola,False,0.0,False,1.0,False,coulthard,British,williams,3,4,6.0,,4.0,16,1,,0.2000000000000028,24.0
4930,1995,3.0,imola,False,0.0,False,1.0,,damon_hill,British,williams,4,1,10.0,1.0,2.0,16,1,2,,34.0
4931,1995,3.0,imola,False,0.0,False,,False,alesi,French,Auto%#,5,2,8.0,0.0,3.0,13,0,3,0.5,30.0
4934,1995,3.0,imola,False,0.0,False,1.0,False,hakkinen,Finnish,mclaren,6,5,3.0,0.0,6.0,4,0,4,1.0,26.0
4937,1995,3.0,imola,False,0.0,False,1.0,False,irvine,British,jordan,7,,0.0,0.0,0.0,0,0,0,1.2000000000000028,29.0
4936,1995,3.0,imola,False,0.0,,1.0,False,herbert,British,benetton,8,7,3.0,0.0,7.0,17,1,1,2.1000000000000085,30.0
4939,1995,3.0,imola,False,0.0,False,1.0,False,mansell,British,mclaren,9,10,0.0,0.0,0.0,4,0,4,,41.0
4949,1995,3.0,imola,False,0.0,False,1.0,False,barrichello,Brazilian,jordan,10,20,0.0,0.0,0.0,0,0,0,2.299999999999997,22.0
4942,1995,3.0,imola,False,0.0,False,1.0,False,morbidelli,Italian,footwork,11,13,0.0,,0.0,0,0,0,2.299999999999997,27.0
4938,1995,3.0,imola,False,0.0,False,1.0,False,panis,French,ligier,12,9,0.0,0.0,,0,0,6,3.5,28.0
4951,1995,3.0,imola,False,0.0,False,1.0,False,salo,Finnish,tyrrell,13,22,0.0,0.0,11.0,0,0,7,3.700000000000003,28.0
4935,1995,3.0,imola,False,0.0,False,1.0,False,frentzen,German,sauber,14,6,2.0,0.0,8.0,2,0,5,4.1000000000000085,27.0
4950,1995,3.0,imola,False,0.0,,1.0,False,,Japanese,tyrrell,15,,0.0,0.0,12.0,0,0,7,4.299999999999997,31.0
4940,1995,3.0,imola,False,0.0,False,1.0,,suzuki,Japanese,ligier,16,11,0.0,0.0,13.0,0,0,6,4.6000000000000085,34.0
4953,1995,3.0,imola,False,0.0,False,1.0,False,verstappen,Dutch,simtek,17,24,0.0,0.0,0.0,0,0,9,4.900000000000006,
4941,1995,3.0,imola,False,0.0,False,1.0,False,martini,Italian,minardi,18,12,0.0,0.0,0.0,0,0,0,5.1000000000000085,34.0
,1995,3.0,imola,False,0.0,False,1.0,False,inoue,Japanese,footwork,19,25,0.0,0.0,0.0,0,0,0,5.400000000000006,31.0
4943,1995,3.0,imola,False,0.0,False,1.0,False,badoer,Italian,minardi,20,14,0.0,0.0,0.0,0,0,0,5.799999999999997,24.0
,1995,3.0,imola,False,0.0,False,1.0,False,wendlinger,Austrian,sauber,21,17,0.0,0.0,0.0,2,0,5,6.200000000000003,26.0
4947,1995,3.0,imola,False,0.0,False,1.0,False,gachot,Belgian,pacific,22,18,0.0,0.0,0.0,0,0,8,,32.0
4948,1995,3.0,imola,False,0.0,False,1.0,False,schiattarella,Italian,simtek,23,19,0.0,0.0,15.0,0,0,9,6.700000000000003,27.0
4952,1995,3.0,imola,False,0.0,,1.0,False,montermini,Italian,pacific,24,23,0.0,0.0,14.0,,0,8,7.900000000000006,30.0
4945,1995,3.0,imola,False,0.0,False,1.0,False,moreno,Brazilian,forti,25,16,0.0,,0.0,0,0,10,8.799999999999997,36.0
4944,1995,3.0,imola,False,0.0,False,,False,diniz,Brazilian,forti,26,15,0.0,0.0,16.0,0,0,10,9.299999999999995,24.0
4956,1995,4.0,catalunya,True,0.0,False,,Auto%#,michael_schumacher,German,benetton,1,1,14.0,1.0,2.0,17,1,3,0.0,26.0
4977,1995,4.0,catalunya,True,0.0,False,0.0,False,alesi,French,ferrari,2,22,14.0,0.0,3.0,23,0,2,0.5999999999999943,30.0
4958,1995,4.0,catalunya,True,0.0,False,0.0,False,berger,,ferrari,3,3,9.0,0.0,5.0,,0,2,0.5999999999999943,35.0
4972,1995,4.0,catalunya,True,0.0,False,0.0,False,coulthard,British,williams,4,17,9.0,0.0,4.0,29,2,1,0.7999999999999972,24.0
4959,,4.0,catalunya,True,0.0,False,0.0,False,damon_hill,British,williams,,4,20.0,2.0,1.0,29,2,1,0.7999999999999972,
4960,1995,4.0,catalunya,True,0.0,False,0.0,False,irvine,British,jordan,Auto%#,5,0.0,0.0,13.0,0,0,8,1.9000000000000057,29.0
,1995,4.0,catalunya,True,0.0,False,0.0,False,herbert,British,benetton,7,2,3.0,0.0,7.0,17,1,3,2.0,30.0
4962,1995,4.0,catalunya,True,0.0,False,0.0,False,barrichello,Brazilian,jordan,8,7,0.0,0.0,0.0,0,0,8,2.200000000000003,22.0
4973,1995,4.0,catalunya,True,0.0,False,0.0,False,hakkinen,Finnish,mclaren,Auto%#,18,5.0,0.0,6.0,6,0,4,2.299999999999997,26.0
4979,1995,4.0,catalunya,True,0.0,False,0.0,False,mansell,British,mclaren,10,24,0.0,0.0,18.0,6,0,,2.4000000000000057,41.0
4964,1995,4.0,catalunya,True,0.0,False,0.0,False,,British,ligier,11,9,0.0,0.0,0.0,0,0,6,3.200000000000003,35.0
4963,1995,4.0,catalunya,True,0.0,False,0.0,False,frentzen,German,sauber,12,8,3.0,0.0,8.0,3,0,5,3.299999999999997,27.0
4965,1995,4.0,catalunya,True,,False,0.0,False,salo,Finnish,tyrrell,13,,0.0,0.0,11.0,0,0,7,,28.0
4966,1995,4.0,catalunya,True,0.0,False,0.0,False,morbidelli,Italian,Auto%#,,11,0.0,0.0,20.0,0,0,13,3.5999999999999943,27.0
4961,1995,4.0,catalunya,True,0.0,False,0.0,False,panis,French,ligier,15,6,0.0,0.0,10.0,0,0,,3.700000000000003,
4967,1995,4.0,,True,0.0,False,,False,verstappen,Dutch,simtek,16,12,0.0,0.0,0.0,0,0,10,4.299999999999997,23.0
4971,1995,4.0,catalunya,True,0.0,False,0.0,False,katayama,Japanese,,17,16,0.0,0.0,14.0,0,0,7,4.400000000000006,31.0
4974,1995,4.0,catalunya,True,0.0,False,0.0,False,inoue,Japanese,footwork,18,19,0.0,0.0,0.0,0,0,13,4.599999999999994,31.0
4969,1995,4.0,catalunya,True,0.0,False,0.0,False,martini,Italian,minardi,19,,0.0,0.0,19.0,0,0,12,5.099999999999994,34.0
4968,1995,4.0,catalunya,,0.0,False,0.0,False,wendlinger,Austrian,sauber,20,13,0.0,0.0,0.0,3,0,5,5.5,26.0
4978,1995,4.0,catalunya,True,0.0,False,0.0,False,badoer,Italian,minardi,,23,0.0,0.0,21.0,0,0,12,5.799999999999997,24.0
4970,1995,4.0,catalunya,True,0.0,False,0.0,False,schiattarella,Italian,simtek,22,15,0.0,,16.0,0,0,10,6.099999999999994,27.0
4981,1995,4.0,Auto%#,True,0.0,False,0.0,False,montermini,Italian,pacific,23,26,0.0,0.0,15.0,0,0,9,6.599999999999994,30.0
4975,1995,4.0,catalunya,True,0.0,False,0.0,False,gachot,Belgian,pacific,24,20,0.0,0.0,0.0,,0,9,7.099999999999994,32.0
4976,1995,4.0,catalunya,True,0.0,False,0.0,False,moreno,Brazilian,forti,25,21,0.0,0.0,0.0,0,0,11,7.5,36.0
4980,1995,4.0,catalunya,True,0.0,,0.0,False,diniz,Brazilian,forti,26,25,0.0,0.0,17.0,0,,11,8.0,24.0
4983,,5.0,monaco,True,0.0,False,0.0,False,damon_hill,,,1,2,23.0,2.0,2.0,32,2,2,0.0,34.0
4982,1995,5.0,monaco,True,0.0,False,0.0,False,michael_schumacher,German,benetton,2,1,24.0,2.0,1.0,33,2,1,0.7000000000000028,26.0
5003,1995,5.0,monaco,True,0.0,False,0.0,False,coulthard,British,williams,3,22,9.0,0.0,6.0,32,2,2,1.0999999999999943,24.0
4984,1995,5.0,monaco,True,0.0,False,0.0,False,berger,Austrian,ferrari,4,3,13.0,0.0,4.0,27,0,3,1.2000000000000028,35.0
4997,1995,5.0,,True,0.0,False,0.0,False,alesi,French,ferrari,5,16,14.0,,3.0,27,0,3,1.7999999999999972,30.0
5005,1995,5.0,monaco,True,,False,0.0,False,hakkinen,Finnish,mclaren,6,24,5.0,0.0,7.0,6,0,4,1.9000000000000057,26.0
4985,1995,5.0,monaco,True,0.0,False,0.0,Auto%#,herbert,British,benetton,7,4,9.0,0.0,5.0,33,2,1,1.9000000000000057,30.0
4998,,5.0,monaco,True,0.0,False,0.0,False,brundle,British,ligier,8,17,0.0,0.0,17.0,1,0,7,2.4000000000000057,35.0
5002,1995,5.0,monaco,True,0.0,False,0.0,False,irvine,British,jordan,9,21,2.0,0.0,9.0,2,0,6,2.9000000000000057,29.0
4986,1995,5.0,monaco,True,0.0,False,,False,blundell,British,mclaren,10,5,1.0,0.0,11.0,6,0,4,2.9000000000000057,29.0
4995,1995,5.0,monaco,True,0.0,,,False,barrichello,Brazilian,jordan,11,14,0.0,0.0,13.0,2,0,6,3.0999999999999943,23.0
4993,1995,5.0,monaco,True,,False,0.0,False,panis,French,ligier,12,12,1.0,0.0,10.0,1,0,7,3.0999999999999943,28.0
4990,1995,5.0,monaco,True,0.0,False,0.0,False,morbidelli,Italian,footwork,13,9,0.0,0.0,21.0,0,0,12,3.4000000000000057,27.0
4987,1995,5.0,monaco,True,0.0,False,0.0,False,frentzen,,sauber,14,6,3.0,0.0,8.0,3,0,5,3.700000000000003,28.0
5000,1995,5.0,monaco,True,0.0,False,0.0,False,katayama,Japanese,tyrrell,Auto%#,19,0.0,0.0,15.0,0,0,8,3.799999999999997,
4992,1995,5.0,,True,0.0,False,0.0,False,badoer,Italian,minardi,Auto%#,11,0.0,0.0,25.0,0,0,13,,24.0
4994,1995,5.0,monaco,True,0.0,False,0.0,False,salo,Finnish,tyrrell,17,13,0.0,0.0,12.0,0,0,8,4.5,28.0
4988,1995,5.0,monaco,,,False,0.0,False,martini,Italian,minardi,18,7,0.0,0.0,22.0,0,0,13,4.900000000000006,34.0
4989,1995,5.0,monaco,True,0.0,False,0.0,False,boullion,French,sauber,19,8,0.0,0.0,0.0,3,0,5,5.099999999999994,
5007,1995,5.0,monaco,True,0.0,False,0.0,False,schiattarella,Italian,simtek,20,26,0.0,0.0,16.0,0,0,9,6.299999999999997,27.0
4996,1995,5.0,monaco,True,0.0,False,0.0,False,gachot,Belgian,pacific,21,15,0.0,0.0,0.0,0,0,10,7.0,32.0
4991,1995,5.0,monaco,True,0.0,False,0.0,False,diniz,Brazilian,forti,22,10,0.0,0.0,19.0,0,0,Auto%#,,25.0
5006,1995,5.0,Auto%#,True,0.0,False,0.0,False,verstappen,Dutch,simtek,23,25,0.0,0.0,23.0,0,0,9,,23.0
5004,1995,5.0,monaco,True,0.0,False,0.0,False,moreno,Brazilian,forti,24,23,0.0,0.0,0.0,0,0,11,7.599999999999994,36.0
5001,1995,5.0,monaco,True,0.0,Auto%#,0.0,,montermini,Italian,pacific,25,20,0.0,0.0,18.0,0,0,10,8.099999999999994,30.0
4999,1995,5.0,monaco,True,,False,,False,inoue,Japanese,footwork,26,18,0.0,0.0,0.0,0,0,12,9.5,31.0
5012,1995,6.0,villeneuve,True,0.0,False,0.0,True,michael_schumacher,German,benetton,1,5,34.0,3.0,1.0,46,3,1,0.0,26.0
5021,1995,6.0,villeneuve,True,0.0,False,0.0,True,damon_hill,British,williams,2,14,29.0,2.0,2.0,38,2,2,0.2999999999999971,34.0
5029,1995,6.0,villeneuve,True,0.0,False,0.0,True,coulthard,British,,3,22,9.0,0.0,6.0,38,2,2,,24.0
5018,1995,6.0,villeneuve,True,0.0,False,0.0,True,berger,Austrian,ferrari,4,11,17.0,0.0,3.0,31,0,3,0.5,35.0
5008,1995,6.0,,True,0.0,False,0.0,True,alesi,French,ferrari,5,1,14.0,0.0,4.0,31,0,3,0.7999999999999972,31.0
5030,1995,6.0,Auto%#,True,0.0,False,0.0,True,herbert,British,benetton,6,23,12.0,0.0,5.0,46,3,1,0.7999999999999972,30.0
5031,,6.0,villeneuve,True,0.0,False,0.0,True,hakkinen,Auto%#,mclaren,7,24,5.0,0.0,7.0,8,0,4,1.2000000000000028,26.0
,1995,6.0,villeneuve,True,0.0,False,0.0,True,irvine,Auto%#,jordan,8,3,2.0,0.0,10.0,2,0,6,1.2999999999999972,29.0
5009,1995,6.0,villeneuve,True,0.0,False,0.0,True,barrichello,Brazilian,jordan,9,2,0.0,0.0,14.0,2,0,6,1.5,23.0
5022,1995,6.0,villeneuve,True,0.0,False,0.0,True,blundell,British,mclaren,10,15,3.0,0.0,9.0,8,0,4,1.8999999999999917,29.0
5011,1995,6.0,villeneuve,True,0.0,False,0.0,True,panis,French,ligier,11,4,1.0,0.0,11.0,1,0,7,2.0999999999999943,28.0
5025,1995,6.0,,True,0.0,False,0.0,True,frentzen,German,sauber,12,18,4.0,0.0,8.0,4,0,5,2.299999999999997,28.0
5013,1995,6.0,villeneuve,True,0.0,False,0.0,True,morbidelli,Italian,footwork,13,6,0.0,0.0,18.0,0,0,10,2.5,27.0
5017,1995,6.0,villeneuve,True,0.0,False,0.0,True,brundle,British,ligier,14,10,0.0,0.0,20.0,1,0,7,2.5999999999999943,36.0
5014,1995,6.0,villeneuve,True,0.0,False,0.0,True,,Finnish,tyrrell,15,7,0.0,0.0,12.0,0,0,8,3.0,28.0
5023,1995,6.0,,,0.0,False,0.0,True,katayama,Japanese,tyrrell,16,16,0.0,0.0,17.0,0,0,8,3.700000000000003,32.0
5019,1995,6.0,villeneuve,True,0.0,False,0.0,True,martini,Italian,minardi,17,12,0.0,0.0,13.0,0,0,9,3.700000000000003,34.0
5027,1995,6.0,villeneuve,True,0.0,Auto%#,0.0,True,boullion,French,sauber,18,20,0.0,0.0,16.0,4,0,5,4.099999999999994,25.0
5015,1995,6.0,villeneuve,True,0.0,False,0.0,True,badoer,Auto%#,minardi,19,8,0.0,0.0,26.0,0,0,9,4.200000000000003,24.0
5024,1995,6.0,villeneuve,True,0.0,False,0.0,True,gachot,Belgian,pacific,20,17,0.0,0.0,0.0,0,0,,5.099999999999994,32.0
5028,1995,6.0,villeneuve,,0.0,False,0.0,True,montermini,Italian,Auto%#,21,21,0.0,0.0,21.0,0,0,12,5.200000000000003,31.0
5016,1995,6.0,villeneuve,True,0.0,False,0.0,True,inoue,Japanese,footwork,22,9,0.0,0.0,0.0,0,0,10,5.299999999999997,31.0
5020,,,villeneuve,True,0.0,False,0.0,True,moreno,Brazilian,forti,23,13,0.0,0.0,0.0,0,0,13,6.299999999999997,36.0
5026,1995,6.0,villeneuve,True,0.0,False,0.0,True,diniz,Brazilian,forti,24,19,0.0,0.0,22.0,0,0,13,7.299999999999997,25.0
5033,,7.0,magny_cours,False,0.0,False,0.0,False,damon_hill,British,williams,1,Auto%#,29.0,2.0,2.0,,2,3,0.0,34.0
5032,1995,7.0,magny_cours,False,0.0,False,0.0,False,michael_schumacher,German,benetton,2,1,36.0,3.0,,48,3,1,0.2999999999999971,26.0
5034,1995,7.0,magny_cours,False,0.0,False,0.0,False,coulthard,British,williams,3,3,9.0,0.0,6.0,38,,3,0.7000000000000028,24.0
5036,1995,7.0,magny_cours,False,0.0,False,0.0,False,alesi,French,ferrari,4,5,24.0,1.0,3.0,41,,2,1.5999999999999943,31.0
5037,1995,7.0,magny_cours,False,0.0,False,0.0,False,barrichello,Brazilian,jordan,5,6,6.0,0.0,7.0,12,0,4,1.5999999999999943,23.0
5039,1995,,magny_cours,False,0.0,False,0.0,False,panis,French,ligier,6,8,4.0,0.0,10.0,,0,Auto%#,1.7999999999999972,28.0
5043,1995,7.0,magny_cours,False,0.0,False,0.0,False,berger,Austrian,ferrari,7,12,17.0,0.0,4.0,41,1,2,1.8999999999999917,35.0
5038,1995,7.0,magny_cours,False,0.0,False,0.0,False,hakkinen,Finnish,mclaren,8,7,5.0,0.0,9.0,8,0,5,2.0,26.0
5035,1995,7.0,magny_cours,False,0.0,False,0.0,False,brundle,British,ligier,9,4,0.0,0.0,20.0,4,0,6,2.200000000000003,
5052,1995,7.0,magny_cours,False,0.0,False,,False,herbert,British,benetton,10,21,12.0,0.0,5.0,,3,1,2.3999999999999915,31.0
5040,1995,7.0,magny_cours,False,0.0,False,0.0,False,irvine,British,jordan,11,9,6.0,0.0,8.0,12,0,4,2.5999999999999943,29.0
5041,1995,7.0,magny_cours,False,0.0,False,0.0,Auto%#,frentzen,German,sauber,Auto%#,10,4.0,0.0,11.0,4,0,7,3.0999999999999943,28.0
5042,1995,7.0,magny_cours,False,0.0,False,0.0,False,blundell,British,mclaren,13,11,3.0,0.0,12.0,8,0,5,3.299999999999997,29.0
5046,,7.0,magny_cours,False,0.0,False,,,salo,Finnish,tyrrell,Auto%#,15,0.0,0.0,14.0,0,0,9,3.5999999999999943,28.0
5049,1995,7.0,magny_cours,False,0.0,False,0.0,False,boullion,Auto%#,sauber,15,18,0.0,0.0,18.0,,0,7,3.700000000000003,25.0
5045,1995,7.0,magny_cours,False,0.0,False,0.0,False,morbidelli,Italian,footwork,16,14,1.0,0.0,13.0,1,0,8,3.899999999999992,27.0
5044,1995,7.0,magny_cours,False,0.0,False,0.0,False,badoer,Italian,,17,13,0.0,0.0,17.0,0,0,10,4.099999999999994,24.0
5053,1995,7.0,magny_cours,False,0.0,False,0.0,False,inoue,Japanese,footwork,18,22,0.0,0.0,22.0,1,0,,4.700000000000003,31.0
5054,1995,7.0,,False,0.0,False,0.0,False,katayama,Japanese,tyrrell,19,23,0.0,0.0,19.0,0,0,9,4.700000000000003,32.0
5051,1995,7.0,magny_cours,False,,False,0.0,False,martini,Italian,minardi,20,20,0.0,0.0,15.0,0,0,10,4.899999999999992,34.0
5048,1995,7.0,magny_cours,False,0.0,False,0.0,False,montermini,Italian,pacific,21,17,0.0,0.0,23.0,0,0,12,6.299999999999997,31.0
5050,1995,7.0,magny_cours,False,0.0,False,,False,gachot,Belgian,pacific,22,19,0.0,0.0,0.0,0,0,12,6.399999999999992,32.0
5055,1995,7.0,magny_cours,False,0.0,False,0.0,False,diniz,Brazilian,forti,23,24,0.0,0.0,24.0,0,0,13,7.0,25.0
5047,1995,7.0,Auto%#,False,0.0,False,0.0,False,moreno,Brazilian,Auto%#,24,16,0.0,,0.0,0,0,13,7.700000000000003,36.0
5070,1995,8.0,silverstone,False,0.0,False,0.0,False,damon_hill,,williams,1,15,,2.0,2.0,48,2,2,0.0,34.0
5069,1995,8.0,,False,0.0,,0.0,False,michael_schumacher,German,benetton,,14,46.0,4.0,1.0,,4,1,0.3000000000000113,26.0
5058,1995,8.0,silverstone,False,0.0,False,0.0,False,coulthard,British,williams,3,3,13.0,0.0,5.0,48,2,2,0.8000000000000114,24.0
5075,1995,8.0,silverstone,False,0.0,False,0.0,False,berger,Austrian,ferrari,4,20,17.0,0.0,4.0,43,1,3,1.6000000000000083,35.0
5056,1995,8.0,silverstone,False,0.0,False,0.0,False,,British,benetton,5,1,12.0,0.0,6.0,58,4,1,1.8000000000000114,31.0
5057,1995,8.0,silverstone,False,0.0,False,0.0,,alesi,French,ferrari,6,2,26.0,1.0,3.0,43,1,3,1.8000000000000114,31.0
5079,1995,8.0,silverstone,False,0.0,False,0.0,False,irvine,British,jordan,7,24,6.0,0.0,8.0,13,0,4,2.0,29.0
5074,1995,8.0,silverstone,False,0.0,False,0.0,False,hakkinen,Finnish,mclaren,8,19,5.0,0.0,9.0,8,0,5,2.0,26.0
5066,1995,8.0,silverstone,False,0.0,False,0.0,False,barrichello,Brazilian,jordan,9,11,7.0,0.0,7.0,13,0,4,2.300000000000012,23.0
5060,1995,8.0,silverstone,False,0.0,False,,False,blundell,British,mclaren,10,5,3.0,0.0,13.0,8,0,5,2.4000000000000057,29.0
5076,1995,8.0,silverstone,False,0.0,False,0.0,False,brundle,British,ligier,11,21,3.0,0.0,12.0,7,0,6,2.800000000000012,36.0
5061,1995,8.0,silverstone,False,0.0,False,0.0,False,frentzen,German,sauber,,6,4.0,0.0,11.0,4,0,7,3.5,28.0
5059,1995,8.0,silverstone,False,0.0,False,0.0,False,panis,French,ligier,13,4,4.0,0.0,10.0,7,,6,3.700000000000003,28.0
5072,1995,8.0,silverstone,False,0.0,False,,False,katayama,Japanese,tyrrell,14,17,0.0,0.0,20.0,0,0,9,4.0,32.0
5062,1995,8.0,silverstone,,0.0,False,0.0,False,martini,Italian,Auto%#,15,7,,0.0,,0,0,10,4.200000000000003,34.0
5064,1995,8.0,silverstone,False,0.0,False,0.0,False,boullion,French,sauber,16,9,0.0,0.0,19.0,,0,7,5.1000000000000085,25.0
5071,1995,8.0,silverstone,False,0.0,False,0.0,False,papis,Italian,footwork,17,16,0.0,0.0,0.0,1,0,8,6.1000000000000085,25.0
5065,1995,8.0,Auto%#,False,0.0,False,0.0,False,badoer,Italian,minardi,18,10,0.0,0.0,18.0,0,0,10,6.5,
5077,1995,8.0,silverstone,False,0.0,False,0.0,False,inoue,Japanese,,19,22,,0.0,22.0,1,0,8,7.200000000000003,31.0
5078,1995,8.0,silverstone,False,0.0,False,0.0,False,diniz,Brazilian,forti,Auto%#,23,0.0,0.0,24.0,0,0,13,7.900000000000006,25.0
5067,1995,,silverstone,False,0.0,False,0.0,False,gachot,Belgian,pacific,21,12,0.0,0.0,0.0,,0,12,8.0,32.0
5068,1995,8.0,silverstone,False,0.0,False,0.0,False,moreno,Brazilian,forti,22,13,0.0,0.0,,,0,Auto%#,8.600000000000009,36.0
5063,1995,8.0,silverstone,False,0.0,False,0.0,False,salo,Finnish,tyrrell,23,8,0.0,0.0,,0,0,9,20.5,
5073,1995,8.0,silverstone,False,0.0,False,0.0,False,montermini,Italian,pacific,24,18,0.0,0.0,23.0,0,0,12,24.30000000000001,31.0
5101,1995,9.0,hockenheimring,,,False,0.0,False,damon_hill,British,williams,1,22,35.0,2.0,2.0,52,2,2,0.0,34.0
5080,1995,9.0,hockenheimring,False,0.0,False,0.0,False,michael_schumacher,German,benetton,2,1,46.0,4.0,1.0,68,5,1,0.0999999999999943,26.0
5081,1995,9.0,hockenheimring,False,0.0,False,0.0,False,coulthard,British,williams,3,2,17.0,0.0,5.0,52,2,2,0.0999999999999943,24.0
5082,1995,9.0,hockenheimring,False,0.0,False,0.0,False,berger,Austrian,ferrari,,3,17.0,0.0,6.0,49,1,3,1.1999999999999886,35.0
5094,1995,9.0,hockenheimring,False,0.0,False,0.0,Auto%#,barrichello,Brazilian,Auto%#,5,15,7.0,0.0,7.0,,0,4,1.3999999999999917,23.0
5088,1995,9.0,hockenheimring,False,0.0,False,0.0,False,irvine,British,jordan,6,9,6.0,0.0,9.0,13,0,4,1.3999999999999917,29.0
5089,1995,9.0,hockenheimring,False,0.0,False,0.0,False,hakkinen,Finnish,mclaren,7,10,5.0,0.0,10.0,,0,6,1.3999999999999917,26.0
5095,1995,9.0,hockenheimring,False,0.0,False,0.0,False,blundell,British,mclaren,8,16,5.0,0.0,11.0,10,0,6,1.7999999999999972,29.0
5083,1995,9.0,hockenheimring,False,0.0,False,0.0,False,herbert,British,benetton,9,4,22.0,1.0,4.0,68,5,1,1.8999999999999917,31.0
5097,1995,9.0,hockenheimring,False,0.0,False,0.0,False,alesi,French,ferrari,10,18,32.0,1.0,3.0,49,1,3,2.0,31.0
5090,1995,9.0,hockenheimring,False,0.0,False,0.0,False,frentzen,German,sauber,,11,5.0,0.0,12.0,5,0,7,2.3999999999999915,28.0
5096,1995,9.0,hockenheimring,False,0.0,False,0.0,False,panis,French,ligier,12,17,7.0,0.0,8.0,10,0,5,3.0,28.0
5102,1995,9.0,hockenheimring,False,0.0,False,0.0,False,salo,Finnish,tyrrell,13,23,0.0,0.0,15.0,0,0,9,3.0999999999999943,28.0
5084,1995,9.0,hockenheimring,False,,False,0.0,False,boullion,French,sauber,14,5,0.0,0.0,17.0,5,0,7,3.1999999999999886,25.0
5103,1995,9.0,hockenheimring,False,0.0,False,0.0,False,papis,Italian,footwork,15,24,0.0,0.0,0.0,1,0,8,3.6999999999999886,25.0
5091,1995,9.0,hockenheimring,False,0.0,False,0.0,False,badoer,Italian,minardi,16,12,0.0,0.0,18.0,0,0,10,4.899999999999992,24.0
5086,1995,9.0,hockenheimring,False,0.0,False,0.0,False,katayama,Japanese,tyrrell,17,7,0.0,0.0,20.0,0,0,9,5.0,32.0
5085,1995,9.0,hockenheimring,False,0.0,False,0.0,False,,Auto%#,ligier,18,,0.0,0.0,19.0,10,0,Auto%#,5.299999999999997,34.0
5099,1995,9.0,hockenheimring,False,0.0,False,0.0,False,inoue,Japanese,footwork,19,20,0.0,0.0,22.0,1,0,8,5.5,31.0
5098,1995,9.0,hockenheimring,False,0.0,False,0.0,False,martini,Italian,minardi,20,19,0.0,0.0,16.0,0,0,10,5.599999999999994,34.0
5100,1995,9.0,hockenheimring,False,0.0,False,0.0,False,diniz,Brazilian,forti,21,21,0.0,0.0,24.0,0,0,13,8.599999999999994,25.0
5093,1995,9.0,hockenheimring,False,0.0,False,0.0,False,moreno,Brazilian,forti,22,14,0.0,0.0,29.0,0,0,13,9.0,36.0
5087,1995,9.0,hockenheimring,False,0.0,False,0.0,False,montermini,Italian,pacific,23,8,0.0,0.0,23.0,0,0,12,9.099999999999994,31.0
5092,1995,9.0,hockenheimring,False,0.0,False,0.0,False,lavaggi,Italian,pacific,24,13,0.0,0.0,0.0,0,0,12,,37.0
5104,1995,10.0,hungaroring,True,0.0,Auto%#,0.0,False,damon_hill,British,williams,1,1,35.0,2.0,2.0,,2,2,0.0,34.0
5105,,10.0,hungaroring,True,0.0,False,0.0,False,coulthard,British,williams,2,2,23.0,0.0,5.0,58,2,2,0.4000000000000057,24.0
5114,1995,10.0,hungaroring,True,0.0,False,0.0,False,michael_schumacher,German,benetton,3,11,56.0,5.0,1.0,81,,1,0.5999999999999943,26.0
5106,1995,10.0,hungaroring,True,0.0,Auto%#,0.0,False,berger,Austrian,ferrari,4,3,21.0,0.0,6.0,53,1,3,1.0999999999999943,35.0
5127,1995,10.0,hungaroring,True,0.0,,0.0,False,hakkinen,Finnish,mclaren,5,24,5.0,0.0,10.0,10,0,6,1.4000000000000057,26.0
,1995,10.0,hungaroring,True,0.0,False,0.0,False,alesi,French,ferrari,,19,32.0,1.0,3.0,53,1,3,2.0,31.0
5116,1995,10.0,hungaroring,True,0.0,False,0.0,False,irvine,British,jordan,7,13,6.0,0.0,9.0,13,0,4,2.5,
5117,1995,10.0,hungaroring,True,0.0,False,0.0,,brundle,British,ligier,8,14,3.0,0.0,13.0,11,0,5,2.700000000000003,36.0
5107,1995,10.0,hungaroring,True,,False,0.0,False,herbert,,benetton,9,,25.0,1.0,4.0,81,6,1,3.0999999999999943,31.0
5109,1995,10.0,hungaroring,True,0.0,False,0.0,False,panis,French,ligier,10,6,7.0,0.0,8.0,11,0,5,3.200000000000003,28.0
5108,1995,10.0,hungaroring,True,,False,0.0,False,frentzen,German,sauber,11,5,5.0,0.0,,7,0,7,3.4000000000000057,28.0
5111,1995,10.0,hungaroring,True,0.0,False,0.0,False,badoer,Italian,minardi,12,8,0.0,0.0,21.0,0,0,10,,24.0
5119,1995,10.0,hungaroring,True,0.0,False,0.0,False,blundell,British,mclaren,13,16,,,11.0,10,0,6,3.5999999999999943,29.0
5110,1995,10.0,,True,0.0,False,0.0,False,barrichello,Brazilian,jordan,14,,7.0,0.0,7.0,13,0,4,3.9000000000000057,23.0
5112,1995,10.0,hungaroring,True,0.0,False,,False,lamy,Portuguese,minardi,15,9,0.0,0.0,0.0,0,0,10,4.200000000000003,23.0
5118,1995,10.0,hungaroring,True,0.0,False,0.0,False,salo,Finnish,tyrrell,16,15,0.0,0.0,17.0,0,0,9,4.599999999999994,28.0
5120,1995,10.0,Auto%#,True,0.0,,0.0,False,katayama,Japanese,tyrrell,17,17,0.0,0.0,19.0,0,0,,4.700000000000003,32.0
5124,1995,10.0,hungaroring,True,0.0,False,0.0,False,inoue,Japanese,footwork,18,21,0.0,0.0,23.0,1,0,8,5.099999999999994,31.0
5113,1995,10.0,hungaroring,True,0.0,False,0.0,False,boullion,French,sauber,19,10,,0.0,14.0,7,0,7,5.200000000000003,25.0
5121,1995,10.0,hungaroring,True,0.0,False,0.0,False,papis,Italian,footwork,20,18,0.0,0.0,0.0,1,0,8,6.299999999999997,25.0
5125,1995,10.0,hungaroring,True,0.0,False,0.0,False,moreno,Brazilian,forti,21,22,0.0,0.0,29.0,0,0,13,7.400000000000006,36.0
5115,1995,10.0,hungaroring,True,0.0,False,0.0,False,montermini,Italian,pacific,,12,0.0,0.0,20.0,0,0,11,7.400000000000006,31.0
5123,1995,10.0,hungaroring,True,0.0,False,0.0,False,diniz,Brazilian,forti,23,20,0.0,0.0,24.0,0,0,13,7.700000000000003,25.0
5126,1995,10.0,hungaroring,True,0.0,False,0.0,False,lavaggi,Italian,pacific,24,23,0.0,0.0,0.0,0,0,11,9.599999999999994,37.0
5145,1995,11.0,spa,False,0.0,False,1.0,False,berger,Austrian,ferrari,1,18,25.0,0.0,6.0,57,,3,0.0,36.0
5150,1995,11.0,spa,False,0.0,False,1.0,False,alesi,French,ferrari,2,23,32.0,1.0,,57,1,3,0.1999999999999886,31.0
5151,1995,11.0,spa,False,0.0,False,1.0,False,hakkinen,Finnish,mclaren,3,24,5.0,0.0,11.0,10,0,6,1.0,26.0
5134,1995,11.0,spa,False,0.0,,1.0,False,herbert,British,benetton,4,7,28.0,1.0,5.0,84,6,1,1.6999999999999886,31.0
5149,1995,11.0,spa,False,0.0,False,1.0,False,coulthard,British,williams,5,22,29.0,0.0,4.0,74,3,2,1.8999999999999917,24.0
,1995,11.0,spa,False,0.0,False,1.0,False,blundell,British,mclaren,6,5,5.0,0.0,12.0,10,0,6,2.1999999999999886,29.0
5146,1995,11.0,spa,False,0.0,False,1.0,False,irvine,British,jordan,7,19,6.0,0.0,10.0,13,0,4,2.5999999999999943,29.0
5129,1995,11.0,spa,False,0.0,False,1.0,False,damon_hill,British,williams,8,2,45.0,3.0,,74,3,2,3.3999999999999915,34.0
5136,1995,11.0,spa,False,0.0,False,1.0,False,panis,French,ligier,9,9,8.0,0.0,7.0,12,0,5,3.5999999999999943,28.0
5131,1995,11.0,spa,False,0.0,False,1.0,False,frentzen,German,sauber,10,4,7.0,0.0,9.0,9,0,7,,28.0
5135,1995,11.0,spa,False,0.0,False,1.0,False,salo,Finnish,tyrrell,11,8,0.0,0.0,17.0,0,0,9,3.799999999999997,28.0
,1995,11.0,spa,False,0.0,False,,False,barrichello,Brazilian,jordan,12,6,7.0,0.0,8.0,13,0,4,3.899999999999992,23.0
5130,1995,11.0,spa,False,0.0,Auto%#,1.0,False,brundle,British,ligier,13,3,3.0,0.0,13.0,12,0,5,3.899999999999992,36.0
5138,1995,11.0,,False,,False,1.0,False,boullion,French,sauber,14,11,2.0,0.0,14.0,9,0,7,4.0,25.0
5142,1995,11.0,spa,False,0.0,False,1.0,False,katayama,Japanese,tyrrell,15,15,0.0,0.0,19.0,0,0,,4.199999999999989,32.0
5128,1995,11.0,spa,,0.0,False,1.0,False,michael_schumacher,German,benetton,16,1,56.0,5.0,1.0,84,6,1,4.699999999999989,26.0
5137,1995,,spa,False,0.0,False,1.0,False,lamy,Portuguese,minardi,17,10,0.0,0.0,24.0,0,0,10,4.899999999999992,23.0
5139,1995,11.0,spa,False,0.0,False,1.0,False,inoue,Japanese,footwork,18,12,0.0,0.0,23.0,1,0,8,6.599999999999994,
5144,1995,11.0,spa,False,0.0,False,1.0,False,badoer,Italian,minardi,19,17,0.0,0.0,,0,0,10,6.599999999999994,24.0
5147,1995,11.0,spa,False,0.0,False,1.0,False,papis,Italian,footwork,Auto%#,20,0.0,0.0,0.0,1,,8,7.299999999999997,25.0
5148,1995,11.0,spa,False,0.0,False,1.0,False,montermini,Italian,pacific,21,21,0.0,0.0,21.0,0,0,11,8.0,31.0
5141,1995,11.0,spa,False,0.0,False,1.0,False,moreno,Brazilian,forti,22,14,0.0,0.0,30.0,0,0,13,9.399999999999991,36.0
5143,1995,11.0,spa,False,0.0,Auto%#,1.0,False,lavaggi,Italian,pacific,23,16,0.0,0.0,,0,0,11,12.0,37.0
5140,1995,11.0,spa,False,0.0,False,1.0,False,diniz,Brazilian,forti,24,13,0.0,0.0,25.0,0,0,13,15.099999999999994,25.0
5170,1995,,monza,,0.0,False,0.0,False,coulthard,British,williams,1,,29.0,0.0,4.0,80,3,2,0.0,24.0
,1995,12.0,monza,True,0.0,False,0.0,False,michael_schumacher,German,benetton,2,16,66.0,6.0,1.0,94,7,1,0.5,26.0
5165,1995,12.0,monza,True,0.0,False,0.0,False,berger,Austrian,ferrari,3,14,25.0,0.0,6.0,57,1,3,0.9000000000000057,36.0
5168,1995,12.0,monza,True,0.0,False,0.0,False,damon_hill,British,williams,4,17,51.0,3.0,2.0,80,3,2,1.2000000000000028,34.0
5162,1995,12.0,monza,True,0.0,False,0.0,False,alesi,French,ferrari,5,11,32.0,1.0,3.0,57,1,3,1.2000000000000028,31.0
5163,1995,12.0,monza,True,0.0,,0.0,False,barrichello,Brazilian,jordan,6,12,8.0,0.0,8.0,14,0,5,1.4000000000000057,23.0
5153,1995,12.0,monza,True,0.0,False,,,hakkinen,Finnish,mclaren,7,2,5.0,0.0,13.0,12,0,6,1.4000000000000057,26.0
5152,1995,12.0,monza,True,0.0,False,0.0,False,herbert,British,benetton,8,1,28.0,1.0,5.0,94,7,1,1.9000000000000057,31.0
5155,1995,12.0,monza,True,0.0,False,0.0,False,blundell,British,,Auto%#,4,7.0,0.0,11.0,12,0,6,2.0,29.0
,1995,,monza,True,0.0,False,0.0,False,frentzen,German,Auto%#,10,3,10.0,0.0,7.0,12,0,7,2.0,28.0
5171,1995,12.0,monza,True,0.0,False,0.0,False,brundle,British,ligier,11,20,7.0,0.0,10.0,16,0,4,2.5999999999999943,36.0
5164,1995,12.0,monza,True,0.0,False,0.0,False,irvine,British,jordan,12,13,6.0,0.0,12.0,14,0,,2.799999999999997,29.0
5169,1995,12.0,monza,True,,False,0.0,False,panis,French,ligier,13,18,8.0,0.0,9.0,16,0,4,2.9000000000000057,29.0
5157,1995,,monza,True,0.0,False,0.0,False,boullion,French,sauber,14,6,2.0,0.0,,12,0,7,4.200000000000003,25.0
5158,1995,12.0,monza,True,0.0,,0.0,Auto%#,papis,Italian,footwork,15,7,0.0,0.0,0.0,1,0,,4.400000000000006,25.0
5156,1995,12.0,monza,True,0.0,False,0.0,False,salo,Finnish,tyrrell,16,,0.0,0.0,17.0,0,0,9,4.5,28.0
5161,1995,12.0,monza,True,0.0,False,0.0,False,katayama,Japanese,tyrrell,17,10,0.0,,19.0,0,0,9,4.799999999999997,32.0
5166,1995,12.0,monza,True,0.0,False,0.0,False,badoer,Italian,minardi,18,15,0.0,0.0,20.0,0,0,10,5.099999999999994,24.0
5173,1995,12.0,monza,True,0.0,False,0.0,False,lamy,Portuguese,minardi,19,22,0.0,0.0,22.0,0,0,10,5.400000000000006,23.0
5159,1995,12.0,monza,True,0.0,False,0.0,False,inoue,Japanese,footwork,20,8,0.0,0.0,23.0,1,0,8,6.0,32.0
5174,1995,12.0,monza,True,0.0,False,0.0,False,montermini,Italian,pacific,21,23,0.0,0.0,21.0,0,0,11,6.200000000000003,31.0
5175,1995,12.0,monza,True,0.0,False,0.0,False,moreno,Brazilian,forti,22,24,0.0,0.0,0.0,0,0,13,6.299999999999997,36.0
5160,1995,12.0,monza,,0.0,False,0.0,False,diniz,Brazilian,forti,23,9,0.0,0.0,25.0,0,0,13,7.599999999999994,25.0
5172,1995,12.0,monza,True,,False,0.0,False,lavaggi,Italian,pacific,24,21,0.0,0.0,0.0,0,0,11,8.0,37.0
5176,1995,13.0,estoril,True,0.0,,0.0,False,coulthard,British,williams,1,1,29.0,0.0,5.0,80,3,2,0.0,24.0
5178,,13.0,estoril,True,0.0,False,,False,damon_hill,British,williams,2,3,51.0,3.0,2.0,80,3,2,0.4000000000000057,35.0
5177,,13.0,estoril,True,0.0,Auto%#,0.0,False,michael_schumacher,German,benetton,3,2,66.0,6.0,1.0,104,8,1,0.7999999999999972,26.0
5179,1995,13.0,estoril,True,0.0,False,0.0,False,berger,Austrian,ferrari,4,4,25.0,0.0,6.0,57,1,3,1.5,36.0
5181,1995,13.0,estoril,True,0.0,False,0.0,False,frentzen,German,sauber,5,6,14.0,0.0,,17,0,5,1.7000000000000028,28.0
5182,1995,13.0,estoril,True,0.0,False,0.0,False,herbert,British,benetton,6,7,38.0,2.0,3.0,104,,1,1.7999999999999972,31.0
5180,1995,13.0,estoril,True,0.0,False,0.0,False,alesi,French,ferrari,7,5,32.0,1.0,4.0,57,1,,1.9000000000000057,31.0
5186,1995,13.0,estoril,True,0.0,False,0.0,False,barrichello,Brazilian,jordan,8,11,,0.0,10.0,14,0,7,2.0,23.0
5183,1995,13.0,estoril,True,0.0,False,0.0,False,brundle,British,ligier,9,8,7.0,0.0,12.0,16,0,6,2.0999999999999943,36.0
5185,1995,13.0,estoril,True,0.0,False,0.0,False,irvine,British,jordan,10,10,6.0,0.0,13.0,14,0,7,2.299999999999997,29.0
5196,1995,13.0,estoril,True,0.0,False,0.0,False,panis,French,ligier,11,21,,0.0,11.0,16,0,6,2.4000000000000057,29.0
5184,1995,13.0,estoril,True,0.0,False,0.0,False,blundell,British,mclaren,12,9,10.0,0.0,9.0,21,0,4,2.4000000000000057,29.0
5194,1995,13.0,estoril,True,0.0,False,0.0,False,hakkinen,Finnish,mclaren,13,19,11.0,0.0,8.0,21,0,4,2.5999999999999943,26.0
5187,1995,13.0,estoril,True,0.0,False,0.0,False,boullion,French,sauber,14,12,3.0,0.0,14.0,17,0,5,3.4000000000000057,25.0
5188,1995,13.0,estoril,True,0.0,False,0.0,False,salo,Finnish,tyrrell,15,13,2.0,0.0,15.0,2,0,8,3.4000000000000057,28.0
5198,1995,13.0,estoril,True,0.0,False,,False,katayama,Japanese,tyrrell,16,23,0.0,0.0,19.0,2,0,8,3.799999999999997,32.0
5197,1995,13.0,estoril,,0.0,False,0.0,False,lamy,Portuguese,minardi,17,22,0.0,0.0,25.0,0,0,10,4.200000000000003,23.0
5189,1995,13.0,,True,0.0,False,,False,badoer,Italian,minardi,18,14,0.0,0.0,21.0,0,0,10,4.299999999999997,24.0
5190,1995,13.0,estoril,True,0.0,False,0.0,False,inoue,Japanese,footwork,19,15,0.0,0.0,22.0,1,0,9,,32.0
5199,1995,13.0,estoril,True,0.0,False,0.0,False,papis,Italian,footwork,20,24,0.0,0.0,20.0,1,0,9,4.700000000000003,25.0
5193,1995,13.0,estoril,True,0.0,False,0.0,False,montermini,Italian,pacific,21,18,0.0,0.0,23.0,0,0,11,5.700000000000003,31.0
5191,1995,13.0,estoril,True,0.0,False,0.0,False,diniz,,forti,22,16,0.0,0.0,24.0,0,0,12,6.799999999999997,
5192,,13.0,estoril,,0.0,False,0.0,False,moreno,Brazilian,forti,,17,0.0,0.0,0.0,0,0,12,,36.0
5195,1995,,estoril,True,0.0,False,0.0,False,deletraz,,pacific,24,Auto%#,0.0,,0.0,0,0,11,12.299999999999995,31.0
5202,1995,14.0,nurburgring,False,0.0,False,0.0,False,coulthard,British,williams,1,3,39.0,1.0,3.0,94,4,2,0.0,24.0
5215,1995,14.0,nurburgring,False,0.0,False,0.0,False,damon_hill,British,williams,2,16,55.0,3.0,2.0,94,4,2,0.2999999999999971,35.0
5200,1995,14.0,nurburgring,False,0.0,False,0.0,False,michael_schumacher,German,benetton,3,1,72.0,6.0,1.0,110,8,1,0.3999999999999915,
5218,1995,14.0,nurburgring,False,0.0,False,0.0,False,berger,Austrian,ferrari,4,Auto%#,28.0,0.0,6.0,62,1,3,1.0999999999999943,36.0
5205,1995,14.0,nurburgring,False,0.0,False,0.0,False,irvine,British,jordan,5,6,6.0,0.0,13.0,14,0,7,1.7999999999999972,29.0
5201,1995,14.0,nurburgring,False,0.0,False,0.0,False,alesi,Auto%#,ferrari,6,2,34.0,1.0,5.0,62,1,,1.7999999999999972,31.0
5204,1995,14.0,nurburgring,False,0.0,False,0.0,False,herbert,British,benetton,7,5,38.0,2.0,,110,8,1,2.0,31.0
5220,1995,14.0,nurburgring,False,0.0,False,0.0,,frentzen,German,sauber,8,,15.0,0.0,7.0,18,0,5,2.0,28.0
5207,1995,14.0,nurburgring,False,0.0,False,0.0,False,hakkinen,Finnish,mclaren,9,8,11.0,0.0,8.0,21,0,4,2.200000000000003,27.0
5222,1995,14.0,nurburgring,False,0.0,False,0.0,False,blundell,British,mclaren,10,23,10.0,0.0,,21,0,4,2.200000000000003,29.0
5203,1995,14.0,nurburgring,False,,False,0.0,False,barrichello,Brazilian,jordan,11,4,8.0,0.0,10.0,14,0,Auto%#,2.5,23.0
5206,1995,14.0,nurburgring,False,0.0,False,0.0,False,brundle,British,ligier,12,7,7.0,0.0,12.0,16,0,6,2.799999999999997,36.0
5217,1995,14.0,nurburgring,False,,False,0.0,False,boullion,French,sauber,13,18,3.0,0.0,14.0,18,0,5,3.3999999999999915,25.0
5221,1995,14.0,nurburgring,False,0.0,False,0.0,False,panis,French,ligier,14,22,8.0,0.0,11.0,16,0,6,3.3999999999999915,29.0
5209,1995,14.0,nurburgring,False,0.0,False,0.0,False,salo,Finnish,tyrrell,15,10,2.0,0.0,15.0,2,0,8,4.399999999999992,28.0
5208,1995,14.0,nurburgring,,0.0,False,0.0,False,lamy,Portuguese,minardi,16,9,0.0,0.0,25.0,0,0,10,4.599999999999994,23.0
5211,1995,14.0,nurburgring,False,0.0,False,0.0,False,papis,Italian,footwork,17,12,0.0,0.0,20.0,1,0,9,5.0,25.0
5210,1995,14.0,nurburgring,False,0.0,False,0.0,False,badoer,Italian,minardi,18,11,0.0,0.0,21.0,0,0,10,5.099999999999994,24.0
5213,1995,14.0,nurburgring,False,0.0,False,0.0,False,,Italian,tyrrell,19,14,0.0,0.0,0.0,2,0,8,5.599999999999994,33.0
5216,1995,14.0,nurburgring,False,0.0,False,0.0,False,montermini,Italian,,20,17,0.0,0.0,23.0,0,0,11,6.0,31.0
5223,1995,14.0,nurburgring,False,0.0,False,0.0,,inoue,Japanese,footwork,21,24,0.0,0.0,22.0,1,0,9,6.200000000000003,32.0
5212,1995,14.0,nurburgring,False,0.0,False,0.0,False,diniz,Brazilian,forti,22,13,0.0,0.0,24.0,0,0,12,6.5,25.0
5219,1995,14.0,nurburgring,False,0.0,False,0.0,False,moreno,Brazilian,forti,23,20,0.0,0.0,0.0,0,0,12,7.399999999999991,36.0
5214,1995,14.0,nurburgring,False,0.0,False,0.0,False,deletraz,Swiss,pacific,24,15,0.0,0.0,0.0,0,0,11,9.200000000000005,32.0
5225,1995,15.0,okayama,False,0.0,True,0.0,False,coulthard,British,williams,1,2,43.0,1.0,3.0,98,4,2,0.0,24.0
5226,1995,15.0,okayama,False,0.0,True,0.0,False,damon_hill,British,williams,2,3,55.0,3.0,2.0,98,4,2,0.2000000000000028,35.0
5224,1995,15.0,okayama,False,0.0,True,0.0,False,michael_schumacher,German,benetton,3,1,82.0,7.0,1.0,122,9,1,0.2999999999999971,26.0
5228,1995,15.0,okayama,False,0.0,True,,False,alesi,French,ferrari,4,5,40.0,1.0,5.0,68,1,3,0.9000000000000057,31.0
5227,1995,15.0,okayama,False,0.0,True,0.0,False,berger,Austrian,ferrari,5,Auto%#,28.0,0.0,6.0,68,1,3,1.0,36.0
5234,1995,15.0,okayama,False,0.0,True,0.0,False,irvine,British,jordan,6,11,7.0,0.0,13.0,18,0,5,1.4000000000000057,29.0
5229,1995,15.0,okayama,False,0.0,True,0.0,False,herbert,British,benetton,7,6,40.0,2.0,4.0,122,9,1,1.5999999999999943,31.0
5230,1995,15.0,okayama,False,0.0,,0.0,False,frentzen,German,sauber,8,7,15.0,0.0,7.0,18,0,6,1.5999999999999943,28.0
5231,1995,15.0,okayama,False,0.0,True,0.0,False,panis,French,ligier,9,8,8.0,0.0,11.0,16,0,7,1.5999999999999943,29.0
5232,1995,15.0,okayama,False,0.0,True,0.0,False,blundell,British,mclaren,10,9,10.0,0.0,10.0,21,0,,1.7000000000000028,29.0
5241,1995,15.0,okayama,,0.0,True,0.0,False,barrichello,Brazilian,jordan,11,18,11.0,0.0,9.0,18,0,5,1.7999999999999972,23.0
5233,1995,15.0,okayama,False,0.0,True,0.0,False,magnussen,Danish,mclaren,12,10,0.0,0.0,0.0,21,0,4,2.299999999999997,22.0
5245,1995,15.0,okayama,False,0.0,True,0.0,False,,Japanese,ligier,,22,1.0,0.0,16.0,16,0,7,2.5,35.0
5236,1995,15.0,okayama,False,0.0,True,0.0,False,lamy,Portuguese,minardi,14,13,0.0,0.0,24.0,0,0,10,2.5999999999999943,23.0
5246,1995,15.0,okayama,False,0.0,True,0.0,False,boullion,French,sauber,15,23,3.0,0.0,14.0,18,0,6,2.5999999999999943,25.0
5238,1995,15.0,okayama,False,0.0,True,0.0,False,badoer,Italian,minardi,16,15,0.0,0.0,21.0,0,0,10,2.9000000000000057,24.0
5237,1995,15.0,okayama,False,0.0,True,0.0,False,katayama,Japanese,tyrrell,17,14,0.0,0.0,19.0,2,0,8,3.0,32.0
5235,1995,15.0,okayama,False,0.0,,0.0,False,salo,Finnish,tyrrell,18,12,2.0,0.0,15.0,2,0,8,3.200000000000003,28.0
5242,1995,15.0,okayama,False,0.0,Auto%#,0.0,False,morbidelli,Italian,footwork,19,19,1.0,0.0,17.0,1,0,9,4.099999999999994,27.0
5243,1995,15.0,okayama,False,0.0,True,0.0,,inoue,Japanese,footwork,20,20,0.0,0.0,22.0,1,0,9,4.200000000000003,32.0
5240,1995,15.0,okayama,False,0.0,True,0.0,False,diniz,Brazilian,forti,Auto%#,17,0.0,0.0,25.0,0,0,12,5.599999999999994,25.0
5239,1995,15.0,okayama,False,0.0,True,0.0,False,moreno,Brazilian,forti,22,16,0.0,0.0,0.0,0,0,12,5.700000000000003,36.0
5244,1995,15.0,okayama,False,0.0,True,0.0,False,montermini,Italian,pacific,23,21,0.0,0.0,23.0,0,0,11,6.099999999999994,31.0
5247,1995,15.0,okayama,False,0.0,True,0.0,False,gachot,Belgian,pacific,24,24,0.0,0.0,28.0,0,0,11,7.400000000000006,32.0
5248,1995,16.0,suzuka,False,0.0,False,0.0,False,michael_schumacher,German,Auto%#,1,1,92.0,8.0,1.0,133,10,1,0.0,
5263,1995,16.0,suzuka,False,0.0,False,0.0,False,alesi,French,ferrari,2,16,,1.0,4.0,73,1,3,0.9000000000000057,31.0
5249,1995,16.0,suzuka,False,0.0,False,,False,hakkinen,Finnish,mclaren,3,2,11.0,0.0,8.0,21,0,4,1.0,27.0
5260,1995,16.0,suzuka,False,0.0,False,0.0,False,damon_hill,British,williams,4,13,59.0,,2.0,108,4,2,1.0,35.0
5265,1995,16.0,suzuka,False,,False,0.0,False,berger,Austrian,ferrari,5,18,31.0,0.0,,73,1,3,,36.0
5261,1995,16.0,suzuka,False,0.0,False,0.0,False,coulthard,British,williams,6,14,49.0,1.0,3.0,108,4,2,1.2000000000000028,24.0
5251,1995,16.0,suzuka,False,0.0,False,0.0,False,irvine,British,jordan,7,4,7.0,0.0,13.0,18,0,5,1.5999999999999943,29.0
5255,1995,16.0,suzuka,False,0.0,False,0.0,False,frentzen,German,sauber,8,8,15.0,0.0,7.0,18,0,6,2.0,28.0
5250,1995,16.0,suzuka,False,0.0,False,0.0,False,herbert,British,,9,3,41.0,2.0,5.0,133,10,1,2.299999999999997,31.0
5266,1995,16.0,suzuka,False,0.0,Auto%#,0.0,False,barrichello,Brazilian,jordan,10,19,11.0,0.0,9.0,18,0,5,2.4000000000000057,23.0
,1995,16.0,suzuka,False,0.0,False,0.0,False,panis,,ligier,11,5,8.0,0.0,11.0,16,0,7,2.799999999999997,29.0
5253,1995,16.0,suzuka,False,0.0,False,0.0,False,,Finnish,tyrrell,,6,2.0,0.0,15.0,2,0,8,3.4000000000000057,28.0
5267,1995,16.0,suzuka,False,0.0,False,0.0,False,katayama,Japanese,tyrrell,13,20,0.0,0.0,19.0,2,0,8,4.0,32.0
5270,1995,16.0,suzuka,False,0.0,False,0.0,False,morbidelli,Italian,footwork,14,23,1.0,0.0,17.0,1,0,9,4.099999999999994,27.0
5257,1995,16.0,suzuka,False,,False,0.0,False,wendlinger,Auto%#,sauber,15,10,0.0,0.0,0.0,18,0,6,4.900000000000006,26.0
5258,1995,16.0,suzuka,False,0.0,False,0.0,False,lamy,Portuguese,minardi,16,11,0.0,0.0,24.0,0,0,10,5.099999999999994,23.0
5256,1995,16.0,suzuka,False,0.0,False,0.0,False,badoer,Italian,minardi,,9,0.0,0.0,21.0,0,0,10,5.5,24.0
5259,1995,16.0,suzuka,False,0.0,False,0.0,False,inoue,Japanese,footwork,18,12,0.0,0.0,22.0,1,0,9,6.099999999999994,32.0
5264,1995,16.0,suzuka,False,0.0,False,0.0,False,montermini,Italian,pacific,19,17,0.0,0.0,23.0,0,0,11,8.099999999999994,31.0
5262,1995,16.0,suzuka,False,0.0,False,0.0,False,diniz,Brazilian,forti,20,15,0.0,,25.0,0,0,12,8.700000000000003,25.0
5269,1995,16.0,suzuka,False,0.0,False,0.0,False,moreno,Brazilian,forti,21,22,0.0,0.0,0.0,0,0,12,10.299999999999995,
5268,1995,16.0,suzuka,False,0.0,False,0.0,False,gachot,Belgian,pacific,22,21,0.0,,29.0,0,0,11,10.299999999999995,32.0
5254,1995,16.0,suzuka,False,0.0,False,0.0,False,blundell,British,,23,7,10.0,0.0,10.0,,0,4,904.6,29.0
5271,1995,17.0,adelaide,False,0.0,False,0.0,False,damon_hill,British,williams,1,1,59.0,3.0,2.0,108,4,2,0.0,35.0
5289,1995,17.0,adelaide,False,0.0,False,0.0,False,coulthard,British,williams,2,19,49.0,1.0,3.0,108,4,2,0.0999999999999943,24.0
5285,1995,17.0,adelaide,False,0.0,False,0.0,Auto%#,michael_schumacher,German,benetton,3,15,102.0,9.0,1.0,147,11,1,0.2999999999999971,26.0
5283,1995,17.0,adelaide,False,0.0,False,0.0,False,berger,Austrian,ferrari,4,13,31.0,0.0,6.0,73,1,,0.4000000000000057,36.0
5286,1995,17.0,adelaide,False,0.0,False,0.0,False,alesi,French,ferrari,5,16,42.0,1.0,5.0,73,1,3,0.7999999999999972,
5282,1995,17.0,adelaide,False,0.0,False,0.0,False,frentzen,German,sauber,6,12,15.0,0.0,8.0,18,0,7,1.0999999999999943,28.0
5288,,17.0,adelaide,False,0.0,False,0.0,False,barrichello,Brazilian,jordan,7,18,11.0,0.0,9.0,21,0,5,1.2000000000000028,23.0
5280,1995,17.0,adelaide,False,0.0,False,0.0,False,herbert,British,benetton,8,10,45.0,2.0,4.0,147,11,1,1.4000000000000057,31.0
5281,1995,17.0,adelaide,False,0.0,False,0.0,False,irvine,British,jordan,9,11,10.0,0.0,10.0,21,0,5,1.5999999999999943,30.0
5274,1995,17.0,adelaide,False,0.0,False,0.0,False,blundell,British,mclaren,10,Auto%#,10.0,0.0,12.0,27,0,4,1.7999999999999972,29.0
5284,1995,17.0,adelaide,False,,False,0.0,False,brundle,British,ligier,11,14,7.0,0.0,13.0,18,0,6,2.0999999999999943,36.0
5272,1995,17.0,adelaide,False,0.0,False,0.0,False,panis,French,,12,2,10.0,0.0,11.0,18,0,6,2.5,29.0
5273,1995,17.0,adelaide,False,0.0,False,0.0,False,morbidelli,Italian,footwork,13,3,1.0,0.0,17.0,1,0,9,2.9000000000000057,27.0
5275,1995,17.0,adelaide,False,0.0,False,0.0,False,salo,,tyrrell,14,5,,0.0,14.0,3,0,8,3.0999999999999943,28.0
5293,1995,17.0,adelaide,False,0.0,False,0.0,False,badoer,Italian,minardi,15,23,0.0,0.0,21.0,,0,10,3.299999999999997,24.0
5279,1995,17.0,adelaide,False,0.0,False,0.0,False,katayama,Japanese,,16,9,,0.0,19.0,3,0,8,3.299999999999997,32.0
5276,1995,17.0,adelaide,False,0.0,False,0.0,False,lamy,Portuguese,minardi,17,6,0.0,0.0,24.0,0,0,10,3.4000000000000057,23.0
5291,1995,17.0,adelaide,False,0.0,False,0.0,False,wendlinger,Austrian,sauber,18,21,0.0,0.0,27.0,18,0,7,4.099999999999994,26.0
5290,1995,17.0,adelaide,False,0.0,False,0.0,False,inoue,Japanese,footwork,19,20,0.0,0.0,22.0,1,0,9,4.200000000000003,32.0
5287,1995,17.0,adelaide,False,0.0,False,0.0,False,moreno,Brazilian,forti,20,,0.0,,0.0,0,0,12,5.200000000000003,36.0
5277,1995,17.0,adelaide,False,0.0,False,0.0,False,diniz,Brazilian,forti,21,7,0.0,0.0,,0,0,12,,25.0
5292,1995,17.0,adelaide,False,0.0,False,0.0,False,montermini,Italian,pacific,22,22,0.0,0.0,23.0,0,0,11,6.200000000000003,31.0
5278,1995,17.0,adelaide,False,0.0,False,0.0,False,gachot,Belgian,pacific,23,8,0.0,0.0,30.0,0,0,11,6.5,32.0
5295,1996,1.0,albert_park,False,0.0,True,0.0,False,villeneuve,Canadian,williams,,2,0.0,0.0,0.0,0,0,0,0.0,24.0
5294,1996,1.0,albert_park,False,0.0,True,0.0,Auto%#,damon_hill,British,williams,2,1,0.0,0.0,0.0,0,0,0,0.0999999999999943,35.0
5296,1996,1.0,albert_park,False,0.0,True,0.0,False,irvine,British,Auto%#,Auto%#,3,0.0,0.0,0.0,0,0,0,0.5,30.0
5306,1996,1.0,albert_park,False,0.0,True,,False,michael_schumacher,German,ferrari,4,,0.0,0.0,0.0,0,0,0,0.6999999999999886,27.0
5298,1996,1.0,albert_park,False,0.0,True,0.0,False,hakkinen,Finnish,mclaren,5,5,0.0,0.0,0.0,0,0,0,1.6999999999999886,27.0
5311,1996,1.0,albert_park,False,0.0,True,0.0,False,alesi,French,benetton,6,18,0.0,0.0,0.0,0,0,0,1.8999999999999917,31.0
5297,1996,1.0,albert_park,False,0.0,True,0.0,False,berger,Auto%#,benetton,7,4,0.0,0.0,0.0,0,0,0,1.8999999999999917,36.0
,1996,1.0,albert_park,False,0.0,True,0.0,False,barrichello,Brazilian,jordan,8,15,0.0,0.0,0.0,0,,0,2.0999999999999943,23.0
5301,1996,1.0,albert_park,False,0.0,True,0.0,False,frentzen,German,,9,8,0.0,0.0,0.0,0,0,0,2.0999999999999943,28.0
5299,1996,1.0,albert_park,False,0.0,True,0.0,False,salo,Finnish,tyrrell,10,6,0.0,0.0,0.0,0,0,0,2.3999999999999915,29.0
5300,1996,1.0,albert_park,False,0.0,True,0.0,False,panis,French,ligier,11,7,0.0,0.0,0.0,0,0,0,2.8999999999999915,29.0
5310,1996,1.0,albert_park,False,0.0,True,0.0,False,verstappen,Dutch,footwork,12,17,,0.0,0.0,0,0,0,2.8999999999999915,24.0
5309,1996,1.0,albert_park,False,0.0,True,0.0,False,coulthard,British,mclaren,13,16,0.0,0.0,0.0,0,0,0,3.0,24.0
5313,1996,1.0,albert_park,False,0.0,True,0.0,False,herbert,British,sauber,14,20,0.0,0.0,,0,0,0,3.0999999999999943,31.0
5304,1996,1.0,albert_park,False,0.0,True,0.0,False,katayama,Japanese,Auto%#,15,11,0.0,0.0,0.0,0,0,Auto%#,3.299999999999997,32.0
5307,1996,1.0,albert_park,False,,True,0.0,False,fisichella,Italian,minardi,16,14,0.0,0.0,0.0,0,0,0,3.5,23.0
5305,1996,1.0,albert_park,False,0.0,True,0.0,False,lamy,Portuguese,minardi,17,12,0.0,0.0,0.0,0,0,0,3.6999999999999886,23.0
5302,1996,1.0,albert_park,False,0.0,Auto%#,0.0,False,rosset,Brazilian,footwork,18,9,0.0,0.0,0.0,0,0,0,3.799999999999997,27.0
5312,1996,1.0,,False,0.0,True,0.0,False,brundle,British,jordan,19,19,0.0,0.0,0.0,0,0,0,3.899999999999992,
5303,1996,1.0,,False,0.0,True,0.0,False,diniz,Brazilian,,20,10,0.0,0.0,0.0,0,0,0,3.899999999999992,25.0
5314,1996,2.0,interlagos,False,0.0,False,0.0,False,damon_hill,British,williams,1,1,10.0,1.0,1.0,16,1,1,0.0,35.0
5326,1996,2.0,interlagos,False,0.0,False,0.0,False,barrichello,Brazilian,jordan,2,13,0.0,0.0,0.0,0,0,0,1.0,23.0
5330,1996,2.0,interlagos,False,0.0,Auto%#,,False,,Canadian,williams,3,17,6.0,0.0,2.0,16,1,1,1.2000000000000028,24.0
5316,1996,2.0,interlagos,False,0.0,False,0.0,False,michael_schumacher,,ferrari,4,3,0.0,0.0,0.0,4,0,2,1.4000000000000057,27.0
5315,1996,2.0,interlagos,False,0.0,False,,False,,French,benetton,5,2,0.0,0.0,0.0,3,0,3,1.4000000000000057,31.0
5325,1996,2.0,interlagos,False,0.0,Auto%#,0.0,False,brundle,British,jordan,6,12,0.0,0.0,0.0,0,0,0,1.4000000000000057,36.0
5317,1996,2.0,interlagos,False,0.0,False,0.0,False,hakkinen,Finnish,mclaren,7,4,2.0,0.0,,2,0,4,1.5,27.0
5331,1996,2.0,interlagos,False,0.0,False,0.0,False,berger,Austrian,benetton,8,18,3.0,0.0,4.0,3,0,3,1.7000000000000028,36.0
5327,1996,,interlagos,False,0.0,False,0.0,False,frentzen,German,sauber,9,14,0.0,,8.0,0,0,7,1.7000000000000028,28.0
5320,1996,2.0,interlagos,,0.0,False,0.0,False,,British,ferrari,10,7,4.0,0.0,3.0,4,0,2,1.9000000000000057,30.0
5318,1996,2.0,,False,0.0,False,0.0,False,salo,Finnish,tyrrell,11,5,1.0,0.0,6.0,1,0,5,1.9000000000000057,29.0
5329,1996,2.0,interlagos,False,0.0,,0.0,Auto%#,herbert,British,sauber,12,16,,0.0,0.0,0,0,7,2.0,31.0
5334,1996,2.0,interlagos,,0.0,False,0.0,False,verstappen,,footwork,13,21,0.0,0.0,,0,0,8,2.1000000000000085,24.0
5328,1996,2.0,interlagos,False,0.0,False,0.0,False,coulthard,British,mclaren,14,15,0.0,0.0,0.0,2,0,4,2.1000000000000085,25.0
5319,1996,2.0,interlagos,False,0.0,False,0.0,False,,French,ligier,15,Auto%#,0.0,0.0,7.0,0,0,6,2.300000000000012,29.0
,1996,2.0,interlagos,False,0.0,False,0.0,False,katayama,Japanese,tyrrell,16,9,0.0,0.0,11.0,1,0,5,2.300000000000012,32.0
5333,1996,2.0,interlagos,False,0.0,Auto%#,0.0,False,rosset,Brazilian,,17,20,0.0,0.0,9.0,0,0,Auto%#,2.300000000000012,27.0
5323,1996,,interlagos,False,0.0,False,0.0,False,lamy,Portuguese,minardi,18,10,0.0,0.0,0.0,0,0,0,,24.0
5324,1996,2.0,interlagos,False,0.0,False,0.0,False,badoer,Italian,forti,19,11,0.0,0.0,0.0,0,0,0,5.1000000000000085,25.0
5332,1996,2.0,interlagos,False,0.0,False,0.0,Auto%#,montermini,Auto%#,forti,20,19,0.0,0.0,0.0,0,0,0,5.400000000000006,31.0
5335,1996,2.0,interlagos,False,0.0,False,0.0,False,marques,Brazilian,minardi,21,22,0.0,0.0,0.0,0,0,0,5.400000000000006,20.0
5321,,2.0,Auto%#,False,0.0,False,0.0,False,diniz,Brazilian,Auto%#,22,8,0.0,0.0,10.0,0,0,6,5.400000000000006,25.0
5336,1996,3.0,galvez,False,0.0,True,0.0,False,damon_hill,British,williams,1,1,20.0,2.0,1.0,26,2,1,0.0,35.0
5347,1996,3.0,galvez,False,0.0,True,0.0,False,michael_schumacher,German,ferrari,2,12,4.0,0.0,6.0,8,0,3,0.2999999999999971,27.0
5337,1996,3.0,galvez,False,0.0,True,0.0,False,villeneuve,Canadian,williams,3,2,6.0,0.0,3.0,26,2,1,0.6000000000000085,24.0
5338,1996,3.0,galvez,False,0.0,True,0.0,False,alesi,French,benetton,4,3,6.0,0.0,2.0,9,0,2,0.7000000000000028,31.0
5346,1996,3.0,galvez,False,0.0,True,0.0,False,berger,Austrian,,5,11,3.0,0.0,7.0,9,0,2,1.0,36.0
5339,1996,3.0,galvez,False,0.0,True,0.0,False,barrichello,Brazilian,jordan,6,4,0.0,0.0,0.0,0,0,11,1.1000000000000083,23.0
5341,1996,3.0,galvez,False,0.0,True,0.0,False,verstappen,Dutch,footwork,7,6,0.0,0.0,0.0,0,0,8,1.2999999999999972,24.0
5357,1996,3.0,galvez,False,0.0,True,0.0,False,,Finnish,mclaren,8,22,5.0,0.0,4.0,5,0,4,1.5,27.0
5342,1996,3.0,galvez,False,0.0,True,0.0,False,coulthard,British,mclaren,9,7,,0.0,0.0,5,0,4,1.7000000000000028,25.0
5340,1996,3.0,galvez,False,0.0,True,0.0,False,irvine,Auto%#,ferrari,10,5,4.0,0.0,5.0,8,0,3,1.7999999999999972,30.0
5352,,3.0,galvez,False,0.0,True,0.0,False,frentzen,,sauber,11,17,0.0,0.0,11.0,0,0,7,1.7999999999999972,
5343,1996,3.0,galvez,False,0.0,True,0.0,False,panis,French,ligier,,8,1.0,0.0,9.0,1,0,6,1.9000000000000057,29.0
5354,1996,3.0,galvez,False,0.0,True,,False,katayama,Japanese,tyrrell,13,19,0.0,0.0,12.0,3,0,5,2.1000000000000085,32.0
5351,1996,3.0,galvez,False,0.0,True,0.0,False,,Brazilian,minardi,14,16,0.0,0.0,0.0,0,0,9,2.200000000000003,20.0
,1996,3.0,galvez,False,0.0,True,0.0,False,brundle,British,jordan,,15,0.0,0.0,16.0,0,0,11,2.4000000000000057,36.0
5349,1996,3.0,galvez,False,0.0,True,0.0,False,salo,Finnish,tyrrell,16,14,3.0,0.0,,3,0,5,2.6000000000000085,29.0
5344,1996,3.0,galvez,False,0.0,True,0.0,False,herbert,Auto%#,sauber,17,9,0.0,0.0,0.0,0,0,7,3.0,31.0
5353,1996,3.0,galvez,False,0.0,True,0.0,False,,Brazilian,Auto%#,18,18,0.0,0.0,10.0,1,0,6,3.1000000000000085,25.0
5348,1996,3.0,galvez,False,0.0,True,0.0,False,lamy,Portuguese,minardi,19,13,0.0,0.0,14.0,0,0,,3.4000000000000057,24.0
5355,1996,3.0,galvez,False,0.0,True,,False,rosset,Brazilian,footwork,20,20,0.0,0.0,13.0,0,0,8,3.5,
5356,1996,3.0,galvez,False,0.0,True,0.0,False,badoer,Italian,forti,21,21,0.0,0.0,15.0,0,0,10,4.5,25.0
5345,1996,3.0,galvez,False,0.0,True,0.0,False,montermini,Italian,forti,22,10,0.0,0.0,0.0,0,0,10,5.400000000000006,31.0
5361,1996,4.0,nurburgring,False,0.0,,0.0,False,damon_hill,British,williams,1,4,30.0,3.0,1.0,42,3,1,0.0,35.0
5358,1996,4.0,nurburgring,False,0.0,True,0.0,False,villeneuve,Canadian,williams,2,1,,0.0,2.0,42,3,1,0.7999999999999972,
5359,1996,4.0,,False,0.0,True,0.0,False,michael_schumacher,,ferrari,3,2,4.0,0.0,6.0,10,0,3,1.1999999999999886,27.0
5377,1996,4.0,nurburgring,False,0.0,True,0.0,False,alesi,French,benetton,4,20,10.0,0.0,3.0,13,0,2,1.7999999999999972,31.0
5362,1996,4.0,nurburgring,False,0.0,True,0.0,False,barrichello,Brazilian,jordan,5,5,3.0,0.0,7.0,3,0,5,1.8999999999999917,23.0
5360,1996,4.0,nurburgring,False,0.0,True,,False,coulthard,British,mclaren,6,3,0.0,0.0,12.0,5,0,4,2.0,25.0
5376,1996,4.0,nurburgring,False,0.0,True,0.0,False,irvine,British,ferrari,7,19,6.0,0.0,4.0,10,0,3,2.0,30.0
5366,1996,4.0,nurburgring,False,0.0,True,0.0,False,berger,Austrian,benetton,8,9,3.0,0.0,8.0,13,0,2,2.1999999999999886,36.0
5365,1996,4.0,nurburgring,False,0.0,True,0.0,False,hakkinen,Finnish,mclaren,9,8,5.0,0.0,5.0,5,0,4,2.1999999999999886,27.0
5373,1996,4.0,nurburgring,False,0.0,True,0.0,False,frentzen,German,sauber,10,16,0.0,0.0,14.0,0,0,9,2.1999999999999886,28.0
5363,1996,4.0,nurburgring,False,0.0,True,0.0,False,brundle,British,jordan,11,6,0.0,0.0,21.0,3,0,5,2.299999999999997,36.0
5364,1996,4.0,nurburgring,False,0.0,True,0.0,False,herbert,British,sauber,12,7,0.0,0.0,16.0,0,0,,2.299999999999997,31.0
5374,1996,4.0,nurburgring,False,0.0,True,0.0,False,verstappen,Dutch,footwork,13,,1.0,0.0,,1,0,8,2.5,24.0
5371,1996,4.0,nurburgring,False,0.0,True,0.0,False,salo,Finnish,tyrrell,14,14,3.0,0.0,9.0,3,,6,2.5999999999999943,29.0
5375,1996,4.0,nurburgring,False,0.0,True,,False,panis,French,ligier,15,18,1.0,0.0,10.0,1,0,7,2.5999999999999943,29.0
5372,1996,4.0,nurburgring,False,0.0,True,0.0,False,katayama,Japanese,,16,15,0.0,0.0,,3,0,6,2.8999999999999915,32.0
5367,1996,,nurburgring,False,0.0,True,0.0,False,diniz,Brazilian,ligier,17,10,0.0,0.0,13.0,1,0,7,3.799999999999997,25.0
5370,1996,4.0,nurburgring,,0.0,True,0.0,False,fisichella,Italian,minardi,18,13,0.0,0.0,0.0,0,0,11,4.0,23.0
5369,1996,4.0,nurburgring,False,0.0,True,0.0,False,lamy,Portuguese,minardi,,12,0.0,0.0,18.0,0,0,11,4.199999999999989,24.0
5368,1996,4.0,nurburgring,False,0.0,True,0.0,False,rosset,Brazilian,footwork,20,11,0.0,0.0,17.0,1,0,8,4.699999999999989,27.0
5379,,5.0,imola,True,0.0,False,0.0,False,michael_schumacher,German,ferrari,1,2,10.0,0.0,4.0,16,0,2,0.0,27.0
5378,,5.0,imola,True,0.0,False,0.0,False,damon_hill,British,williams,2,1,33.0,3.0,1.0,55,4,1,0.1999999999999886,35.0
5388,1996,5.0,imola,True,0.0,False,0.0,False,villeneuve,Canadian,williams,3,11,22.0,1.0,2.0,55,4,1,0.2999999999999971,25.0
5391,1996,5.0,imola,True,0.0,False,0.0,False,coulthard,British,mclaren,4,14,4.0,0.0,8.0,9,0,4,0.7999999999999972,25.0
5383,1996,5.0,imola,True,0.0,False,0.0,False,alesi,French,benetton,5,6,10.0,0.0,3.0,13,0,3,1.0999999999999943,31.0
5381,,5.0,imola,True,0.0,False,0.0,False,irvine,,ferrari,6,4,6.0,0.0,5.0,16,0,2,1.2999999999999972,30.0
,1996,5.0,imola,True,0.0,False,0.0,False,berger,Austrian,benetton,7,3,3.0,0.0,9.0,13,0,3,1.3999999999999917,36.0
5398,1996,5.0,imola,True,0.0,False,0.0,False,salo,Finnish,tyrrell,8,21,3.0,0.0,,3,0,6,1.5,29.0
5382,1996,5.0,imola,True,0.0,False,0.0,False,barrichello,Brazilian,jordan,9,5,5.0,0.0,7.0,6,0,5,1.6999999999999886,23.0
5395,1996,5.0,imola,True,0.0,False,0.0,False,frentzen,German,sauber,10,18,0.0,0.0,16.0,0,0,9,1.8999999999999917,28.0
5385,1996,5.0,imola,True,0.0,False,0.0,False,hakkinen,Finnish,mclaren,11,8,5.0,0.0,6.0,9,0,4,2.1999999999999886,27.0
5394,1996,5.0,imola,True,,False,,False,brundle,British,jordan,12,17,1.0,0.0,12.0,6,0,5,2.1999999999999886,36.0
5389,1996,5.0,imola,True,0.0,False,0.0,False,panis,French,ligier,13,12,1.0,0.0,11.0,1,0,7,2.5999999999999943,29.0
5393,1996,5.0,imola,True,,False,0.0,False,verstappen,Dutch,footwork,14,16,1.0,0.0,13.0,1,0,8,2.5999999999999943,24.0
5397,1996,5.0,imola,True,0.0,False,0.0,False,herbert,British,sauber,15,20,0.0,0.0,14.0,0,0,9,2.5999999999999943,31.0
5390,1996,5.0,,True,0.0,False,0.0,False,katayama,Japanese,tyrrell,16,Auto%#,0.0,0.0,17.0,3,0,6,3.0,32.0
5384,1996,5.0,imola,True,0.0,False,0.0,False,diniz,Brazilian,ligier,17,7,0.0,0.0,15.0,1,0,7,3.0999999999999943,25.0
5386,1996,5.0,imola,True,0.0,False,0.0,False,lamy,Portuguese,minardi,18,9,0.0,0.0,19.0,0,0,11,3.5999999999999943,24.0
5396,1996,5.0,imola,True,0.0,False,0.0,False,fisichella,Italian,minardi,19,19,0.0,0.0,22.0,0,0,11,,23.0
5392,1996,5.0,imola,True,0.0,False,0.0,False,rosset,Brazilian,footwork,20,15,0.0,0.0,18.0,1,0,8,4.399999999999992,27.0
5387,1996,,imola,True,0.0,Auto%#,0.0,False,badoer,Italian,forti,21,10,0.0,0.0,21.0,0,0,10,5.099999999999994,25.0
5415,1996,6.0,monaco,False,0.0,False,1.0,False,michael_schumacher,Auto%#,ferrari,1,17,16.0,0.0,3.0,25,0,2,0.0,27.0
5409,1996,6.0,monaco,False,0.0,False,1.0,False,damon_hill,British,williams,2,11,43.0,4.0,1.0,65,5,,0.5,35.0
5407,1996,6.0,monaco,False,0.0,False,1.0,False,alesi,French,benetton,3,9,11.0,0.0,4.0,18,0,3,0.5,31.0
5411,1996,6.0,monaco,False,0.0,False,1.0,,berger,Austrian,,4,13,7.0,0.0,6.0,18,0,3,0.6999999999999886,36.0
5400,1996,6.0,monaco,False,,False,1.0,False,coulthard,British,mclaren,5,2,4.0,0.0,9.0,9,0,4,1.0999999999999943,25.0
5416,1996,6.0,monaco,False,0.0,False,1.0,False,barrichello,Brazilian,jordan,6,18,7.0,0.0,7.0,8,0,5,1.0999999999999943,23.0
5405,1996,6.0,monaco,False,0.0,False,1.0,False,irvine,British,ferrari,7,7,9.0,0.0,5.0,25,0,Auto%#,1.0999999999999943,30.0
5404,1996,,monaco,False,0.0,False,1.0,False,hakkinen,Finnish,mclaren,8,Auto%#,5.0,0.0,8.0,9,0,4,1.2999999999999972,27.0
5402,1996,6.0,monaco,False,0.0,False,1.0,False,frentzen,German,sauber,9,4,0.0,0.0,16.0,0,0,9,1.5,29.0
5406,1996,6.0,monaco,False,0.0,False,1.0,False,villeneuve,Canadian,williams,10,8,22.0,1.0,,65,5,1,1.5999999999999943,25.0
5403,1996,6.0,monaco,False,0.0,False,1.0,False,salo,Auto%#,tyrrell,11,5,3.0,0.0,10.0,3,0,6,1.7999999999999972,29.0
5419,1996,6.0,monaco,False,0.0,False,,False,verstappen,Dutch,footwork,12,,1.0,,13.0,1,0,8,1.8999999999999917,24.0
5401,,6.0,monaco,False,0.0,False,1.0,False,herbert,British,sauber,13,3,0.0,0.0,15.0,0,0,9,1.8999999999999917,31.0
5399,1996,6.0,monaco,,0.0,False,1.0,False,panis,French,ligier,14,1,1.0,0.0,11.0,1,0,7,2.0,29.0
5414,1996,6.0,monaco,False,,False,1.0,False,katayama,Japanese,tyrrell,15,16,0.0,0.0,18.0,3,0,6,2.0999999999999943,32.0
5410,1996,6.0,monaco,False,0.0,False,1.0,False,brundle,British,jordan,16,12,1.0,0.0,12.0,8,0,5,2.0999999999999943,36.0
5412,1996,6.0,monaco,False,0.0,False,1.0,False,diniz,Brazilian,ligier,17,14,0.0,0.0,14.0,1,0,7,2.299999999999997,25.0
5418,1996,6.0,monaco,False,0.0,False,1.0,False,fisichella,Italian,minardi,18,20,0.0,0.0,22.0,0,0,10,2.299999999999997,23.0
5417,1996,6.0,monaco,False,0.0,False,,False,lamy,Portuguese,minardi,19,Auto%#,0.0,0.0,17.0,0,0,10,3.0,24.0
5413,1996,6.0,,False,0.0,False,1.0,False,,Brazilian,footwork,20,15,0.0,0.0,19.0,1,,8,4.599999999999994,27.0
5408,1996,6.0,monaco,False,0.0,False,1.0,False,badoer,Italian,forti,21,10,0.0,0.0,20.0,0,0,11,4.699999999999989,25.0
5420,1996,6.0,monaco,False,0.0,False,1.0,False,montermini,Italian,forti,22,22,0.0,0.0,21.0,0,0,11,5.0,31.0
5433,1996,7.0,catalunya,False,0.0,False,1.0,False,damon_hill,British,williams,Auto%#,13,43.0,4.0,1.0,65,5,1,0.0,35.0
5423,1996,7.0,catalunya,False,0.0,False,1.0,False,villeneuve,Canadian,williams,2,,22.0,1.0,2.0,65,5,,0.3999999999999915,25.0
5421,1996,7.0,catalunya,False,0.0,False,1.0,False,michael_schumacher,German,ferrari,3,1,16.0,0.0,3.0,25,0,2,0.8999999999999915,27.0
5422,1996,7.0,,False,,False,1.0,False,alesi,French,benetton,4,2,11.0,0.0,5.0,18,0,3,1.3999999999999917,31.0
5429,1996,7.0,catalunya,False,0.0,Auto%#,1.0,,berger,Austrian,benetton,5,9,7.0,0.0,8.0,18,0,3,1.3999999999999917,36.0
5435,1996,7.0,catalunya,False,0.0,False,1.0,False,irvine,British,ferrari,6,15,9.0,0.0,7.0,,0,2,1.5999999999999943,30.0
5428,1996,,catalunya,False,0.0,False,1.0,False,barrichello,Brazilian,jordan,7,8,7.0,0.0,9.0,8,0,,1.7000000000000028,24.0
5436,1996,7.0,catalunya,False,0.0,False,1.0,False,panis,French,ligier,8,16,11.0,1.0,4.0,11,1,5,2.0,29.0
5430,1996,7.0,catalunya,,0.0,False,1.0,False,herbert,British,sauber,9,10,4.0,0.0,12.0,7,0,7,2.299999999999997,31.0
5425,,7.0,catalunya,False,0.0,False,,False,hakkinen,Finnish,mclaren,10,5,6.0,0.0,10.0,16,0,4,2.3999999999999915,27.0
5424,1996,7.0,catalunya,False,0.0,False,1.0,,frentzen,German,sauber,11,4,3.0,,13.0,7,0,7,2.5,29.0
5432,1996,7.0,catalunya,False,0.0,False,1.0,False,salo,Finnish,tyrrell,12,12,5.0,0.0,,5,0,8,,29.0
5427,1996,7.0,catalunya,False,0.0,False,1.0,False,verstappen,Dutch,footwork,13,7,1.0,0.0,15.0,1,0,9,2.700000000000003,24.0
5438,1996,7.0,catalunya,False,0.0,False,1.0,False,coulthard,British,mclaren,,18,10.0,0.0,6.0,16,0,4,2.700000000000003,25.0
5431,1996,7.0,catalunya,False,0.0,False,1.0,False,brundle,British,jordan,15,11,1.0,0.0,14.0,8,0,6,2.700000000000003,37.0
5434,1996,7.0,Auto%#,False,0.0,False,1.0,False,katayama,Japanese,Auto%#,16,14,0.0,0.0,18.0,5,,8,3.700000000000003,33.0
,1996,7.0,catalunya,False,0.0,False,1.0,False,diniz,Brazilian,ligier,17,6,0.0,0.0,16.0,,1,5,3.799999999999997,26.0
5440,1996,7.0,catalunya,False,0.0,False,1.0,False,lamy,,minardi,18,20,0.0,0.0,17.0,0,0,10,4.599999999999994,24.0
5437,1996,7.0,catalunya,False,0.0,False,1.0,False,fisichella,Italian,minardi,19,17,0.0,0.0,22.0,0,0,10,4.799999999999997,23.0
5439,1996,7.0,catalunya,False,0.0,False,1.0,False,rosset,Brazilian,footwork,20,19,0.0,0.0,19.0,1,0,9,4.899999999999992,27.0
5441,1996,8.0,villeneuve,True,0.0,False,0.0,False,damon_hill,British,williams,Auto%#,1,43.0,4.0,1.0,69,5,1,0.0,35.0
5442,1996,8.0,villeneuve,True,0.0,False,0.0,False,villeneuve,Canadian,,2,2,26.0,1.0,2.0,69,5,1,0.0,25.0
5452,1996,8.0,villeneuve,True,0.0,False,0.0,False,michael_schumacher,German,ferrari,3,12,26.0,1.0,3.0,35,1,2,0.1000000000000085,27.0
5443,1996,8.0,villeneuve,,0.0,False,0.0,False,alesi,French,benetton,4,3,17.0,0.0,4.0,24,0,3,0.4000000000000057,32.0
,1996,8.0,villeneuve,True,0.0,False,0.0,False,irvine,British,ferrari,5,22,9.0,0.0,7.0,35,1,2,0.6000000000000085,30.0
5445,1996,8.0,villeneuve,True,0.0,False,0.0,False,,Finnish,mclaren,6,5,8.0,0.0,8.0,18,0,4,0.7000000000000028,27.0
5451,1996,8.0,villeneuve,True,0.0,False,0.0,False,berger,Austrian,Auto%#,7,Auto%#,7.0,0.0,9.0,24,0,3,0.8000000000000114,36.0
5456,1996,8.0,villeneuve,True,0.0,False,0.0,False,barrichello,Brazilian,jordan,8,16,7.0,0.0,10.0,8,0,7,0.9000000000000057,24.0
5446,1996,8.0,villeneuve,True,0.0,False,,False,brundle,British,jordan,9,6,1.0,0.0,15.0,8,0,Auto%#,1.2000000000000028,37.0
5444,1996,8.0,villeneuve,True,0.0,False,0.0,False,coulthard,British,mclaren,10,4,10.0,0.0,,18,0,4,1.2000000000000028,25.0
5453,1996,8.0,villeneuve,True,0.0,False,0.0,False,panis,French,ligier,11,13,11.0,1.0,5.0,12,1,5,1.4000000000000057,29.0
5458,1996,8.0,villeneuve,True,,False,0.0,False,frentzen,German,sauber,12,18,6.0,0.0,11.0,10,0,6,1.8000000000000114,29.0
5459,1996,8.0,villeneuve,True,,False,0.0,False,verstappen,,footwork,13,19,1.0,0.0,16.0,1,0,,2.0,24.0
5454,1996,8.0,villeneuve,True,0.0,False,0.0,False,salo,Finnish,tyrrell,14,14,5.0,0.0,12.0,5,0,8,2.0,29.0
5447,1996,8.0,Auto%#,True,0.0,False,0.0,False,herbert,British,sauber,15,7,4.0,0.0,13.0,10,0,6,2.1000000000000085,31.0
5448,1996,8.0,villeneuve,True,,False,0.0,False,fisichella,Italian,minardi,16,8,0.0,0.0,22.0,0,0,10,2.4000000000000057,23.0
5461,1996,8.0,villeneuve,,0.0,False,0.0,False,katayama,,tyrrell,17,21,0.0,0.0,18.0,5,0,8,2.5,33.0
5455,1996,8.0,villeneuve,True,0.0,False,0.0,False,diniz,Brazilian,ligier,18,15,1.0,0.0,14.0,12,1,5,2.9000000000000057,26.0
5449,1996,8.0,villeneuve,True,,False,0.0,False,lamy,Portuguese,minardi,19,9,0.0,0.0,17.0,0,0,10,3.200000000000003,24.0
5450,1996,8.0,villeneuve,True,0.0,False,0.0,False,badoer,Italian,forti,20,10,0.0,0.0,20.0,0,0,11,3.9000000000000057,
5460,1996,8.0,villeneuve,True,0.0,False,0.0,False,rosset,Brazilian,footwork,21,20,0.0,0.0,19.0,1,0,9,4.1000000000000085,27.0
5457,1996,8.0,villeneuve,True,0.0,False,0.0,False,montermini,Italian,forti,22,17,0.0,0.0,21.0,0,,11,5.0,32.0
5484,1996,9.0,magny_cours,False,0.0,,0.0,False,michael_schumacher,German,ferrari,1,22,26.0,1.0,3.0,35,1,2,0.0,27.0
5463,1996,9.0,magny_cours,False,0.0,True,0.0,False,damon_hill,British,williams,,1,53.0,5.0,1.0,85,6,1,0.0999999999999943,35.0
5465,1996,9.0,magny_cours,False,0.0,True,0.0,False,alesi,French,benetton,3,3,21.0,0.0,4.0,28,0,3,0.2999999999999971,32.0
5466,1996,9.0,magny_cours,False,0.0,True,0.0,False,berger,Austrian,benetton,4,4,7.0,0.0,9.0,28,0,3,0.5999999999999943,36.0
5467,1996,9.0,magny_cours,False,0.0,True,0.0,False,hakkinen,Finnish,mclaren,5,5,10.0,0.0,7.0,23,0,4,0.5999999999999943,27.0
5464,1996,9.0,magny_cours,False,0.0,,0.0,False,villeneuve,Canadian,williams,6,2,32.0,1.0,2.0,,6,1,0.9000000000000057,25.0
5468,1996,9.0,magny_cours,False,0.0,True,,False,coulthard,British,mclaren,7,6,13.0,0.0,5.0,23,0,4,1.0,25.0
5470,1996,9.0,magny_cours,False,0.0,True,0.0,,brundle,British,jordan,8,8,2.0,0.0,14.0,9,0,7,1.2000000000000028,37.0
5469,1996,9.0,magny_cours,False,0.0,True,0.0,False,panis,French,ligier,9,7,11.0,1.0,6.0,12,1,5,1.4000000000000057,29.0
5471,1996,9.0,magny_cours,False,0.0,True,0.0,False,barrichello,Brazilian,jordan,10,9,7.0,0.0,10.0,9,0,7,1.7000000000000028,24.0
5479,1996,9.0,magny_cours,False,0.0,True,0.0,False,diniz,Brazilian,ligier,11,17,1.0,0.0,15.0,12,1,5,1.7000000000000028,26.0
5476,1996,9.0,magny_cours,False,0.0,True,0.0,False,frentzen,German,sauber,12,14,6.0,0.0,11.0,10,0,6,1.7000000000000028,29.0
5472,1996,9.0,magny_cours,False,0.0,,0.0,False,salo,Finnish,tyrrell,13,10,5.0,0.0,,5,0,8,2.0,29.0
5477,1996,9.0,magny_cours,False,0.0,True,0.0,False,katayama,Japanese,tyrrell,14,15,0.0,0.0,19.0,5,0,8,2.200000000000003,33.0
5480,1996,9.0,magny_cours,False,0.0,True,0.0,False,verstappen,Dutch,footwork,15,18,1.0,0.0,16.0,1,0,9,2.299999999999997,24.0
5475,1996,9.0,magny_cours,False,0.0,True,0.0,False,herbert,British,sauber,16,13,4.0,0.0,13.0,10,0,6,2.5999999999999943,32.0
5482,1996,9.0,magny_cours,False,0.0,True,0.0,False,fisichella,Italian,minardi,17,20,0.0,0.0,17.0,0,0,10,2.5999999999999943,23.0
5474,1996,9.0,magny_cours,False,0.0,True,0.0,,lamy,Portuguese,minardi,18,12,,0.0,18.0,0,0,10,3.200000000000003,24.0
5473,1996,9.0,magny_cours,False,0.0,True,0.0,False,rosset,Brazilian,,19,11,0.0,0.0,20.0,1,0,9,3.200000000000003,27.0
5478,1996,9.0,magny_cours,False,0.0,True,,False,badoer,Italian,forti,20,16,0.0,0.0,21.0,0,0,11,4.599999999999994,25.0
5483,1996,9.0,magny_cours,False,0.0,True,0.0,False,montermini,Italian,forti,21,21,0.0,0.0,22.0,0,0,11,4.599999999999994,32.0
5481,1996,9.0,magny_cours,False,0.0,Auto%#,0.0,False,irvine,British,ferrari,22,19,9.0,0.0,8.0,35,1,2,4.599999999999994,30.0
5499,1996,10.0,silverstone,True,0.0,False,0.0,False,damon_hill,British,williams,1,15,63.0,6.0,1.0,101,7,1,0.0,35.0
5485,1996,10.0,silverstone,True,0.0,False,0.0,False,villeneuve,Canadian,williams,2,1,38.0,1.0,2.0,101,7,1,0.1999999999999886,25.0
,1996,10.0,silverstone,,0.0,,0.0,False,michael_schumacher,German,ferrari,3,20,26.0,1.0,3.0,35,1,2,0.7999999999999972,27.0
5487,1996,10.0,silverstone,True,0.0,False,0.0,False,hakkinen,Finnish,Auto%#,4,3,12.0,,6.0,26,0,4,1.0,27.0
5496,1996,10.0,silverstone,True,0.0,False,0.0,False,alesi,French,benetton,5,12,25.0,0.0,4.0,35,0,3,1.3999999999999917,32.0
5488,1996,10.0,silverstone,True,0.0,False,0.0,False,barrichello,Auto%#,jordan,6,Auto%#,7.0,0.0,10.0,9,0,7,1.5,24.0
5486,1996,10.0,silverstone,True,0.0,False,0.0,False,berger,Austrian,benetton,7,2,10.0,0.0,8.0,35,0,3,1.7999999999999972,36.0
5490,1996,10.0,silverstone,True,0.0,False,0.0,False,brundle,British,jordan,8,6,2.0,0.0,14.0,9,0,7,2.0,37.0
5489,1996,10.0,silverstone,True,0.0,False,0.0,False,coulthard,British,mclaren,9,5,14.0,0.0,,26,0,4,2.0999999999999943,25.0
5503,,10.0,silverstone,True,0.0,False,0.0,False,irvine,British,ferrari,10,19,9.0,0.0,9.0,35,1,2,2.299999999999997,30.0
5492,1996,10.0,silverstone,True,0.0,False,0.0,False,frentzen,German,sauber,11,8,6.0,0.0,11.0,10,0,6,2.6999999999999886,29.0
5502,1996,10.0,silverstone,True,0.0,,0.0,False,katayama,Japanese,tyrrell,,18,0.0,0.0,20.0,5,0,8,3.0,33.0
5493,1996,10.0,silverstone,True,0.0,False,0.0,False,herbert,British,sauber,13,9,4.0,0.0,13.0,10,0,6,3.0,32.0
5491,1996,10.0,silverstone,True,0.0,Auto%#,0.0,False,salo,Finnish,tyrrell,14,7,5.0,0.0,12.0,5,0,8,3.0,29.0
5494,1996,10.0,silverstone,True,0.0,False,0.0,False,verstappen,Dutch,footwork,15,10,1.0,0.0,16.0,,0,9,3.1999999999999886,24.0
5497,1996,10.0,silverstone,True,0.0,False,0.0,False,panis,French,ligier,16,13,11.0,1.0,7.0,12,1,5,3.299999999999997,29.0
5498,1996,10.0,silverstone,True,0.0,False,0.0,False,diniz,Brazilian,ligier,17,14,1.0,0.0,,12,1,5,4.199999999999989,26.0
5495,1996,10.0,silverstone,True,0.0,False,0.0,False,fisichella,Italian,minardi,,11,0.0,0.0,,0,0,10,4.5,23.0
5500,1996,10.0,silverstone,True,0.0,False,0.0,False,lamy,,minardi,19,16,0.0,0.0,18.0,0,0,10,,24.0
5501,1996,10.0,silverstone,True,,False,0.0,False,rosset,Brazilian,footwork,20,17,0.0,0.0,19.0,1,0,9,4.599999999999994,27.0
5505,1996,11.0,hockenheimring,False,0.0,True,0.0,False,damon_hill,British,Auto%#,1,1,63.0,6.0,1.0,111,8,1,0.0,35.0
5517,1996,11.0,hockenheimring,False,0.0,True,0.0,False,berger,Austrian,benetton,2,13,,0.0,5.0,41,0,2,,36.0
5508,1996,11.0,hockenheimring,False,0.0,True,0.0,False,michael_schumacher,German,ferrari,3,4,26.0,1.0,3.0,35,1,3,0.5999999999999943,27.0
5522,1996,11.0,hockenheimring,,0.0,True,0.0,False,hakkinen,Finnish,mclaren,4,,16.0,0.0,7.0,32,0,4,0.6999999999999886,27.0
5506,1996,11.0,hockenheimring,False,0.0,True,0.0,False,alesi,French,benetton,5,2,25.0,0.0,4.0,41,0,2,0.7999999999999972,32.0
5507,1996,11.0,hockenheimring,False,0.0,True,0.0,False,villeneuve,Canadian,williams,6,3,48.0,2.0,2.0,111,8,1,,25.0
5509,1996,11.0,hockenheimring,False,0.0,True,0.0,False,,Auto%#,mclaren,7,5,16.0,0.0,6.0,32,0,4,1.0999999999999943,25.0
5518,1996,11.0,hockenheimring,False,0.0,True,0.0,False,irvine,British,ferrari,8,14,9.0,,10.0,35,1,3,1.5,30.0
5510,1996,11.0,hockenheimring,False,0.0,,0.0,False,barrichello,Brazilian,jordan,9,6,10.0,0.0,9.0,,0,5,1.5999999999999943,24.0
5514,1996,11.0,hockenheimring,False,0.0,Auto%#,0.0,False,brundle,Auto%#,jordan,10,10,3.0,0.0,,13,0,5,2.0,37.0
5520,1996,11.0,hockenheimring,False,0.0,True,0.0,False,diniz,Brazilian,ligier,11,Auto%#,1.0,0.0,15.0,12,1,6,2.6999999999999886,26.0
5511,1996,11.0,hockenheimring,False,0.0,True,0.0,False,panis,French,ligier,12,7,11.0,1.0,8.0,12,1,6,2.799999999999997,29.0
5512,1996,11.0,hockenheimring,False,0.0,True,0.0,False,frentzen,German,sauber,13,8,6.0,0.0,11.0,10,0,7,3.0,29.0
5519,1996,11.0,hockenheimring,False,0.0,True,0.0,False,herbert,British,sauber,14,15,4.0,,13.0,10,0,7,3.799999999999997,32.0
5513,1996,11.0,hockenheimring,False,0.0,True,0.0,False,salo,Finnish,tyrrell,15,9,5.0,,12.0,,0,8,4.199999999999989,29.0
5521,1996,11.0,hockenheimring,False,0.0,True,0.0,False,katayama,Japanese,tyrrell,16,,0.0,0.0,20.0,5,0,8,4.5,33.0
5523,1996,11.0,hockenheimring,False,0.0,True,0.0,False,verstappen,Dutch,footwork,17,19,1.0,0.0,16.0,1,0,9,4.599999999999994,24.0
5516,1996,11.0,hockenheimring,False,0.0,True,0.0,False,lamy,Portuguese,minardi,18,12,0.0,0.0,18.0,0,0,10,5.599999999999994,24.0
5515,1996,11.0,hockenheimring,False,0.0,True,0.0,False,rosset,Brazilian,footwork,19,11,0.0,0.0,19.0,1,0,9,5.699999999999989,28.0
5532,1996,12.0,hungaroring,,0.0,False,0.0,False,michael_schumacher,German,ferrari,Auto%#,9,29.0,1.0,4.0,38,1,3,0.0,27.0
5525,1996,12.0,hungaroring,True,0.0,False,0.0,Auto%#,damon_hill,British,williams,2,2,73.0,7.0,1.0,125,9,1,0.1000000000000085,35.0
5524,1996,12.0,hungaroring,True,0.0,False,,False,villeneuve,Canadian,williams,3,1,52.0,2.0,2.0,125,9,1,0.2000000000000028,25.0
5537,1996,12.0,hungaroring,True,0.0,False,0.0,False,irvine,British,ferrari,4,,9.0,0.0,10.0,38,1,3,1.5,30.0
5526,1996,12.0,hungaroring,True,0.0,False,0.0,False,alesi,,benetton,5,3,31.0,0.0,3.0,47,0,2,1.7000000000000028,32.0
5534,1996,12.0,hungaroring,True,0.0,False,0.0,False,berger,Austrian,benetton,6,11,,0.0,6.0,47,0,2,1.7000000000000028,36.0
5527,1996,12.0,hungaroring,True,0.0,,0.0,False,hakkinen,,mclaren,7,4,16.0,0.0,7.0,34,0,4,2.0,27.0
5536,1996,12.0,hungaroring,True,0.0,False,0.0,False,herbert,British,sauber,8,13,4.0,0.0,13.0,10,0,7,2.200000000000003,32.0
5539,1996,12.0,hungaroring,True,0.0,False,0.0,False,coulthard,British,mclaren,9,16,18.0,0.0,5.0,34,0,4,2.300000000000012,25.0
5535,1996,12.0,hungaroring,True,0.0,False,0.0,False,frentzen,German,sauber,10,Auto%#,6.0,0.0,11.0,10,0,7,2.300000000000012,29.0
,,12.0,hungaroring,True,,False,0.0,False,panis,French,ligier,11,5,11.0,1.0,8.0,12,1,6,2.4000000000000057,29.0
5541,1996,12.0,hungaroring,True,0.0,,0.0,False,brundle,British,jordan,12,18,3.0,0.0,14.0,14,0,5,2.700000000000003,37.0
5529,1996,12.0,hungaroring,True,0.0,,0.0,False,barrichello,Brazilian,jordan,13,6,11.0,0.0,9.0,14,0,5,2.9000000000000057,24.0
5530,1996,12.0,hungaroring,True,0.0,False,0.0,False,katayama,Japanese,tyrrell,,7,0.0,0.0,20.0,5,0,8,3.4000000000000057,33.0
5542,,12.0,hungaroring,True,0.0,,0.0,False,diniz,Brazilian,ligier,15,19,1.0,,15.0,12,1,6,3.6000000000000085,26.0
5543,1996,12.0,hungaroring,True,0.0,,0.0,False,salo,Finnish,tyrrell,16,20,5.0,0.0,12.0,5,0,8,3.6000000000000085,29.0
5540,1996,,hungaroring,True,0.0,False,,False,verstappen,Dutch,footwork,17,17,1.0,0.0,16.0,1,0,9,3.700000000000003,24.0
5531,1996,12.0,hungaroring,True,0.0,False,0.0,False,rosset,Brazilian,footwork,18,8,0.0,0.0,19.0,1,0,9,4.5,28.0
5538,1996,12.0,hungaroring,True,0.0,False,0.0,False,lamy,Portuguese,minardi,19,15,0.0,0.0,18.0,0,0,10,4.6000000000000085,24.0
5533,1996,12.0,hungaroring,True,0.0,False,0.0,False,lavaggi,Italian,,20,10,0.0,0.0,0.0,0,0,10,5.400000000000006,38.0
5545,1996,13.0,spa,False,0.0,True,0.0,True,villeneuve,Canadian,williams,1,2,62.0,3.0,2.0,141,10,1,0.0,25.0
5548,1996,13.0,,False,0.0,True,0.0,True,damon_hill,Auto%#,williams,2,5,79.0,7.0,1.0,141,10,1,0.4000000000000057,35.0
5544,1996,13.0,Auto%#,False,0.0,True,0.0,True,michael_schumacher,German,ferrari,3,1,29.0,1.0,4.0,38,1,3,1.2000000000000028,27.0
5554,1996,13.0,spa,False,0.0,True,0.0,True,coulthard,British,mclaren,4,Auto%#,18.0,0.0,6.0,37,0,4,1.3000000000000114,25.0
5549,1996,13.0,spa,False,0.0,True,0.0,True,berger,Austrian,benetton,5,6,16.0,0.0,7.0,51,0,2,1.4000000000000057,36.0
5546,1996,13.0,spa,False,0.0,True,0.0,True,hakkinen,Finnish,mclaren,6,3,19.0,0.0,5.0,37,0,4,1.7000000000000028,27.0
5547,1996,13.0,spa,False,0.0,True,0.0,True,alesi,French,benetton,7,4,35.0,0.0,3.0,51,0,2,1.8000000000000114,32.0
5555,1996,13.0,spa,False,0.0,True,0.0,True,brundle,British,jordan,8,12,3.0,0.0,14.0,15,0,5,2.4000000000000057,37.0
5556,1996,13.0,spa,False,0.0,True,0.0,True,irvine,British,ferrari,9,13,9.0,0.0,10.0,38,1,3,2.4000000000000057,30.0
5557,1996,13.0,spa,False,,True,0.0,True,barrichello,Brazilian,jordan,10,14,12.0,0.0,9.0,15,0,5,2.6000000000000085,24.0
5560,1996,13.0,spa,False,0.0,True,0.0,True,frentzen,German,sauber,11,17,6.0,0.0,11.0,10,0,7,2.6000000000000085,29.0
5561,1996,13.0,spa,False,0.0,True,0.0,True,herbert,British,sauber,12,18,4.0,0.0,13.0,10,0,7,3.4000000000000057,32.0
5550,1996,13.0,spa,False,0.0,True,0.0,True,salo,Finnish,tyrrell,13,7,5.0,0.0,12.0,5,0,8,3.5,29.0
5562,1996,13.0,spa,False,0.0,True,0.0,True,panis,French,ligier,14,19,13.0,1.0,8.0,14,1,6,3.6000000000000085,29.0
5558,1996,13.0,spa,False,,True,0.0,True,diniz,Brazilian,ligier,15,15,1.0,0.0,15.0,14,1,6,4.1000000000000085,26.0
5559,1996,13.0,spa,False,0.0,True,0.0,True,verstappen,Dutch,footwork,16,16,1.0,0.0,16.0,1,0,9,4.5,24.0
5551,1996,13.0,spa,False,0.0,True,0.0,True,katayama,Japanese,tyrrell,17,8,0.0,0.0,17.0,5,0,8,4.800000000000011,33.0
5552,1996,13.0,spa,False,0.0,True,,True,rosset,Brazilian,footwork,18,9,0.0,0.0,18.0,1,0,9,5.700000000000003,28.0
5553,1996,13.0,spa,False,0.0,True,0.0,True,lamy,Portuguese,minardi,19,10,0.0,0.0,20.0,0,0,,6.200000000000003,24.0
5578,1996,14.0,monza,False,0.0,True,0.0,False,damon_hill,British,williams,1,16,81.0,7.0,1.0,149,10,1,0.0,35.0
5569,1996,14.0,monza,False,0.0,True,0.0,False,villeneuve,Canadian,williams,2,7,68.0,3.0,2.0,149,10,1,0.2999999999999971,25.0
5563,1996,14.0,Auto%#,False,0.0,True,0.0,False,michael_schumacher,German,ferrari,3,1,39.0,,3.0,48,2,3,0.5999999999999943,27.0
5565,1996,14.0,monza,False,0.0,True,0.0,False,hakkinen,Finnish,mclaren,4,3,,0.0,,41,0,4,0.7000000000000028,27.0
5582,1996,14.0,monza,False,0.0,True,0.0,False,coulthard,British,mclaren,5,20,18.0,,6.0,41,0,4,0.7999999999999972,25.0
5564,1996,14.0,monza,False,0.0,True,0.0,False,alesi,French,benetton,6,2,38.0,0.0,4.0,55,0,Auto%#,1.0,32.0
5574,1996,14.0,monza,,0.0,True,0.0,False,irvine,British,ferrari,7,12,9.0,0.0,10.0,48,2,3,1.0,30.0
5580,1996,14.0,monza,False,0.0,True,0.0,False,berger,Austrian,benetton,8,18,17.0,0.0,7.0,55,0,2,1.2999999999999972,37.0
5566,1996,14.0,monza,False,0.0,True,0.0,False,brundle,British,jordan,9,4,3.0,0.0,14.0,15,0,5,1.7999999999999972,37.0
5567,1996,14.0,monza,False,0.0,,0.0,False,barrichello,Brazilian,jordan,10,5,12.0,0.0,9.0,15,0,5,2.0,24.0
5581,1996,14.0,monza,False,0.0,True,0.0,False,panis,,ligier,11,19,13.0,1.0,8.0,14,1,6,2.0,30.0
5571,1996,14.0,monza,False,0.0,True,0.0,False,herbert,British,sauber,12,9,4.0,0.0,13.0,10,0,7,2.0999999999999943,32.0
5577,1996,14.0,monza,False,0.0,True,0.0,False,frentzen,German,sauber,13,15,6.0,0.0,11.0,10,0,7,2.299999999999997,29.0
5568,1996,14.0,monza,False,0.0,True,0.0,False,diniz,Brazilian,ligier,14,6,1.0,0.0,15.0,14,1,6,2.5,26.0
5570,1996,14.0,monza,False,0.0,True,0.0,False,verstappen,Dutch,footwork,15,8,1.0,0.0,16.0,1,0,9,3.0999999999999943,24.0
5572,1996,14.0,Auto%#,False,0.0,True,0.0,,katayama,Japanese,tyrrell,16,10,0.0,0.0,17.0,5,0,8,4.0,33.0
5576,1996,14.0,monza,False,0.0,True,0.0,False,salo,Finnish,tyrrell,17,14,5.0,0.0,12.0,5,0,8,4.299999999999997,29.0
5575,1996,14.0,monza,False,0.0,True,0.0,False,lamy,Portuguese,minardi,18,13,,0.0,20.0,0,0,10,4.700000000000003,24.0
5573,1996,14.0,monza,False,0.0,True,0.0,,rosset,Brazilian,footwork,19,11,0.0,0.0,18.0,1,0,9,,28.0
5579,1996,14.0,monza,False,0.0,True,0.0,False,lavaggi,Italian,minardi,20,17,0.0,0.0,22.0,0,0,10,5.599999999999994,38.0
5584,1996,15.0,estoril,True,0.0,False,0.0,False,damon_hill,British,williams,1,2,81.0,7.0,1.0,149,10,1,0.0,36.0
5583,1996,15.0,estoril,True,0.0,False,0.0,False,villeneuve,Canadian,williams,2,1,68.0,3.0,2.0,149,10,1,0.0,25.0
5586,1996,15.0,estoril,True,0.0,False,0.0,False,alesi,French,benetton,3,4,44.0,0.0,4.0,61,0,2,0.7999999999999972,32.0
5585,1996,15.0,estoril,True,0.0,False,0.0,False,michael_schumacher,German,ferrari,4,3,49.0,3.0,3.0,58,3,3,0.9000000000000057,27.0
5588,1996,15.0,estoril,True,0.0,False,,False,berger,Austrian,benetton,5,6,17.0,0.0,7.0,61,0,2,1.0,37.0
5587,1996,15.0,estoril,True,0.0,False,0.0,False,irvine,British,ferrari,6,5,9.0,0.0,10.0,58,3,3,1.1000000000000083,30.0
5599,1996,15.0,estoril,True,0.0,False,,False,hakkinen,Finnish,mclaren,7,17,27.0,0.0,,45,0,4,1.2999999999999972,
5595,1996,15.0,Auto%#,True,0.0,False,0.0,False,coulthard,British,mclaren,8,13,18.0,0.0,,45,0,4,1.7999999999999972,25.0
5602,1996,15.0,estoril,True,0.0,False,0.0,False,barrichello,Brazilian,jordan,9,20,14.0,0.0,8.0,20,0,5,1.9000000000000057,24.0
5591,1996,15.0,estoril,True,0.0,False,0.0,False,brundle,British,jordan,10,9,6.0,0.0,12.0,20,0,5,2.0,37.0
5589,1996,15.0,estoril,True,,False,0.0,Auto%#,frentzen,German,sauber,11,7,6.0,0.0,11.0,10,0,7,2.0,29.0
5590,1996,15.0,estoril,True,0.0,False,,False,herbert,British,sauber,12,8,4.0,0.0,14.0,10,0,7,2.4000000000000057,32.0
5593,1996,15.0,estoril,True,0.0,False,0.0,False,salo,Finnish,tyrrell,13,11,5.0,0.0,13.0,5,0,8,2.5,29.0
5594,1996,15.0,estoril,True,0.0,False,0.0,False,katayama,,tyrrell,14,12,0.0,0.0,17.0,5,0,8,2.700000000000003,33.0
,1996,15.0,estoril,True,0.0,False,0.0,False,panis,French,ligier,15,10,13.0,1.0,9.0,15,1,6,,30.0
5600,1996,15.0,estoril,True,0.0,False,0.0,False,verstappen,Dutch,,16,18,1.0,0.0,,,0,9,3.200000000000003,24.0
5596,1996,15.0,estoril,True,0.0,,0.0,False,rosset,Brazilian,footwork,17,14,0.0,0.0,18.0,1,0,9,3.9000000000000057,28.0
5601,1996,15.0,estoril,True,0.0,False,0.0,False,diniz,Brazilian,ligier,18,19,2.0,0.0,15.0,15,1,6,4.0,26.0
5598,1996,15.0,estoril,True,0.0,False,0.0,False,lamy,Portuguese,minardi,19,16,0.0,0.0,20.0,0,0,10,4.200000000000003,24.0
5597,1996,15.0,estoril,True,0.0,False,0.0,False,lavaggi,Italian,Auto%#,20,15,0.0,0.0,22.0,0,0,10,5.299999999999997,38.0
5618,1996,16.0,suzuka,True,0.0,True,,False,villeneuve,Canadian,williams,1,16,78.0,4.0,2.0,165,11,1,0.0,25.0
5603,1996,16.0,suzuka,True,0.0,True,0.0,False,damon_hill,British,williams,2,1,87.0,7.0,1.0,165,11,1,0.5,36.0
5604,1996,16.0,suzuka,True,0.0,True,0.0,False,michael_schumacher,German,ferrari,3,2,53.0,3.0,3.0,64,3,3,1.1999999999999886,27.0
5606,1996,16.0,suzuka,True,0.0,True,0.0,False,berger,Austrian,benetton,4,4,18.0,0.0,6.0,65,0,2,1.5,37.0
5605,1996,16.0,suzuka,True,0.0,True,0.0,False,hakkinen,Finnish,mclaren,5,3,27.0,0.0,5.0,45,0,4,1.5999999999999943,28.0
5616,1996,16.0,suzuka,True,,True,0.0,False,irvine,British,ferrari,6,14,11.0,0.0,10.0,64,3,3,2.0999999999999943,30.0
5608,1996,16.0,suzuka,True,0.0,True,0.0,False,frentzen,German,sauber,Auto%#,6,6.0,0.0,11.0,10,0,7,2.3999999999999915,29.0
5610,1996,16.0,Auto%#,True,0.0,True,0.0,False,coulthard,British,mclaren,8,,18.0,0.0,7.0,45,0,4,2.5,25.0
5621,1996,16.0,suzuka,True,0.0,,0.0,False,alesi,French,benetton,9,19,47.0,0.0,4.0,65,0,2,2.6999999999999886,32.0
5607,1996,16.0,suzuka,,0.0,True,0.0,False,brundle,British,jordan,10,5,6.0,0.0,12.0,20,0,5,2.6999999999999886,37.0
5611,1996,16.0,suzuka,True,0.0,True,0.0,False,barrichello,Brazilian,jordan,11,9,14.0,0.0,8.0,20,0,5,3.0,24.0
5609,1996,16.0,suzuka,True,0.0,True,0.0,False,panis,French,ligier,12,7,13.0,1.0,9.0,15,1,6,3.299999999999997,30.0
5612,1996,16.0,suzuka,True,0.0,True,0.0,False,herbert,Auto%#,sauber,13,10,4.0,0.0,14.0,10,0,7,3.799999999999997,32.0
5617,1996,16.0,suzuka,True,0.0,True,0.0,,katayama,Japanese,tyrrell,14,15,0.0,0.0,17.0,5,,8,3.799999999999997,33.0
5619,1996,16.0,suzuka,True,0.0,True,0.0,False,salo,Finnish,tyrrell,15,17,5.0,0.0,13.0,5,,8,3.899999999999992,29.0
5620,1996,16.0,suzuka,True,0.0,True,0.0,False,diniz,Brazilian,ligier,16,18,2.0,0.0,15.0,15,1,6,4.299999999999997,26.0
5613,1996,16.0,suzuka,True,0.0,True,0.0,False,verstappen,Dutch,footwork,17,11,1.0,0.0,16.0,1,0,9,4.5,24.0
5614,1996,16.0,suzuka,True,0.0,True,0.0,False,lamy,Portuguese,,18,12,0.0,0.0,20.0,0,0,10,6.0,24.0
5615,1996,16.0,suzuka,True,0.0,True,0.0,False,rosset,Brazilian,footwork,19,13,0.0,0.0,18.0,1,0,9,6.5,28.0
5640,1997,,albert_park,False,0.0,True,0.0,False,villeneuve,Canadian,williams,1,19,0.0,0.0,0.0,,0,0,,25.0
5629,1997,1.0,albert_park,False,0.0,True,0.0,False,frentzen,German,williams,2,8,0.0,0.0,0.0,0,0,0,1.6999999999999886,29.0
5623,1997,1.0,albert_park,False,0.0,True,0.0,False,michael_schumacher,German,,3,2,0.0,0.0,0.0,0,0,0,2.0999999999999943,28.0
5622,1997,1.0,albert_park,False,0.0,True,0.0,False,coulthard,British,mclaren,4,1,0.0,0.0,0.0,0,0,0,2.0999999999999943,25.0
5641,1997,1.0,albert_park,False,0.0,True,0.0,False,irvine,British,ferrari,5,20,0.0,0.0,,0,0,0,2.5,31.0
5624,1997,1.0,albert_park,False,0.0,True,0.0,False,hakkinen,Finnish,mclaren,6,3,0.0,0.0,0.0,0,0,0,2.5999999999999943,28.0
5642,1997,1.0,albert_park,False,0.0,True,0.0,False,herbert,Auto%#,sauber,Auto%#,21,0.0,0.0,0.0,0,0,0,2.8999999999999915,32.0
5635,1997,1.0,albert_park,False,0.0,True,0.0,False,alesi,French,benetton,8,14,0.0,0.0,0.0,,0,0,3.1999999999999886,32.0
5626,1997,1.0,albert_park,False,0.0,True,0.0,False,panis,French,prost,9,5,0.0,0.0,0.0,0,0,0,3.3999999999999915,30.0
5625,1997,1.0,,False,0.0,True,0.0,False,berger,Austrian,benetton,10,4,0.0,0.0,0.0,0,0,0,3.5,37.0
5632,1997,1.0,albert_park,False,0.0,True,0.0,False,barrichello,Brazilian,stewart,11,11,0.0,0.0,0.0,,0,0,3.6999999999999886,24.0
5639,1997,1.0,albert_park,False,0.0,True,0.0,False,ralf_schumacher,German,jordan,12,18,0.0,0.0,0.0,0,0,0,3.6999999999999886,21.0
5627,1997,1.0,albert_park,False,0.0,,0.0,False,larini,Italian,sauber,13,6,0.0,0.0,0.0,0,0,0,3.899999999999992,32.0
5637,1997,1.0,albert_park,,0.0,True,0.0,False,fisichella,Italian,jordan,14,16,0.0,0.0,0.0,0,0,0,4.199999999999989,24.0
5636,1997,1.0,albert_park,False,0.0,True,0.0,False,katayama,Japanese,minardi,15,15,0.0,0.0,0.0,0,0,0,4.399999999999992,33.0
5628,1997,1.0,albert_park,False,0.0,True,0.0,False,nakano,Japanese,prost,16,7,0.0,0.0,0.0,0,0,0,4.599999999999994,25.0
5630,1997,1.0,albert_park,False,,True,0.0,False,trulli,Italian,,17,9,0.0,,,0,0,0,4.699999999999989,22.0
5633,1997,1.0,albert_park,False,0.0,True,0.0,False,,Finnish,tyrrell,18,12,0.0,0.0,0.0,0,0,0,4.799999999999997,30.0
5634,1997,1.0,albert_park,False,0.0,True,0.0,False,magnussen,Danish,stewart,19,13,0.0,0.0,0.0,0,0,0,5.199999999999989,23.0
5643,1997,1.0,albert_park,False,0.0,True,0.0,False,damon_hill,British,arrows,20,22,0.0,0.0,0.0,0,0,0,5.399999999999992,36.0
5638,1997,1.0,albert_park,False,0.0,Auto%#,0.0,False,verstappen,Dutch,tyrrell,21,17,0.0,0.0,0.0,0,0,0,,25.0
5631,1997,1.0,albert_park,False,0.0,True,0.0,False,diniz,Brazilian,arrows,22,10,0.0,0.0,0.0,,0,0,6.599999999999994,26.0
5644,1997,2.0,interlagos,False,,True,0.0,True,villeneuve,Canadian,williams,1,1,,0.0,0.0,,0,6,0.0,25.0
5648,1997,2.0,interlagos,False,,True,0.0,True,michael_schumacher,German,ferrari,2,5,6.0,0.0,2.0,6,0,2,0.5999999999999943,28.0
5645,1997,2.0,interlagos,False,0.0,True,0.0,True,berger,Austrian,benetton,3,2,3.0,,4.0,3,0,3,0.5999999999999943,37.0
5647,1997,,interlagos,False,0.0,True,0.0,True,hakkinen,Finnish,mclaren,4,4,4.0,0.0,3.0,14,1,1,,28.0
5646,1997,2.0,interlagos,False,0.0,True,0.0,True,panis,French,prost,Auto%#,3,2.0,0.0,5.0,2,0,4,0.7999999999999972,30.0
5649,1997,2.0,interlagos,False,0.0,True,0.0,True,alesi,French,benetton,6,6,0.0,0.0,0.0,3,0,3,0.7999999999999972,32.0
5651,1997,2.0,interlagos,False,0.0,True,0.0,True,fisichella,Italian,jordan,Auto%#,8,0.0,0.0,0.0,0,0,0,0.9000000000000057,
5652,1997,2.0,interlagos,False,0.0,True,0.0,True,frentzen,German,williams,8,9,0.0,0.0,8.0,0,0,6,1.0,29.0
5660,1997,2.0,interlagos,False,0.0,True,0.0,True,damon_hill,British,arrows,9,17,0.0,0.0,0.0,0,0,8,1.0999999999999943,36.0
5662,1997,2.0,interlagos,False,0.0,True,0.0,True,ralf_schumacher,German,jordan,10,Auto%#,0.0,0.0,0.0,0,0,0,1.2000000000000028,21.0
5663,1997,2.0,interlagos,False,0.0,True,0.0,True,barrichello,Brazilian,stewart,11,20,0.0,0.0,0.0,0,0,0,1.2999999999999972,24.0
5653,,,interlagos,False,0.0,True,0.0,True,coulthard,British,mclaren,12,10,10.0,1.0,1.0,14,1,1,,26.0
5650,1997,2.0,interlagos,False,0.0,True,0.0,True,herbert,British,sauber,13,7,0.0,0.0,0.0,1,0,5,1.4000000000000057,32.0
5659,1997,2.0,interlagos,,0.0,True,0.0,True,irvine,British,ferrari,14,16,0.0,0.0,0.0,6,0,2,1.5,31.0
5657,1997,2.0,interlagos,False,0.0,True,0.0,True,nakano,Japanese,prost,15,14,0.0,0.0,7.0,2,0,4,2.0,25.0
5664,1997,2.0,interlagos,False,0.0,True,0.0,True,diniz,Brazilian,,16,21,0.0,0.0,10.0,0,0,8,2.0999999999999943,26.0
5655,1997,2.0,interlagos,False,0.0,True,0.0,True,trulli,Italian,minardi,17,12,0.0,0.0,9.0,0,0,7,2.299999999999997,22.0
5661,1997,2.0,,False,0.0,True,,True,katayama,Japanese,minardi,18,18,0.0,0.0,0.0,0,0,7,2.5999999999999943,33.0
5654,1997,2.0,interlagos,False,0.0,True,0.0,True,larini,Italian,sauber,19,11,1.0,0.0,6.0,1,0,5,2.5999999999999943,33.0
5665,1997,2.0,interlagos,False,0.0,True,0.0,True,magnussen,Danish,stewart,20,22,0.0,0.0,0.0,0,0,0,2.799999999999997,23.0
5658,1997,2.0,interlagos,False,0.0,True,0.0,True,verstappen,Dutch,tyrrell,21,15,0.0,0.0,0.0,0,0,0,2.9000000000000057,25.0
5656,1997,2.0,interlagos,False,0.0,True,0.0,True,salo,Finnish,tyrrell,22,13,0.0,0.0,0.0,0,0,0,3.299999999999997,30.0
5666,1997,3.0,galvez,False,0.0,False,0.0,True,villeneuve,Canadian,williams,1,1,10.0,1.0,2.0,10,1,2,0.0,26.0
5685,1997,3.0,galvez,False,0.0,False,0.0,True,,German,williams,2,20,0.0,0.0,11.0,10,1,2,0.7999999999999972,29.0
5684,1997,3.0,galvez,False,0.0,False,0.0,True,panis,French,prost,3,19,6.0,0.0,6.0,6,0,5,1.0,30.0
5686,1997,3.0,galvez,False,0.0,False,0.0,True,michael_schumacher,German,ferrari,4,21,8.0,0.0,4.0,8,0,4,1.2999999999999972,28.0
5683,1997,3.0,galvez,False,0.0,False,0.0,True,barrichello,Brazilian,stewart,5,18,0.0,0.0,0.0,0,0,0,1.4000000000000057,24.0
5668,1997,3.0,galvez,False,0.0,False,0.0,True,ralf_schumacher,German,jordan,6,3,0.0,0.0,0.0,0,0,7,1.7000000000000028,21.0
5667,1997,3.0,galvez,False,0.0,False,0.0,True,irvine,British,ferrari,7,2,0.0,0.0,17.0,8,0,4,1.7999999999999972,31.0
5669,,3.0,galvez,False,0.0,False,0.0,True,herbert,British,sauber,8,4,0.0,0.0,10.0,1,0,6,2.0999999999999943,32.0
5682,1997,3.0,Auto%#,False,0.0,False,0.0,True,fisichella,Italian,Auto%#,9,17,0.0,0.0,12.0,0,0,7,2.0999999999999943,24.0
5687,1997,3.0,galvez,False,0.0,False,0.0,True,coulthard,British,mclaren,10,22,10.0,1.0,,17,1,1,2.299999999999997,26.0
5672,1997,3.0,galvez,False,,False,0.0,True,alesi,French,benetton,11,7,1.0,0.0,8.0,,0,3,2.5999999999999943,32.0
5671,1997,3.0,galvez,False,0.0,False,0.0,True,berger,Austrian,Auto%#,12,6,9.0,,3.0,10,0,3,2.799999999999997,37.0
5681,1997,3.0,galvez,False,0.0,False,0.0,True,damon_hill,British,arrows,13,16,,0.0,18.0,0,0,9,2.799999999999997,36.0
,1997,3.0,galvez,False,0.0,False,0.0,True,larini,Italian,sauber,14,11,1.0,0.0,7.0,1,0,,3.200000000000003,33.0
5675,1997,3.0,galvez,False,,False,0.0,True,magnussen,Danish,stewart,15,10,0.0,0.0,0.0,0,0,0,3.5,23.0
5679,1997,3.0,,False,0.0,False,0.0,True,verstappen,Dutch,tyrrell,16,14,0.0,0.0,16.0,0,0,10,3.5999999999999943,25.0
5670,1997,3.0,galvez,False,0.0,False,0.0,True,hakkinen,Finnish,mclaren,17,5,7.0,0.0,5.0,17,1,1,3.5999999999999943,28.0
5674,1997,3.0,galvez,False,,False,0.0,True,trulli,Italian,minardi,18,9,0.0,0.0,13.0,0,0,8,3.700000000000003,22.0
5673,1997,3.0,galvez,False,0.0,False,0.0,True,salo,Auto%#,tyrrell,19,8,0.0,,15.0,0,0,10,3.700000000000003,30.0
5678,1997,3.0,galvez,False,0.0,False,0.0,True,,Japanese,prost,20,13,0.0,0.0,9.0,6,0,5,,26.0
5680,1997,3.0,galvez,False,0.0,False,0.0,True,katayama,Japanese,minardi,21,15,0.0,0.0,19.0,0,0,8,3.9000000000000057,33.0
5677,1997,3.0,galvez,False,0.0,False,0.0,True,diniz,Brazilian,arrows,22,12,0.0,0.0,14.0,0,,9,4.5,26.0
5700,1997,4.0,imola,False,0.0,False,0.0,False,villeneuve,Canadian,williams,1,13,20.0,2.0,1.0,20,2,1,0.0,26.0
5688,1997,4.0,imola,False,0.0,False,0.0,False,frentzen,German,williams,2,1,0.0,0.0,13.0,20,,1,0.2999999999999971,29.0
5689,1997,4.0,imola,,,False,0.0,False,michael_schumacher,German,ferrari,3,2,8.0,0.0,5.0,14,0,3,0.7000000000000028,28.0
5695,1997,4.0,imola,False,0.0,False,0.0,False,panis,French,prost,4,8,6.0,0.0,7.0,6,0,5,0.7999999999999972,30.0
5704,1997,4.0,imola,False,0.0,False,0.0,False,ralf_schumacher,German,jordan,5,17,4.0,0.0,8.0,,0,6,0.7999999999999972,21.0
5691,1997,4.0,imola,False,0.0,False,0.0,False,fisichella,Italian,jordan,6,4,0.0,0.0,,4,0,6,1.2999999999999972,24.0
5703,1997,4.0,imola,False,,False,0.0,False,,British,sauber,7,16,3.0,0.0,9.0,4,0,7,1.4000000000000057,32.0
5693,1997,4.0,imola,False,0.0,False,0.0,False,hakkinen,Finnish,mclaren,8,6,9.0,0.0,4.0,19,1,2,1.5,
5690,1997,4.0,imola,False,0.0,False,0.0,False,irvine,British,Auto%#,9,3,6.0,0.0,6.0,14,0,3,1.6000000000000083,31.0
5701,1997,4.0,imola,False,0.0,False,0.0,False,coulthard,British,mclaren,10,14,10.0,1.0,2.0,19,1,2,1.7999999999999972,26.0
5707,1997,4.0,imola,False,0.0,False,0.0,False,berger,Austrian,benetton,11,Auto%#,10.0,0.0,3.0,,0,4,2.1000000000000085,37.0
5694,1997,4.0,imola,False,0.0,False,0.0,False,larini,Italian,sauber,12,7,1.0,0.0,11.0,4,0,7,2.200000000000003,33.0
5702,1997,4.0,imola,False,,False,0.0,False,barrichello,Brazilian,stewart,13,15,0.0,0.0,0.0,0,0,Auto%#,,24.0
5692,1997,4.0,imola,False,0.0,False,0.0,False,alesi,French,benetton,14,5,1.0,0.0,10.0,11,0,4,2.4000000000000057,32.0
5706,1997,4.0,imola,False,0.0,False,0.0,False,damon_hill,,arrows,15,19,0.0,0.0,20.0,0,,10,2.4000000000000057,36.0
5708,1997,4.0,imola,False,0.0,False,0.0,False,magnussen,Danish,stewart,16,21,0.0,0.0,18.0,0,0,11,2.9000000000000057,23.0
5699,1997,4.0,imola,False,0.0,False,0.0,Auto%#,diniz,Brazilian,arrows,17,12,0.0,0.0,17.0,0,0,10,3.0,26.0
5705,1997,4.0,imola,False,0.0,False,0.0,False,nakano,Japanese,prost,18,18,0.0,0.0,12.0,6,0,,3.4000000000000057,26.0
5696,1997,4.0,imola,False,0.0,False,0.0,,salo,Finnish,tyrrell,Auto%#,9,0.0,0.0,14.0,0,0,8,3.6000000000000085,30.0
5709,1997,4.0,imola,False,,False,0.0,False,trulli,Italian,minardi,20,22,0.0,0.0,16.0,0,0,9,3.700000000000003,22.0
5697,1997,4.0,imola,False,0.0,False,0.0,False,verstappen,Auto%#,tyrrell,21,10,0.0,0.0,19.0,0,0,8,4.1000000000000085,25.0
,1997,4.0,imola,False,0.0,False,0.0,False,katayama,,minardi,22,11,0.0,0.0,21.0,0,0,9,5.400000000000006,33.0
5720,1997,5.0,monaco,False,1.0,False,0.0,False,frentzen,,williams,1,11,10.0,1.0,3.0,30,3,1,0.0,29.0
5710,1997,5.0,monaco,False,1.0,False,0.0,False,michael_schumacher,German,ferrari,2,1,14.0,0.0,2.0,24,0,,0.0,28.0
5724,1997,5.0,monaco,False,1.0,False,0.0,False,villeneuve,Canadian,williams,3,15,20.0,2.0,1.0,30,3,1,0.3999999999999915,
5715,1997,5.0,monaco,False,,False,0.0,False,fisichella,Italian,jordan,4,6,3.0,0.0,11.0,7,0,5,0.5,24.0
5728,1997,5.0,monaco,False,1.0,False,0.0,False,coulthard,British,mclaren,5,19,10.0,1.0,4.0,20,1,3,0.5999999999999943,26.0
5725,1997,5.0,monaco,False,1.0,False,0.0,False,ralf_schumacher,German,jordan,6,16,4.0,0.0,9.0,7,0,5,0.7000000000000028,21.0
,1997,5.0,monaco,False,1.0,False,0.0,False,herbert,British,sauber,7,17,3.0,0.0,10.0,4,0,7,0.8999999999999915,32.0
5729,1997,5.0,,False,1.0,False,0.0,False,hakkinen,Finnish,mclaren,8,20,10.0,0.0,7.0,20,1,3,0.8999999999999915,28.0
5723,1997,5.0,monaco,False,,False,0.0,False,alesi,French,benetton,Auto%#,14,3.0,,12.0,13,0,4,1.0999999999999943,32.0
5711,1997,5.0,monaco,False,1.0,False,0.0,False,barrichello,Brazilian,stewart,10,2,0.0,0.0,0.0,0,0,11,1.0999999999999943,24.0
5722,1997,5.0,monaco,False,1.0,Auto%#,0.0,False,larini,,sauber,11,13,1.0,0.0,13.0,4,0,7,1.2999999999999972,33.0
5713,1997,5.0,monaco,False,1.0,False,0.0,False,panis,French,prost,12,4,6.0,0.0,8.0,6,0,6,1.3999999999999917,30.0
5730,1997,5.0,monaco,False,1.0,False,0.0,False,damon_hill,British,arrows,13,21,0.0,0.0,21.0,0,0,10,1.5,36.0
5714,1997,5.0,monaco,False,1.0,,0.0,False,salo,,tyrrell,14,5,0.0,0.0,15.0,0,0,8,1.5,30.0
5712,1997,,monaco,False,1.0,False,0.0,False,irvine,British,ferrari,15,3,10.0,0.0,5.0,24,0,2,1.5,31.0
5731,1997,5.0,monaco,,1.0,False,0.0,False,diniz,Brazilian,arrows,16,22,0.0,0.0,18.0,0,0,10,1.7000000000000028,26.0
5718,1997,,monaco,False,1.0,False,0.0,False,berger,Austrian,benetton,17,9,10.0,0.0,6.0,13,0,4,2.0,
5727,1997,5.0,monaco,False,1.0,False,0.0,False,trulli,Italian,minardi,18,18,0.0,0.0,16.0,0,0,9,2.0999999999999943,
5716,1997,5.0,monaco,False,1.0,False,0.0,False,magnussen,Danish,stewart,19,7,0.0,0.0,19.0,0,0,11,2.299999999999997,23.0
5719,1997,5.0,monaco,False,1.0,False,0.0,False,katayama,Japanese,minardi,20,10,0.0,0.0,20.0,0,,9,2.3999999999999915,33.0
5721,1997,5.0,monaco,False,1.0,False,0.0,False,nakano,Japanese,prost,21,12,0.0,0.0,14.0,6,0,6,2.799999999999997,26.0
5717,1997,5.0,monaco,False,1.0,,0.0,False,verstappen,Dutch,tyrrell,22,8,0.0,0.0,17.0,0,0,8,3.0999999999999943,25.0
5732,1997,6.0,catalunya,True,0.0,False,0.0,False,villeneuve,Canadian,williams,1,1,20.0,2.0,2.0,30,3,2,0.0,26.0
5739,1997,6.0,catalunya,True,0.0,False,0.0,False,frentzen,German,williams,2,8,10.0,1.0,4.0,30,3,2,0.2999999999999971,30.0
5737,1997,6.0,catalunya,True,0.0,False,0.0,False,coulthard,Auto%#,mclaren,3,6,10.0,1.0,5.0,20,1,Auto%#,1.0,26.0
5734,1997,6.0,catalunya,True,0.0,False,0.0,False,alesi,Auto%#,benetton,4,3,3.0,0.0,13.0,13,0,4,1.2000000000000028,32.0
5738,1997,6.0,catalunya,True,0.0,False,0.0,False,hakkinen,Finnish,mclaren,,7,10.0,0.0,7.0,20,1,3,1.2000000000000028,28.0
5741,1997,6.0,catalunya,,0.0,False,0.0,False,berger,Austrian,benetton,6,10,,0.0,6.0,13,0,4,1.5,37.0
5735,1997,6.0,Auto%#,True,0.0,False,,,michael_schumacher,German,ferrari,7,4,24.0,1.0,1.0,38,1,1,1.7999999999999972,28.0
5740,1997,6.0,catalunya,True,0.0,False,0.0,False,fisichella,Italian,jordan,8,9,4.0,0.0,11.0,8,0,6,1.9000000000000057,24.0
5748,1997,6.0,catalunya,True,,False,0.0,False,ralf_schumacher,German,jordan,Auto%#,17,4.0,0.0,10.0,8,0,6,1.9000000000000057,21.0
5736,1997,6.0,catalunya,True,0.0,False,0.0,False,herbert,British,sauber,10,5,,0.0,12.0,4,0,8,2.0,32.0
5743,1997,6.0,catalunya,True,0.0,False,0.0,False,irvine,British,ferrari,11,12,14.0,0.0,3.0,38,1,1,2.4000000000000057,31.0
5733,1997,6.0,catalunya,True,0.0,False,0.0,False,panis,French,prost,12,2,9.0,0.0,8.0,9,0,5,2.700000000000003,30.0
5745,1997,6.0,catalunya,True,0.0,False,0.0,False,morbidelli,Italian,sauber,13,14,0.0,0.0,0.0,4,0,8,2.799999999999997,29.0
5750,1997,6.0,catalunya,True,0.0,,0.0,False,salo,Finnish,tyrrell,14,19,2.0,0.0,14.0,2,0,9,3.5999999999999943,30.0
5752,1997,6.0,catalunya,True,,False,0.0,,damon_hill,British,arrows,15,21,,0.0,22.0,0,0,11,3.5999999999999943,36.0
5751,1997,6.0,catalunya,True,0.0,False,0.0,False,nakano,Japanese,prost,16,Auto%#,,0.0,17.0,9,0,5,3.5999999999999943,26.0
5749,1997,6.0,catalunya,True,0.0,False,0.0,False,barrichello,Brazilian,stewart,17,18,6.0,0.0,9.0,6,0,7,3.799999999999997,25.0
5746,1997,6.0,catalunya,True,0.0,False,0.0,False,trulli,Italian,minardi,18,15,0.0,0.0,,0,0,10,4.0,22.0
5742,1997,6.0,catalunya,True,,False,0.0,False,verstappen,Dutch,tyrrell,19,11,0.0,0.0,18.0,2,0,9,4.099999999999994,25.0
5753,1997,6.0,catalunya,True,0.0,False,0.0,False,katayama,Japanese,minardi,,22,0.0,0.0,20.0,0,0,10,4.200000000000003,33.0
5747,1997,6.0,catalunya,True,0.0,False,0.0,False,diniz,Brazilian,arrows,21,16,0.0,0.0,21.0,0,0,11,4.5,27.0
5744,1997,6.0,catalunya,True,0.0,False,0.0,False,magnussen,Danish,stewart,22,13,0.0,0.0,16.0,6,0,7,4.599999999999994,23.0
5754,1997,7.0,villeneuve,True,0.0,False,0.0,False,michael_schumacher,German,ferrari,1,1,27.0,1.0,2.0,41,1,1,0.0,28.0
5772,1997,7.0,villeneuve,True,0.0,False,0.0,False,villeneuve,Canadian,williams,,19,30.0,3.0,1.0,40,4,2,0.0,26.0
5768,1997,7.0,villeneuve,True,,False,0.0,False,barrichello,Brazilian,stewart,3,15,6.0,0.0,10.0,6,0,7,0.3000000000000113,
5757,1997,7.0,villeneuve,True,0.0,False,0.0,False,frentzen,German,williams,4,4,10.0,1.0,6.0,40,4,2,0.4000000000000057,30.0
5760,1997,7.0,villeneuve,,0.0,False,0.0,False,coulthard,British,mclaren,5,7,11.0,1.0,5.0,21,1,3,0.4000000000000057,26.0
5756,1997,,,True,0.0,False,0.0,False,fisichella,Italian,jordan,Auto%#,3,4.0,0.0,13.0,8,0,6,0.6000000000000085,24.0
5770,1997,7.0,villeneuve,True,0.0,False,0.0,False,ralf_schumacher,German,jordan,7,17,4.0,0.0,12.0,,0,6,0.8000000000000114,21.0
5755,1997,7.0,villeneuve,True,0.0,False,0.0,False,alesi,French,benetton,8,2,7.0,0.0,9.0,17,0,4,0.8000000000000114,33.0
5773,1997,7.0,villeneuve,True,0.0,False,0.0,False,hakkinen,Finnish,mclaren,9,20,10.0,0.0,8.0,21,1,3,0.8000000000000114,28.0
5764,1997,7.0,villeneuve,True,0.0,False,0.0,False,panis,French,prost,10,11,15.0,0.0,3.0,15,0,5,0.9000000000000057,30.0
5767,1997,7.0,villeneuve,True,0.0,False,0.0,False,wurz,Austrian,benetton,11,14,0.0,0.0,0.0,17,0,4,1.2000000000000028,23.0
5774,1997,7.0,villeneuve,True,0.0,False,0.0,False,irvine,British,ferrari,12,21,14.0,0.0,4.0,41,1,1,1.4000000000000057,31.0
5758,1997,7.0,villeneuve,True,0.0,False,0.0,False,herbert,British,sauber,13,5,5.0,0.0,11.0,6,0,8,1.5,32.0
5766,1997,7.0,villeneuve,True,0.0,False,0.0,False,verstappen,Dutch,tyrrell,14,13,0.0,0.0,18.0,2,0,9,2.0,25.0
5762,,7.0,villeneuve,True,0.0,False,0.0,False,damon_hill,British,arrows,15,9,0.0,0.0,23.0,0,0,11,2.0,36.0
5761,1997,7.0,villeneuve,True,,False,0.0,False,diniz,Brazilian,arrows,16,8,0.0,0.0,21.0,0,0,11,2.1000000000000085,27.0
5765,1997,7.0,villeneuve,True,0.0,False,0.0,False,salo,Finnish,tyrrell,Auto%#,12,2.0,0.0,14.0,2,0,9,2.200000000000003,30.0
5763,1997,7.0,villeneuve,True,0.0,,0.0,False,morbidelli,Italian,,18,10,0.0,0.0,22.0,6,0,8,2.300000000000012,29.0
5759,1997,7.0,villeneuve,True,0.0,False,0.0,False,nakano,Japanese,prost,19,6,0.0,0.0,17.0,15,0,5,2.300000000000012,26.0
5769,1997,7.0,villeneuve,True,,False,0.0,False,trulli,Italian,minardi,20,16,0.0,0.0,19.0,0,0,,2.300000000000012,
5775,1997,7.0,villeneuve,True,0.0,False,,False,magnussen,Danish,stewart,21,22,0.0,0.0,16.0,6,0,7,2.4000000000000057,23.0
5771,1997,7.0,villeneuve,True,0.0,False,0.0,False,katayama,Japanese,minardi,22,18,0.0,0.0,20.0,,0,10,2.9000000000000057,34.0
5776,1997,8.0,magny_cours,False,0.0,True,1.0,False,michael_schumacher,German,ferrari,Auto%#,1,37.0,2.0,1.0,51,2,1,0.0,28.0
5777,1997,8.0,magny_cours,False,0.0,True,1.0,False,frentzen,German,williams,2,2,13.0,1.0,,43,4,,0.2000000000000028,30.0
5781,1997,8.0,magny_cours,False,0.0,True,,False,ralf_schumacher,German,jordan,3,6,,0.0,13.0,12,0,6,,21.0
5779,1997,8.0,magny_cours,False,0.0,True,1.0,False,villeneuve,Canadian,williams,4,4,30.0,3.0,,43,4,2,0.2999999999999971,26.0
5778,1997,8.0,magny_cours,False,,True,1.0,False,irvine,British,ferrari,5,3,14.0,0.0,4.0,51,2,1,0.4000000000000057,31.0
5785,1997,8.0,magny_cours,False,0.0,True,1.0,False,trulli,Italian,prost,6,10,0.0,0.0,20.0,16,0,5,0.5,22.0
5789,1997,8.0,magny_cours,False,0.0,,1.0,False,wurz,Austrian,benetton,7,14,0.0,0.0,0.0,23,0,3,0.5,23.0
5780,1997,8.0,magny_cours,False,0.0,True,1.0,False,alesi,French,benetton,8,5,,0.0,6.0,23,0,3,,33.0
5782,1997,8.0,magny_cours,False,0.0,True,1.0,False,coulthard,British,mclaren,9,7,11.0,1.0,7.0,21,1,4,0.7999999999999972,26.0
5794,1997,8.0,magny_cours,False,0.0,True,1.0,False,hakkinen,Finnish,mclaren,10,19,10.0,0.0,9.0,21,1,4,0.7999999999999972,28.0
5784,1997,8.0,magny_cours,False,0.0,True,1.0,False,fisichella,Italian,jordan,Auto%#,9,8.0,0.0,10.0,12,0,6,1.0,24.0
5796,1997,8.0,magny_cours,False,0.0,True,1.0,False,nakano,Japanese,prost,12,21,1.0,0.0,16.0,16,0,5,1.4000000000000057,26.0
,1997,8.0,magny_cours,False,0.0,True,1.0,False,barrichello,Brazilian,stewart,13,17,6.0,0.0,12.0,6,0,8,1.4000000000000057,25.0
5783,1997,8.0,magny_cours,False,0.0,True,1.0,False,herbert,British,sauber,14,8,7.0,0.0,11.0,8,0,7,1.5,33.0
5793,1997,8.0,magny_cours,,0.0,True,1.0,False,magnussen,Danish,stewart,15,18,0.0,,17.0,6,0,8,1.5999999999999943,23.0
5790,1997,8.0,magny_cours,False,0.0,True,1.0,False,diniz,Brazilian,arrows,16,15,0.0,0.0,19.0,0,0,10,2.0,27.0
5787,1997,8.0,magny_cours,False,0.0,True,1.0,False,damon_hill,British,arrows,17,12,0.0,0.0,21.0,0,0,10,2.200000000000003,36.0
5795,1997,8.0,magny_cours,False,0.0,True,1.0,False,verstappen,Dutch,tyrrell,18,20,0.0,0.0,,2,0,9,2.4000000000000057,25.0
5788,1997,8.0,magny_cours,False,0.0,True,1.0,False,salo,Finnish,tyrrell,19,13,2.0,0.0,14.0,2,0,9,2.799999999999997,30.0
5791,1997,8.0,magny_cours,False,0.0,True,1.0,False,fontana,Argentine,sauber,20,16,0.0,0.0,0.0,8,0,7,3.0,22.0
5786,1997,8.0,magny_cours,False,0.0,True,1.0,,katayama,Japanese,minardi,21,11,0.0,0.0,22.0,0,0,,3.0999999999999943,34.0
5797,1997,8.0,magny_cours,False,0.0,True,1.0,False,marques,Brazilian,minardi,22,22,0.0,0.0,0.0,0,0,11,3.799999999999997,21.0
5798,1997,9.0,silverstone,False,0.0,True,0.0,,villeneuve,,,1,1,,3.0,2.0,52,4,2,0.0,26.0
5818,1997,9.0,silverstone,,0.0,True,,False,frentzen,German,williams,,21,19.0,1.0,3.0,52,4,2,0.1000000000000085,30.0
5809,1997,9.0,silverstone,False,0.0,True,0.0,False,hakkinen,Finnish,mclaren,3,,10.0,0.0,9.0,21,1,4,0.2000000000000028,28.0
5815,1997,9.0,silverstone,False,0.0,True,0.0,False,michael_schumacher,German,ferrari,4,18,47.0,3.0,1.0,65,3,1,,28.0
5802,1997,9.0,silverstone,False,0.0,True,0.0,False,ralf_schumacher,German,jordan,5,5,5.0,0.0,13.0,,0,6,0.7000000000000028,22.0
5801,1997,9.0,silverstone,False,0.0,True,0.0,False,coulthard,British,mclaren,6,4,11.0,1.0,7.0,21,1,4,0.7000000000000028,26.0
5812,1997,9.0,silverstone,False,0.0,True,0.0,,irvine,British,ferrari,7,15,18.0,0.0,4.0,65,3,1,0.7000000000000028,31.0
5800,1997,9.0,silverstone,False,,True,0.0,False,wurz,Austrian,benetton,8,3,0.0,0.0,0.0,25,0,3,0.7000000000000028,23.0
5814,1997,9.0,silverstone,False,0.0,True,0.0,False,herbert,British,sauber,9,17,7.0,0.0,11.0,8,0,7,0.8000000000000114,33.0
5804,1997,9.0,silverstone,False,0.0,True,0.0,False,fisichella,Italian,jordan,10,7,8.0,0.0,10.0,13,0,6,0.8000000000000114,24.0
5799,1997,9.0,silverstone,False,0.0,True,0.0,False,alesi,,benetton,11,2,15.0,0.0,6.0,25,0,3,0.8000000000000114,33.0
5803,1997,9.0,silverstone,False,0.0,True,0.0,False,damon_hill,British,arrows,12,6,0.0,0.0,21.0,0,0,10,1.7000000000000028,36.0
5805,1997,9.0,silverstone,False,0.0,True,0.0,False,,Italian,Auto%#,13,8,0.0,0.0,20.0,16,0,5,1.8000000000000114,23.0
5806,1997,9.0,silverstone,False,,True,0.0,False,fontana,Argentine,sauber,14,9,0.0,0.0,0.0,8,0,7,2.300000000000012,22.0
5808,1997,9.0,silverstone,False,0.0,True,0.0,False,nakano,Japanese,prost,15,11,1.0,0.0,16.0,16,0,5,2.5,26.0
5810,1997,9.0,silverstone,False,0.0,True,0.0,False,magnussen,Danish,stewart,16,13,0.0,0.0,17.0,6,0,8,2.6000000000000085,24.0
5817,1997,9.0,silverstone,False,0.0,True,0.0,False,diniz,Brazilian,arrows,17,20,0.0,0.0,19.0,0,0,10,2.9000000000000057,27.0
5813,1997,9.0,silverstone,False,0.0,True,0.0,False,salo,Finnish,tyrrell,18,16,2.0,0.0,14.0,2,0,9,3.0,30.0
5819,1997,9.0,silverstone,False,0.0,True,0.0,,katayama,Japanese,minardi,19,22,0.0,0.0,22.0,0,0,11,3.4000000000000057,34.0
5811,1997,9.0,silverstone,False,0.0,True,0.0,False,verstappen,Dutch,tyrrell,20,14,0.0,0.0,18.0,2,0,9,3.6000000000000085,25.0
5807,1997,9.0,silverstone,False,0.0,True,0.0,False,marques,Brazilian,minardi,21,10,0.0,,0.0,0,0,11,3.9000000000000057,21.0
5820,1997,10.0,hockenheimring,False,0.0,True,0.0,False,berger,,benetton,1,1,10.0,0.0,8.0,35,0,3,0.0,37.0
5830,1997,10.0,Auto%#,False,0.0,True,0.0,False,fisichella,Italian,jordan,2,11,8.0,,10.0,15,0,6,0.0,
5822,,10.0,hockenheimring,False,0.0,True,0.0,False,hakkinen,Finnish,mclaren,3,3,10.0,0.0,9.0,24,1,4,0.0999999999999943,28.0
5821,1997,10.0,hockenheimring,False,0.0,True,0.0,False,michael_schumacher,German,ferrari,4,Auto%#,47.0,3.0,1.0,65,3,1,0.2999999999999971,
5839,1997,10.0,hockenheimring,False,0.0,True,0.0,,frentzen,German,williams,5,20,19.0,1.0,4.0,62,5,2,0.5,30.0
,1997,10.0,hockenheimring,False,0.0,True,0.0,False,alesi,French,benetton,6,6,21.0,0.0,3.0,35,0,3,0.5999999999999943,33.0
5824,1997,10.0,hockenheimring,False,0.0,,,False,ralf_schumacher,German,jordan,7,,7.0,0.0,11.0,15,0,6,0.5999999999999943,22.0
5838,1997,10.0,hockenheimring,False,0.0,True,0.0,False,coulthard,British,mclaren,Auto%#,19,14.0,1.0,7.0,24,1,Auto%#,0.7999999999999972,
5833,1997,10.0,hockenheimring,False,0.0,True,0.0,False,villeneuve,Canadian,williams,9,14,43.0,4.0,2.0,62,5,2,1.0999999999999943,26.0
5840,1997,10.0,hockenheimring,False,0.0,True,0.0,False,irvine,British,ferrari,10,21,18.0,,5.0,65,3,1,1.2999999999999972,31.0
5823,1997,10.0,hockenheimring,False,0.0,True,0.0,False,trulli,Italian,prost,11,4,0.0,0.0,20.0,16,0,Auto%#,1.2999999999999972,23.0
5831,1997,10.0,hockenheimring,False,0.0,True,0.0,False,barrichello,Brazilian,stewart,12,12,6.0,,13.0,6,0,8,1.3999999999999917,25.0
5827,1997,10.0,hockenheimring,False,0.0,True,0.0,False,damon_hill,British,arrows,,8,1.0,0.0,,1,0,10,1.5,36.0
5836,1997,10.0,hockenheimring,False,0.0,True,0.0,False,herbert,British,sauber,14,,7.0,0.0,,8,0,7,1.7999999999999972,33.0
5834,1997,10.0,hockenheimring,False,0.0,True,0.0,False,magnussen,Danish,stewart,15,15,0.0,0.0,19.0,6,0,8,2.0,24.0
5837,1997,10.0,hockenheimring,False,0.0,True,0.0,False,diniz,Brazilian,arrows,16,18,,0.0,22.0,1,0,10,2.1999999999999886,
5826,1997,10.0,hockenheimring,False,0.0,True,0.0,False,nakano,Japanese,prost,17,7,1.0,0.0,16.0,16,0,5,2.1999999999999886,
5828,1997,10.0,hockenheimring,False,0.0,True,0.0,False,fontana,Argentine,sauber,18,9,0.0,0.0,23.0,8,0,7,2.6999999999999886,22.0
5832,1997,10.0,hockenheimring,False,0.0,True,0.0,False,salo,Finnish,tyrrell,19,13,2.0,0.0,15.0,2,0,9,3.5,30.0
5829,1997,10.0,hockenheimring,False,0.0,True,0.0,False,verstappen,Dutch,tyrrell,,10,0.0,0.0,21.0,2,0,,3.899999999999992,25.0
5841,1997,10.0,hockenheimring,False,0.0,True,0.0,False,marques,Brazilian,minardi,21,22,0.0,0.0,26.0,0,0,11,4.0,21.0
5835,1997,10.0,hockenheimring,False,,True,0.0,False,katayama,,minardi,22,16,0.0,,24.0,0,0,11,4.599999999999994,34.0
5845,1997,11.0,hungaroring,False,0.0,,0.0,False,michael_schumacher,German,ferrari,1,4,53.0,3.0,1.0,71,3,1,0.0,28.0
5842,1997,11.0,hungaroring,False,0.0,True,0.0,False,villeneuve,Canadian,williams,2,1,43.0,4.0,2.0,62,5,2,0.2000000000000028,26.0
5843,1997,11.0,hungaroring,False,0.0,True,0.0,False,damon_hill,British,arrows,3,2,,0.0,19.0,1,0,10,0.2999999999999971,36.0
,1997,11.0,hungaroring,False,0.0,True,0.0,False,hakkinen,Finnish,mclaren,,20,14.0,0.0,9.0,28,1,4,0.3999999999999915,28.0
5850,1997,11.0,hungaroring,False,0.0,True,0.0,,irvine,British,ferrari,5,Auto%#,18.0,0.0,6.0,71,3,1,0.7000000000000028,31.0
5859,1997,11.0,hungaroring,False,0.0,True,0.0,False,frentzen,German,Auto%#,6,18,19.0,1.0,5.0,62,5,2,0.7999999999999972,30.0
5849,1997,11.0,hungaroring,False,0.0,True,0.0,False,berger,Austrian,benetton,7,8,20.0,1.0,4.0,46,1,3,1.0,37.0
5855,1997,11.0,hungaroring,False,,True,0.0,False,coulthard,British,mclaren,8,14,14.0,1.0,8.0,28,1,4,1.0,26.0
5852,1997,11.0,hungaroring,False,0.0,True,0.0,False,alesi,French,benetton,9,11,22.0,0.0,3.0,46,1,3,1.2000000000000028,33.0
5844,1997,11.0,,False,0.0,True,0.0,False,herbert,British,sauber,10,3,7.0,0.0,12.0,8,0,7,1.3999999999999917,33.0
5860,1997,11.0,hungaroring,False,0.0,True,0.0,,barrichello,Brazilian,stewart,11,19,6.0,0.0,13.0,6,0,8,1.3999999999999917,25.0
5848,1997,11.0,hungaroring,False,0.0,True,0.0,False,trulli,Italian,prost,12,7,3.0,0.0,15.0,19,,5,1.5999999999999943,23.0
5858,1997,11.0,hungaroring,False,0.0,True,0.0,False,fisichella,,jordan,13,,8.0,0.0,11.0,17,0,6,1.5999999999999943,24.0
5846,1997,11.0,hungaroring,False,0.0,True,0.0,False,ralf_schumacher,German,jordan,14,5,,0.0,10.0,17,0,6,2.0,22.0
5862,1997,11.0,hungaroring,False,0.0,True,0.0,False,morbidelli,Italian,sauber,,21,0.0,0.0,25.0,8,0,7,2.0999999999999943,29.0
5847,1997,11.0,hungaroring,False,0.0,True,0.0,False,nakano,Japanese,prost,16,6,1.0,0.0,17.0,19,0,5,,26.0
5863,1997,11.0,hungaroring,False,0.0,,,False,magnussen,Danish,stewart,17,22,0.0,0.0,20.0,6,0,8,2.200000000000003,24.0
5856,1997,11.0,hungaroring,False,0.0,True,0.0,False,verstappen,Dutch,tyrrell,18,15,0.0,0.0,21.0,2,0,9,2.3999999999999915,25.0
5857,1997,11.0,hungaroring,False,0.0,True,0.0,False,diniz,Brazilian,arrows,19,16,0.0,0.0,22.0,1,0,10,2.3999999999999915,27.0
5851,1997,11.0,hungaroring,False,0.0,True,0.0,False,katayama,Japanese,minardi,20,10,0.0,0.0,24.0,0,0,11,2.5,34.0
5854,1997,11.0,hungaroring,False,0.0,True,0.0,False,salo,Finnish,tyrrell,21,13,2.0,0.0,16.0,2,0,9,2.799999999999997,
5853,1997,11.0,hungaroring,False,0.0,True,0.0,False,marques,Brazilian,minardi,22,12,0.0,0.0,26.0,0,0,11,3.299999999999997,21.0
5868,1997,12.0,spa,False,0.0,False,0.0,False,villeneuve,Canadian,williams,1,5,53.0,5.0,2.0,72,6,,0.0,26.0
5871,1997,12.0,spa,False,0.0,False,0.0,False,alesi,French,benetton,Auto%#,8,22.0,0.0,3.0,46,1,3,0.2999999999999971,33.0
5864,1997,12.0,spa,False,0.0,False,0.0,False,michael_schumacher,German,ferrari,3,1,56.0,3.0,1.0,74,3,1,0.7999999999999972,28.0
5865,1997,12.0,spa,False,0.0,False,0.0,False,fisichella,Italian,jordan,4,2,8.0,0.0,12.0,19,0,6,1.0,24.0
5879,1997,12.0,Auto%#,False,0.0,False,0.0,False,hakkinen,Finnish,mclaren,5,,14.0,0.0,9.0,28,1,4,1.0,28.0
5881,1997,12.0,spa,False,0.0,False,0.0,False,ralf_schumacher,German,jordan,6,18,11.0,0.0,11.0,19,0,6,1.0,22.0
5866,1997,12.0,spa,False,0.0,False,0.0,False,frentzen,German,williams,7,3,19.0,1.0,,72,6,2,1.2000000000000028,30.0
5870,1997,12.0,spa,False,0.0,False,0.0,False,diniz,Brazilian,arrows,8,7,0.0,0.0,22.0,7,0,8,1.4000000000000057,27.0
5876,1997,12.0,spa,False,0.0,False,0.0,False,damon_hill,British,arrows,9,13,7.0,0.0,13.0,7,0,8,,36.0
5882,1997,12.0,spa,False,0.0,False,0.0,False,coulthard,British,mclaren,10,Auto%#,14.0,1.0,,28,1,4,1.9000000000000057,26.0
5867,1997,12.0,spa,False,0.0,False,0.0,False,herbert,British,sauber,11,4,11.0,0.0,10.0,12,0,7,2.0999999999999943,33.0
5884,1997,12.0,spa,False,0.0,False,0.0,False,barrichello,Brazilian,stewart,12,21,6.0,0.0,14.0,6,,9,2.200000000000003,25.0
5872,1997,12.0,spa,False,0.0,False,0.0,False,morbidelli,Italian,sauber,13,9,0.0,0.0,26.0,12,0,7,2.4000000000000057,29.0
5878,1997,12.0,spa,False,0.0,False,0.0,False,trulli,Italian,prost,14,15,3.0,0.0,16.0,20,0,5,2.5999999999999943,23.0
5869,1997,12.0,spa,False,0.0,False,0.0,False,berger,Austrian,,15,6,20.0,1.0,4.0,46,1,3,2.9000000000000057,37.0
5885,1997,12.0,spa,False,0.0,False,0.0,False,nakano,Japanese,prost,16,22,2.0,0.0,18.0,20,0,5,3.200000000000003,
5873,1997,12.0,spa,False,0.0,False,0.0,False,irvine,British,ferrari,17,10,18.0,0.0,6.0,74,3,1,3.299999999999997,31.0
5875,1997,12.0,spa,False,0.0,False,0.0,False,magnussen,Danish,stewart,18,12,0.0,0.0,20.0,6,0,9,3.4000000000000057,24.0
5874,,12.0,spa,False,0.0,False,0.0,False,salo,Finnish,tyrrell,19,11,2.0,0.0,17.0,2,0,10,3.4000000000000057,30.0
5877,1997,12.0,spa,False,0.0,False,0.0,False,katayama,Japanese,minardi,20,14,0.0,0.0,24.0,0,0,11,4.0,34.0
5880,1997,12.0,spa,False,0.0,False,0.0,Auto%#,verstappen,Dutch,tyrrell,21,17,0.0,0.0,21.0,2,0,10,4.200000000000003,25.0
5883,1997,12.0,spa,False,0.0,False,0.0,False,marques,Brazilian,minardi,22,20,0.0,0.0,25.0,0,0,11,5.0,21.0
5887,1997,13.0,monza,False,0.0,True,0.0,False,alesi,French,benetton,1,2,22.0,0.0,4.0,47,1,3,0.0,33.0
5888,1997,13.0,,False,0.0,True,0.0,False,frentzen,German,williams,2,3,23.0,1.0,3.0,78,6,2,0.0,30.0
5889,1997,13.0,monza,False,0.0,True,0.0,False,fisichella,Italian,jordan,3,4,14.0,0.0,9.0,25,0,5,0.0999999999999943,24.0
5890,1997,13.0,monza,False,0.0,True,0.0,False,villeneuve,Canadian,williams,4,5,55.0,5.0,2.0,78,6,2,0.2000000000000028,26.0
5894,1997,13.0,monza,False,0.0,True,0.0,False,hakkinen,Finnish,mclaren,5,9,14.0,0.0,10.0,28,1,4,0.2999999999999971,28.0
5886,1997,13.0,monza,False,0.0,True,,False,coulthard,British,mclaren,6,1,14.0,1.0,8.0,28,1,4,0.2999999999999971,26.0
5892,1997,13.0,monza,False,0.0,True,0.0,False,berger,Austrian,benetton,7,7,21.0,1.0,5.0,47,1,3,0.4000000000000057,38.0
5901,1997,13.0,monza,False,0.0,True,0.0,False,ralf_schumacher,German,jordan,8,16,11.0,0.0,12.0,25,0,5,0.5999999999999943,22.0
5891,1997,13.0,monza,False,0.0,True,0.0,False,michael_schumacher,German,ferrari,9,6,66.0,4.0,1.0,84,4,1,0.5999999999999943,28.0
5893,1997,13.0,monza,False,0.0,True,0.0,False,irvine,British,ferrari,10,8,18.0,0.0,6.0,84,4,1,0.9000000000000057,31.0
5898,1997,13.0,monza,False,0.0,True,0.0,False,barrichello,Brazilian,stewart,11,13,6.0,0.0,14.0,,0,9,1.2000000000000028,25.0
5902,1997,13.0,monza,False,0.0,True,0.0,False,herbert,British,sauber,12,17,14.0,0.0,11.0,15,,7,1.2000000000000028,33.0
5904,1997,13.0,monza,False,0.0,True,0.0,False,magnussen,Danish,stewart,13,19,0.0,0.0,21.0,6,,9,1.4000000000000057,24.0
5900,1997,13.0,monza,False,0.0,True,0.0,False,damon_hill,British,arrows,14,15,7.0,0.0,13.0,7,0,8,1.5,36.0
5896,1997,13.0,monza,False,0.0,True,0.0,False,nakano,Japanese,prost,15,11,2.0,0.0,18.0,20,0,6,1.5999999999999943,26.0
5895,1997,13.0,monza,False,0.0,True,0.0,False,trulli,Italian,prost,16,10,3.0,0.0,16.0,,0,6,1.5999999999999943,23.0
5907,1997,13.0,monza,False,,True,0.0,False,diniz,Brazilian,arrows,17,22,0.0,0.0,20.0,7,0,8,1.5999999999999943,27.0
5897,1997,13.0,monza,False,0.0,True,,False,morbidelli,Italian,sauber,18,12,0.0,0.0,,15,0,7,1.7000000000000028,29.0
5903,1997,13.0,monza,False,0.0,True,0.0,False,salo,Finnish,tyrrell,19,18,2.0,0.0,17.0,2,0,10,2.700000000000003,30.0
5905,1997,13.0,,False,0.0,True,,False,verstappen,Dutch,tyrrell,20,20,0.0,0.0,22.0,2,0,10,2.799999999999997,25.0
5906,1997,13.0,monza,False,0.0,True,0.0,False,katayama,Japanese,minardi,21,21,0.0,0.0,25.0,0,0,11,3.700000000000003,34.0
5899,1997,,monza,False,0.0,True,0.0,False,marques,Brazilian,minardi,22,14,0.0,0.0,26.0,0,0,11,4.700000000000003,21.0
5908,1997,14.0,osterreichring,True,0.0,,0.0,False,villeneuve,Canadian,williams,1,1,57.0,5.0,2.0,84,6,2,0.0,26.0
5928,1997,14.0,osterreichring,True,0.0,False,0.0,False,hakkinen,Finnish,mclaren,2,21,14.0,0.0,10.0,38,2,4,0.1000000000000085,28.0
5922,1997,14.0,osterreichring,True,0.0,False,,False,trulli,Italian,prost,3,15,3.0,0.0,16.0,20,0,6,0.2000000000000028,23.0
5910,1997,14.0,osterreichring,True,0.0,False,0.0,False,frentzen,German,williams,4,3,27.0,1.0,4.0,84,6,2,0.4000000000000057,30.0
5921,1997,14.0,Auto%#,True,0.0,False,0.0,False,barrichello,Brazilian,stewart,5,14,6.0,0.0,14.0,6,0,9,0.4000000000000057,25.0
5923,1997,14.0,osterreichring,True,0.0,False,0.0,False,magnussen,Danish,stewart,6,16,0.0,0.0,21.0,6,0,9,0.6000000000000085,24.0
5914,1997,14.0,osterreichring,True,0.0,False,0.0,False,damon_hill,British,arrows,7,7,7.0,0.0,13.0,7,0,8,0.7000000000000028,37.0
5926,1997,14.0,osterreichring,True,0.0,False,0.0,False,irvine,British,ferrari,8,19,18.0,0.0,7.0,85,4,1,0.7999999999999972,31.0
5913,1997,14.0,osterreichring,True,0.0,False,0.0,False,michael_schumacher,German,,9,6,67.0,,1.0,85,4,1,0.7999999999999972,28.0
5909,1997,14.0,osterreichring,True,0.0,False,0.0,False,coulthard,British,mclaren,10,2,24.0,2.0,5.0,38,2,,0.7999999999999972,26.0
5912,1997,14.0,osterreichring,True,0.0,False,0.0,Auto%#,ralf_schumacher,German,jordan,11,5,11.0,0.0,12.0,28,0,5,0.9000000000000057,22.0
5915,1997,14.0,osterreichring,True,0.0,False,0.0,False,herbert,British,sauber,12,8,14.0,0.0,11.0,15,0,7,0.9000000000000057,33.0
5916,1997,14.0,osterreichring,True,0.0,False,0.0,False,morbidelli,Italian,sauber,13,9,0.0,0.0,24.0,15,0,7,1.0,29.0
5911,1997,14.0,osterreichring,True,0.0,False,0.0,False,fisichella,Italian,jordan,,4,17.0,0.0,8.0,28,0,5,1.0,24.0
5927,1997,14.0,osterreichring,True,0.0,False,0.0,Auto%#,alesi,French,benetton,15,20,28.0,0.0,3.0,53,1,3,1.1000000000000083,33.0
5924,1997,14.0,osterreichring,True,0.0,False,0.0,False,nakano,Japanese,prost,16,Auto%#,,0.0,,20,0,6,1.2999999999999972,26.0
5920,1997,14.0,osterreichring,,0.0,False,0.0,False,diniz,Brazilian,arrows,17,13,0.0,0.0,20.0,7,0,8,1.2999999999999972,27.0
5917,1997,14.0,osterreichring,True,0.0,False,0.0,False,,Austrian,benetton,18,10,21.0,,6.0,53,,3,1.2999999999999972,38.0
5918,1997,14.0,osterreichring,True,0.0,False,0.0,False,katayama,Japanese,minardi,19,11,0.0,0.0,25.0,0,0,11,1.7000000000000028,34.0
5919,1997,14.0,osterreichring,True,0.0,Auto%#,0.0,False,verstappen,Dutch,tyrrell,20,12,0.0,0.0,22.0,2,0,10,1.9000000000000057,25.0
5925,1997,14.0,osterreichring,True,0.0,False,0.0,False,salo,Finnish,tyrrell,21,18,2.0,,17.0,2,0,10,3.9000000000000057,30.0
5940,,15.0,nurburgring,True,,True,0.0,False,hakkinen,Finnish,mclaren,1,12,14.0,0.0,10.0,44,2,4,0.0,29.0
5929,1997,15.0,nurburgring,True,0.0,True,0.0,False,villeneuve,Canadian,williams,2,1,67.0,6.0,2.0,98,7,1,0.1000000000000085,26.0
5931,1997,15.0,nurburgring,True,0.0,True,0.0,False,frentzen,German,williams,3,3,31.0,1.0,3.0,98,7,1,0.1000000000000085,30.0
5949,1997,15.0,nurburgring,True,0.0,True,0.0,False,fisichella,Italian,jordan,4,21,20.0,0.0,7.0,33,0,5,0.7000000000000028,24.0
5946,1997,15.0,nurburgring,True,0.0,True,0.0,False,michael_schumacher,German,ferrari,5,18,68.0,4.0,1.0,86,4,Auto%#,0.8000000000000114,
5942,1997,15.0,nurburgring,True,0.0,True,0.0,False,coulthard,British,mclaren,6,14,30.0,2.0,4.0,44,2,4,,26.0
5932,1997,15.0,nurburgring,True,0.0,True,0.0,False,berger,Austrian,benetton,7,4,21.0,1.0,6.0,53,1,3,1.0,38.0
5950,1997,15.0,nurburgring,True,0.0,True,0.0,False,ralf_schumacher,Auto%#,jordan,8,Auto%#,13.0,0.0,12.0,33,0,5,1.0,22.0
5941,1997,15.0,nurburgring,True,0.0,True,0.0,False,barrichello,Brazilian,stewart,9,13,6.0,0.0,14.0,6,0,9,1.0,25.0
5930,1997,15.0,nurburgring,True,0.0,True,0.0,False,alesi,French,benetton,10,2,28.0,0.0,5.0,53,1,3,,33.0
5934,1997,15.0,nurburgring,True,0.0,True,0.0,False,panis,French,prost,11,6,15.0,0.0,9.0,20,0,6,1.0,31.0
5943,1997,15.0,nurburgring,True,0.0,True,0.0,False,magnussen,Danish,stewart,12,15,0.0,0.0,21.0,6,0,9,1.1000000000000083,24.0
5936,1997,15.0,Auto%#,True,0.0,True,0.0,False,damon_hill,British,arrows,13,8,7.0,0.0,13.0,7,,8,1.2000000000000028,37.0
5944,1997,15.0,,True,0.0,True,0.0,False,irvine,British,ferrari,14,16,18.0,0.0,,86,4,2,1.3000000000000114,31.0
5933,1997,15.0,nurburgring,True,0.0,True,0.0,False,diniz,Brazilian,arrows,15,5,0.0,0.0,20.0,7,0,8,1.5,27.0
5935,1997,15.0,nurburgring,True,0.0,True,0.0,False,herbert,British,sauber,16,7,14.0,0.0,11.0,15,0,7,1.7000000000000028,33.0
5945,1997,15.0,nurburgring,True,0.0,True,0.0,False,nakano,Japanese,prost,17,17,2.0,0.0,18.0,20,0,6,2.1000000000000085,26.0
5947,1997,15.0,nurburgring,True,0.0,True,0.0,False,marques,Brazilian,minardi,18,19,0.0,0.0,26.0,0,0,11,2.700000000000003,21.0
5937,1997,15.0,nurburgring,True,0.0,True,0.0,False,morbidelli,Italian,sauber,19,9,0.0,0.0,23.0,15,0,7,2.9000000000000057,29.0
5938,1997,15.0,nurburgring,True,0.0,True,0.0,False,salo,Finnish,tyrrell,,Auto%#,,0.0,17.0,2,0,10,2.9000000000000057,30.0
5939,1997,15.0,nurburgring,True,0.0,True,0.0,False,verstappen,Dutch,tyrrell,21,11,0.0,0.0,,2,0,10,2.9000000000000057,25.0
5948,1997,15.0,nurburgring,True,0.0,True,0.0,False,katayama,Japanese,minardi,22,20,0.0,0.0,25.0,0,0,11,4.0,34.0
,,16.0,suzuka,False,0.0,False,,False,villeneuve,Canadian,williams,1,14,77.0,7.0,,112,8,1,0.0,26.0
5951,1997,16.0,suzuka,False,0.0,False,0.0,False,michael_schumacher,German,ferrari,2,1,68.0,4.0,2.0,86,4,2,0.0,28.0
5953,,16.0,suzuka,False,0.0,False,0.0,False,irvine,British,ferrari,3,3,18.0,0.0,8.0,86,4,2,0.4000000000000057,31.0
5954,1997,16.0,suzuka,False,0.0,False,0.0,False,hakkinen,Finnish,mclaren,4,4,14.0,0.0,10.0,44,2,4,0.4000000000000057,29.0
5958,1997,16.0,suzuka,False,0.0,False,0.0,False,berger,Austrian,benetton,,8,24.0,1.0,6.0,62,1,3,0.5,38.0
5952,1997,16.0,suzuka,False,0.0,False,0.0,False,,German,williams,6,2,35.0,1.0,,112,8,1,0.5,30.0
5955,1997,16.0,suzuka,False,0.0,False,0.0,,alesi,French,benetton,7,,34.0,0.0,4.0,62,1,3,0.6000000000000085,33.0
5956,1997,16.0,suzuka,False,0.0,False,0.0,False,herbert,Auto%#,sauber,8,6,14.0,0.0,11.0,15,0,7,0.8000000000000114,33.0
5957,1997,16.0,suzuka,False,0.0,False,0.0,False,fisichella,Italian,jordan,9,7,20.0,0.0,7.0,33,0,5,0.8000000000000114,24.0
5967,1997,16.0,suzuka,False,0.0,False,0.0,False,panis,French,prost,10,17,16.0,0.0,9.0,21,0,6,1.0,31.0
5960,1997,16.0,suzuka,False,,False,0.0,False,coulthard,British,mclaren,11,10,30.0,2.0,5.0,44,2,4,1.0,26.0
5970,1997,16.0,suzuka,False,0.0,False,0.0,False,barrichello,Brazilian,stewart,12,20,6.0,0.0,14.0,6,0,9,1.2000000000000028,25.0
5959,1997,16.0,suzuka,False,0.0,False,0.0,False,ralf_schumacher,German,jordan,13,9,13.0,0.0,12.0,33,0,5,1.3000000000000114,22.0
5971,,16.0,suzuka,False,0.0,False,0.0,False,magnussen,Danish,stewart,14,21,0.0,0.0,21.0,6,0,9,1.4000000000000057,24.0
5968,1997,16.0,suzuka,False,0.0,False,0.0,False,nakano,Japanese,prost,15,18,2.0,0.0,19.0,21,0,6,1.5,26.0
5962,,16.0,suzuka,False,0.0,False,0.0,False,diniz,Brazilian,arrows,16,12,2.0,0.0,17.0,9,0,8,1.8000000000000114,27.0
5961,1997,16.0,suzuka,False,0.0,False,0.0,False,,British,arrows,17,11,7.0,0.0,13.0,9,0,8,1.9000000000000057,37.0
5969,1997,16.0,suzuka,False,0.0,False,0.0,False,katayama,Japanese,minardi,19,19,0.0,0.0,25.0,0,0,11,2.9000000000000057,34.0
5965,1997,16.0,suzuka,False,0.0,False,0.0,False,marques,Brazilian,minardi,20,15,0.0,0.0,26.0,0,0,11,,21.0
5963,1997,16.0,suzuka,False,0.0,False,0.0,False,verstappen,Dutch,,21,Auto%#,0.0,0.0,22.0,2,0,10,4.200000000000003,25.0
5966,1997,16.0,suzuka,False,0.0,False,0.0,Auto%#,,Finnish,tyrrell,22,16,2.0,0.0,18.0,,0,10,4.400000000000006,30.0
5974,1997,17.0,jerez,True,,False,0.0,False,villeneuve,Canadian,williams,1,3,77.0,7.0,2.0,118,8,1,0.0,26.0
5989,1997,17.0,jerez,True,0.0,False,0.0,False,michael_schumacher,German,ferrari,2,18,78.0,5.0,1.0,100,5,2,0.0,28.0
5977,1997,17.0,jerez,,0.0,False,0.0,False,frentzen,German,williams,3,6,41.0,1.0,3.0,118,8,1,0.0,30.0
5990,1997,17.0,jerez,True,0.0,False,0.0,False,damon_hill,British,arrows,4,19,7.0,0.0,13.0,9,0,Auto%#,0.0,37.0
5972,1997,17.0,jerez,True,0.0,False,0.0,False,hakkinen,Finnish,mclaren,5,1,17.0,0.0,9.0,47,2,4,0.3000000000000113,29.0
5973,1997,17.0,jerez,True,0.0,False,0.0,False,coulthard,British,mclaren,6,2,30.0,2.0,5.0,47,2,4,0.4000000000000057,26.0
5976,1997,17.0,jerez,True,0.0,False,0.0,False,irvine,British,ferrari,7,5,22.0,0.0,7.0,100,5,2,0.5,31.0
5975,1997,17.0,jerez,True,0.0,False,0.0,False,berger,Austrian,benetton,8,4,24.0,1.0,6.0,64,1,3,0.6000000000000085,38.0
5978,1997,17.0,jerez,True,0.0,False,0.0,False,panis,French,prost,9,7,16.0,0.0,10.0,21,0,6,0.6000000000000085,31.0
5984,1997,17.0,jerez,True,0.0,False,0.0,,alesi,French,benetton,10,13,36.0,0.0,4.0,,1,3,0.9000000000000057,33.0
5980,1997,17.0,jerez,True,0.0,False,0.0,Auto%#,magnussen,Danish,stewart,11,9,0.0,0.0,21.0,6,0,9,1.1000000000000083,24.0
5992,1997,17.0,jerez,True,0.0,False,0.0,False,barrichello,,stewart,12,21,6.0,,14.0,6,0,9,1.1000000000000083,25.0
5993,1997,17.0,jerez,True,0.0,False,,False,diniz,Brazilian,arrows,13,22,2.0,0.0,17.0,9,0,8,1.1000000000000083,27.0
5979,1997,17.0,jerez,True,0.0,False,0.0,False,herbert,British,sauber,14,8,15.0,0.0,11.0,16,0,7,1.2000000000000028,33.0
5981,1997,,jerez,True,0.0,False,0.0,False,nakano,Japanese,prost,15,10,2.0,0.0,19.0,21,0,6,1.3000000000000114,26.0
5991,,,jerez,True,0.0,False,0.0,False,ralf_schumacher,German,jordan,16,20,13.0,0.0,12.0,33,0,5,1.6000000000000083,22.0
5982,1997,17.0,jerez,True,,False,0.0,False,fisichella,Italian,jordan,17,11,20.0,0.0,8.0,33,0,5,1.7000000000000028,24.0
5985,1997,17.0,jerez,True,0.0,False,0.0,False,fontana,Argentine,sauber,18,14,0.0,0.0,24.0,16,0,7,2.200000000000003,22.0
5988,1997,17.0,jerez,True,0.0,False,0.0,False,katayama,Japanese,minardi,19,17,0.0,0.0,25.0,0,0,11,2.300000000000012,34.0
5986,1997,17.0,jerez,True,0.0,False,0.0,False,marques,Brazilian,minardi,20,15,0.0,0.0,,0,0,11,2.800000000000012,21.0
5983,1997,17.0,jerez,True,0.0,False,0.0,False,salo,Finnish,tyrrell,21,12,2.0,0.0,18.0,2,0,10,3.1000000000000085,30.0
5987,1997,17.0,jerez,True,0.0,False,0.0,False,verstappen,Dutch,tyrrell,22,16,0.0,0.0,22.0,2,0,10,3.200000000000003,25.0
5994,1998,1.0,albert_park,True,0.0,False,0.0,False,hakkinen,Finnish,mclaren,1,1,0.0,0.0,0.0,0,0,0,0.0,29.0
5995,1998,1.0,albert_park,True,0.0,False,0.0,False,coulthard,British,mclaren,2,2,0.0,0.0,0.0,0,0,0,0.0999999999999943,26.0
6010,1998,1.0,albert_park,True,0.0,False,0.0,False,michael_schumacher,German,ferrari,3,,0.0,0.0,0.0,0,0,0,0.7999999999999972,29.0
5998,1998,1.0,albert_park,True,0.0,Auto%#,0.0,False,villeneuve,,williams,4,5,0.0,0.0,0.0,0,0,0,0.9000000000000057,26.0
5999,1998,1.0,albert_park,True,0.0,False,0.0,False,herbert,British,sauber,5,6,0.0,0.0,0.0,0,0,0,1.4000000000000057,33.0
5996,1998,1.0,albert_park,True,0.0,,0.0,False,frentzen,German,williams,6,3,0.0,0.0,,0,0,0,1.4000000000000057,30.0
6003,1998,1.0,albert_park,True,0.0,False,0.0,False,fisichella,Italian,benetton,7,10,0.0,0.0,0.0,0,0,0,1.7000000000000028,25.0
5997,1998,1.0,albert_park,True,0.0,False,0.0,False,irvine,British,,8,4,,0.0,0.0,0,0,0,1.7999999999999972,32.0
6012,1998,1.0,albert_park,True,0.0,False,0.0,False,ralf_schumacher,German,jordan,9,19,0.0,0.0,0.0,0,0,Auto%#,2.4000000000000057,22.0
6001,1998,1.0,albert_park,True,0.0,False,0.0,False,damon_hill,British,jordan,10,8,0.0,0.0,0.0,0,0,0,2.4000000000000057,37.0
6000,,1.0,albert_park,True,0.0,False,0.0,False,wurz,Austrian,benetton,11,7,0.0,0.0,0.0,0,0,0,2.700000000000003,24.0
6004,1998,1.0,albert_park,True,0.0,False,0.0,False,alesi,French,sauber,12,11,0.0,0.0,,0,0,0,3.200000000000003,33.0
6014,1998,1.0,,True,0.0,False,,False,takagi,,tyrrell,13,21,0.0,0.0,0.0,0,0,0,3.299999999999997,24.0
6015,1998,1.0,albert_park,True,0.0,False,0.0,False,barrichello,Brazilian,stewart,14,22,0.0,0.0,0.0,0,0,0,3.4000000000000057,25.0
6005,1998,1.0,albert_park,True,0.0,False,0.0,False,trulli,Italian,prost,15,12,0.0,0.0,0.0,0,0,0,3.700000000000003,23.0
6007,1998,1.0,albert_park,True,0.0,False,0.0,False,salo,Finnish,arrows,16,14,,0.0,0.0,0,0,0,3.9000000000000057,31.0
6008,1998,1.0,albert_park,True,0.0,False,0.0,False,tuero,Argentine,minardi,17,15,0.0,0.0,0.0,0,0,0,4.599999999999994,19.0
6013,1998,1.0,albert_park,True,0.0,False,0.0,False,magnussen,Danish,stewart,18,20,0.0,0.0,0.0,0,0,0,4.900000000000006,24.0
6006,1998,1.0,albert_park,True,0.0,False,0.0,False,,Brazilian,tyrrell,19,13,0.0,0.0,0.0,0,,0,5.099999999999994,29.0
6011,1998,1.0,albert_park,True,0.0,False,0.0,False,diniz,Brazilian,arrows,20,18,0.0,0.0,,0,0,0,5.099999999999994,27.0
6002,1998,1.0,albert_park,True,0.0,False,0.0,False,panis,French,prost,21,9,0.0,0.0,0.0,0,0,0,5.200000000000003,31.0
6009,1998,1.0,albert_park,True,0.0,False,0.0,False,nakano,Japanese,minardi,22,16,0.0,0.0,0.0,0,0,0,5.299999999999997,26.0
6016,1998,2.0,interlagos,False,,False,0.0,False,hakkinen,Finnish,mclaren,1,1,10.0,1.0,1.0,16,1,1,0.0,29.0
6017,1998,2.0,interlagos,False,0.0,False,0.0,False,coulthard,British,mclaren,2,2,6.0,0.0,2.0,16,1,1,,27.0
6020,1998,2.0,interlagos,False,0.0,False,0.0,False,frentzen,German,williams,,5,4.0,0.0,3.0,6,0,2,1.0,30.0
6018,1998,2.0,interlagos,False,0.0,False,0.0,False,michael_schumacher,German,ferrari,4,3,,0.0,0.0,3,0,3,1.2000000000000028,29.0
6019,1998,2.0,interlagos,False,0.0,False,,False,wurz,Auto%#,benetton,5,4,0.0,0.0,7.0,0,0,5,1.2000000000000028,24.0
6023,1998,2.0,interlagos,False,0.0,False,0.0,False,irvine,British,ferrari,6,8,3.0,0.0,4.0,3,0,3,1.3000000000000114,32.0
6021,1998,2.0,interlagos,False,0.0,False,0.0,False,fisichella,Italian,benetton,,6,0.0,0.0,0.0,0,0,5,1.6000000000000083,25.0
6037,1998,2.0,interlagos,False,0.0,False,0.0,False,ralf_schumacher,German,jordan,8,22,0.0,0.0,0.0,0,0,6,1.6000000000000083,22.0
6028,1998,2.0,interlagos,False,0.0,False,0.0,False,panis,French,prost,,13,0.0,0.0,9.0,0,0,7,1.7000000000000028,31.0
6022,1998,2.0,interlagos,False,0.0,False,0.0,False,villeneuve,,williams,10,7,2.0,0.0,5.0,6,0,2,1.7000000000000028,26.0
6027,1998,2.0,interlagos,False,0.0,False,0.0,False,damon_hill,British,jordan,11,12,0.0,0.0,8.0,0,0,6,1.9000000000000057,37.0
6035,1998,2.0,interlagos,False,0.0,False,0.0,False,trulli,Italian,prost,12,20,0.0,0.0,0.0,0,0,7,2.0,23.0
6029,1998,2.0,interlagos,False,0.0,,0.0,False,barrichello,Brazilian,stewart,13,14,0.0,0.0,0.0,0,0,0,2.200000000000003,25.0
6026,1998,2.0,interlagos,False,0.0,False,0.0,False,herbert,British,sauber,14,11,1.0,0.0,6.0,1,0,4,2.300000000000012,33.0
6024,1998,2.0,interlagos,False,0.0,False,0.0,False,alesi,French,sauber,15,,0.0,0.0,0.0,1,0,4,,33.0
6025,1998,2.0,interlagos,,0.0,False,0.0,,magnussen,Danish,stewart,16,,0.0,0.0,0.0,0,0,0,2.5,24.0
6033,1998,2.0,interlagos,False,0.0,False,0.0,False,takagi,Japanese,tyrrell,17,18,0.0,0.0,0.0,0,0,0,3.1000000000000085,24.0
6036,1998,2.0,interlagos,False,0.0,False,0.0,False,nakano,Japanese,minardi,18,21,0.0,0.0,0.0,0,0,0,3.300000000000012,26.0
6031,1998,2.0,interlagos,False,0.0,False,0.0,False,tuero,Argentine,minardi,19,16,0.0,0.0,0.0,0,0,0,3.4000000000000057,19.0
6034,1998,2.0,interlagos,False,0.0,Auto%#,0.0,False,salo,Finnish,arrows,20,19,,0.0,0.0,0,0,0,3.4000000000000057,31.0
6030,1998,2.0,interlagos,False,0.0,Auto%#,0.0,False,rosset,Brazilian,Auto%#,21,15,0.0,0.0,0.0,0,0,Auto%#,3.6000000000000085,29.0
6032,1998,2.0,interlagos,False,0.0,False,,False,diniz,Brazilian,arrows,Auto%#,17,0.0,0.0,0.0,0,0,0,3.700000000000003,27.0
6043,1998,3.0,,False,0.0,False,,,coulthard,British,mclaren,1,6,12.0,0.0,2.0,32,2,1,0.0,27.0
6038,1998,3.0,galvez,False,0.0,False,0.0,True,michael_schumacher,Auto%#,ferrari,2,1,4.0,0.0,4.0,7,0,3,0.3999999999999915,29.0
6039,1998,3.0,Auto%#,False,0.0,Auto%#,0.0,True,hakkinen,Finnish,mclaren,3,2,20.0,2.0,1.0,32,2,1,0.6999999999999886,29.0
6040,1998,3.0,galvez,False,0.0,False,0.0,True,irvine,British,ferrari,4,3,3.0,0.0,6.0,7,0,3,0.8999999999999915,32.0
6056,1998,3.0,galvez,False,0.0,False,0.0,True,ralf_schumacher,German,jordan,5,19,0.0,0.0,0.0,0,0,6,0.8999999999999915,22.0
6046,1998,3.0,galvez,False,,False,0.0,True,frentzen,German,williams,6,Auto%#,6.0,0.0,3.0,8,0,2,1.0,30.0
6054,1998,,galvez,False,0.0,False,0.0,True,villeneuve,Canadian,williams,7,17,2.0,0.0,7.0,8,0,2,1.0,27.0
6041,1998,3.0,galvez,False,0.0,False,0.0,True,wurz,Austrian,Auto%#,8,4,3.0,0.0,5.0,4,0,4,1.2999999999999972,24.0
6045,1998,3.0,galvez,False,0.0,False,0.0,True,damon_hill,British,jordan,9,8,0.0,0.0,,0,0,6,1.5999999999999943,37.0
,1998,3.0,galvez,False,0.0,False,0.0,True,fisichella,Italian,benetton,10,7,1.0,0.0,9.0,4,0,4,1.8999999999999917,25.0
6042,1998,3.0,Auto%#,False,0.0,False,0.0,True,alesi,French,sauber,11,5,0.0,0.0,11.0,1,0,5,1.8999999999999917,33.0
6055,1998,3.0,galvez,False,0.0,False,,True,herbert,British,sauber,12,18,1.0,0.0,8.0,1,0,5,2.0999999999999943,33.0
6049,1998,3.0,galvez,False,0.0,False,0.0,True,takagi,Japanese,tyrrell,13,,0.0,0.0,0.0,0,0,0,2.8999999999999915,24.0
6047,1998,3.0,galvez,False,0.0,False,0.0,True,barrichello,Brazilian,stewart,14,10,0.0,0.0,0.0,0,0,8,3.299999999999997,25.0
6052,1998,3.0,galvez,False,0.0,False,0.0,True,panis,French,prost,15,15,0.0,0.0,12.0,0,0,7,3.3999999999999915,31.0
6048,1998,3.0,galvez,False,0.0,False,0.0,True,trulli,Italian,prost,16,11,0.0,0.0,0.0,0,0,7,3.5,23.0
6057,1998,3.0,galvez,False,0.0,False,0.0,True,salo,Finnish,arrows,17,20,0.0,0.0,0.0,0,0,0,3.6999999999999886,31.0
6059,1998,3.0,,False,0.0,Auto%#,0.0,,diniz,Brazilian,,18,22,0.0,0.0,0.0,0,0,0,4.099999999999994,27.0
6050,1998,3.0,galvez,False,0.0,False,0.0,True,nakano,Japanese,minardi,19,13,0.0,0.0,0.0,0,0,0,4.199999999999989,27.0
6053,1998,3.0,galvez,False,0.0,False,0.0,True,tuero,Argentine,minardi,20,16,0.0,0.0,0.0,0,0,0,4.299999999999997,19.0
6051,1998,3.0,,False,0.0,False,0.0,True,rosset,Brazilian,tyrrell,21,14,0.0,0.0,0.0,0,0,0,4.5,29.0
6058,1998,3.0,galvez,False,0.0,False,0.0,True,magnussen,Danish,stewart,22,21,0.0,0.0,13.0,0,0,8,5.299999999999997,24.0
6060,1998,4.0,imola,False,0.0,False,0.0,False,coulthard,British,mclaren,1,1,13.0,0.0,3.0,39,2,1,0.0,27.0
6076,1998,4.0,imola,False,0.0,False,0.0,False,hakkinen,Finnish,Auto%#,2,17,26.0,2.0,1.0,39,2,1,0.0999999999999943,29.0
6061,1998,4.0,imola,False,0.0,False,0.0,False,michael_schumacher,German,ferrari,3,2,14.0,1.0,2.0,21,1,2,0.4000000000000057,
6062,1998,4.0,imola,False,0.0,False,0.0,False,irvine,British,ferrari,4,3,7.0,0.0,4.0,21,1,2,1.2000000000000028,32.0
6078,1998,4.0,imola,False,0.0,False,0.0,False,wurz,Austrian,benetton,5,19,6.0,0.0,6.0,7,0,4,1.2999999999999972,24.0
6063,1998,4.0,imola,False,,False,0.0,False,villeneuve,Canadian,williams,6,4,2.0,0.0,7.0,8,0,3,,27.0
6069,1998,4.0,imola,False,0.0,False,0.0,False,damon_hill,British,jordan,7,10,0.0,0.0,11.0,0,0,6,1.5999999999999943,37.0
6064,1998,4.0,,False,0.0,False,0.0,False,frentzen,German,williams,8,5,6.0,0.0,5.0,8,0,3,1.5999999999999943,30.0
,1998,4.0,imola,False,0.0,False,0.0,False,ralf_schumacher,Auto%#,jordan,9,7,0.0,0.0,0.0,0,0,6,1.9000000000000057,22.0
6077,1998,4.0,imola,False,,False,0.0,False,fisichella,Italian,benetton,10,18,1.0,0.0,9.0,7,0,4,1.9000000000000057,25.0
6079,1998,,Auto%#,False,0.0,False,0.0,False,herbert,British,sauber,,20,1.0,0.0,10.0,3,0,5,2.0999999999999943,33.0
6065,1998,4.0,Auto%#,False,0.0,False,0.0,False,alesi,,sauber,12,6,2.0,0.0,8.0,3,0,,2.200000000000003,33.0
6070,1998,4.0,imola,False,0.0,False,,False,panis,French,prost,13,11,0.0,0.0,12.0,0,0,,2.299999999999997,31.0
6068,1998,4.0,imola,False,0.0,False,0.0,False,salo,Finnish,arrows,14,9,0.0,0.0,0.0,0,0,0,2.799999999999997,31.0
6072,1998,4.0,imola,False,0.0,False,0.0,False,takagi,Japanese,tyrrell,15,13,0.0,0.0,16.0,0,0,9,3.0999999999999943,24.0
6073,1998,,imola,False,0.0,False,0.0,False,,Italian,prost,16,14,0.0,0.0,15.0,0,0,7,3.5999999999999943,23.0
6081,1998,4.0,imola,False,0.0,False,0.0,False,barrichello,Brazilian,stewart,17,22,0.0,0.0,13.0,0,0,8,3.5999999999999943,25.0
6075,1998,4.0,imola,False,0.0,False,0.0,False,diniz,Brazilian,arrows,18,16,0.0,0.0,0.0,0,0,0,3.9000000000000057,27.0
6067,1998,4.0,imola,False,0.0,False,0.0,False,tuero,Argentine,minardi,19,8,0.0,0.0,0.0,0,0,10,4.599999999999994,20.0
6080,1998,4.0,imola,False,0.0,False,0.0,False,magnussen,Danish,stewart,20,21,0.0,0.0,14.0,0,0,8,5.0,24.0
6074,1998,,imola,False,0.0,False,0.0,False,nakano,Japanese,minardi,21,15,0.0,0.0,17.0,0,0,10,5.299999999999997,27.0
6071,1998,4.0,imola,False,0.0,False,0.0,False,rosset,Brazilian,tyrrell,Auto%#,12,0.0,0.0,18.0,0,0,9,5.5,29.0
6082,1998,5.0,catalunya,True,,False,0.0,,hakkinen,Finnish,mclaren,1,1,26.0,2.0,1.0,49,3,1,0.0,29.0
6083,1998,5.0,catalunya,True,0.0,False,0.0,False,coulthard,British,mclaren,2,2,23.0,1.0,2.0,49,3,1,0.7000000000000028,27.0
6084,1998,5.0,catalunya,True,0.0,False,0.0,False,michael_schumacher,German,ferrari,3,3,20.0,1.0,3.0,31,1,2,1.5,29.0
,1998,5.0,catalunya,True,0.0,False,0.0,False,fisichella,Italian,benetton,4,Auto%#,1.0,0.0,9.0,7,0,4,1.6000000000000083,25.0
6085,1998,5.0,catalunya,True,0.0,False,0.0,False,wurz,Austrian,benetton,5,4,6.0,0.0,6.0,7,0,4,1.7000000000000028,24.0
6099,1998,5.0,catalunya,True,0.0,False,0.0,False,irvine,British,ferrari,6,18,11.0,0.0,4.0,31,1,2,2.0,32.0
6088,1998,5.0,catalunya,True,0.0,False,0.0,False,herbert,British,sauber,7,7,1.0,0.0,10.0,4,0,5,2.5,33.0
6098,1998,5.0,catalunya,True,0.0,False,0.0,False,damon_hill,British,jordan,8,17,0.0,0.0,12.0,0,0,6,2.5,37.0
,1998,5.0,catalunya,True,0.0,Auto%#,0.0,,barrichello,Brazilian,,9,5,0.0,0.0,16.0,0,0,10,2.6000000000000085,25.0
6087,1998,5.0,catalunya,True,0.0,False,0.0,False,villeneuve,Canadian,williams,,6,5.0,0.0,,13,0,3,2.6000000000000085,27.0
6092,1998,5.0,catalunya,True,0.0,False,0.0,False,ralf_schumacher,German,jordan,11,11,0.0,0.0,11.0,0,0,6,2.6000000000000085,22.0
6097,1998,5.0,catalunya,True,0.0,False,0.0,False,,French,prost,12,16,0.0,0.0,14.0,0,0,Auto%#,2.700000000000003,31.0
6089,1998,5.0,catalunya,True,0.0,False,0.0,False,frentzen,German,williams,13,8,8.0,0.0,,13,0,3,2.9000000000000057,30.0
6091,1998,5.0,catalunya,True,0.0,False,0.0,False,alesi,Auto%#,sauber,14,10,3.0,0.0,8.0,4,0,5,3.0,33.0
6102,1998,5.0,catalunya,True,0.0,False,0.0,False,diniz,Brazilian,arrows,15,21,0.0,0.0,0.0,0,0,9,3.4000000000000057,27.0
6090,1998,5.0,catalunya,True,0.0,False,,,trulli,Italian,prost,16,9,0.0,0.0,18.0,0,0,8,3.4000000000000057,23.0
6101,1998,5.0,catalunya,True,0.0,False,0.0,False,salo,Finnish,arrows,17,20,0.0,0.0,15.0,0,0,9,3.6000000000000085,31.0
6093,1998,5.0,catalunya,True,0.0,False,0.0,False,magnussen,Danish,stewart,18,12,0.0,0.0,,0,0,10,3.799999999999997,24.0
6096,,5.0,catalunya,True,0.0,False,0.0,False,tuero,Argentine,minardi,19,15,0.0,0.0,13.0,0,0,7,4.0,20.0
6095,1998,5.0,catalunya,True,0.0,False,,False,nakano,Japanese,minardi,20,Auto%#,0.0,,20.0,0,0,7,4.200000000000003,27.0
6094,1998,5.0,catalunya,True,0.0,,0.0,False,takagi,Japanese,tyrrell,21,13,0.0,0.0,19.0,0,0,11,4.400000000000006,24.0
6103,1998,6.0,monaco,,0.0,False,0.0,False,hakkinen,Finnish,mclaren,1,1,36.0,3.0,1.0,65,4,1,0.0,
6120,1998,6.0,monaco,True,0.0,False,0.0,False,,British,mclaren,2,18,29.0,1.0,2.0,65,4,1,0.2999999999999971,27.0
6104,1998,6.0,monaco,True,0.0,False,0.0,Auto%#,fisichella,Italian,benetton,3,2,1.0,0.0,11.0,10,0,,0.6000000000000085,25.0
6112,1998,,monaco,True,0.0,False,0.0,False,michael_schumacher,German,ferrari,4,10,24.0,,3.0,35,1,Auto%#,0.9000000000000057,29.0
6122,,6.0,monaco,True,0.0,False,0.0,False,frentzen,German,williams,5,20,8.0,0.0,6.0,14,0,3,0.9000000000000057,31.0
6118,1998,6.0,monaco,True,0.0,False,0.0,False,wurz,Austrian,benetton,6,16,9.0,0.0,5.0,10,0,4,1.2000000000000028,24.0
6105,1998,6.0,monaco,True,0.0,False,0.0,False,irvine,British,ferrari,7,3,11.0,0.0,4.0,35,1,2,1.9000000000000057,32.0
,1998,6.0,monaco,True,0.0,False,,False,salo,Finnish,arrows,8,4,0.0,0.0,17.0,0,0,10,,31.0
6109,1998,6.0,monaco,True,0.0,False,0.0,False,herbert,British,,9,7,1.0,0.0,10.0,4,,5,2.4000000000000057,33.0
6115,1998,6.0,monaco,True,0.0,False,0.0,False,trulli,Italian,prost,10,13,0.0,0.0,16.0,0,0,9,2.4000000000000057,23.0
6114,1998,6.0,monaco,True,0.0,False,0.0,False,alesi,French,sauber,11,12,3.0,0.0,8.0,4,0,5,2.5,33.0
6108,1998,6.0,monaco,True,0.0,False,0.0,False,diniz,Brazilian,arrows,12,6,0.0,0.0,0.0,0,0,10,2.6000000000000085,28.0
6107,1998,6.0,monaco,True,0.0,False,0.0,False,villeneuve,Canadian,williams,13,5,6.0,0.0,7.0,14,0,3,2.700000000000003,27.0
6121,1998,6.0,monaco,True,0.0,False,0.0,False,barrichello,Brazilian,stewart,14,19,2.0,0.0,9.0,2,,6,2.700000000000003,26.0
6110,1998,6.0,monaco,True,0.0,False,0.0,False,damon_hill,British,jordan,15,8,0.0,0.0,13.0,0,0,7,3.4000000000000057,37.0
6117,,6.0,monaco,True,0.0,False,0.0,False,ralf_schumacher,German,jordan,,15,0.0,0.0,12.0,0,0,7,3.5,22.0
6119,1998,6.0,monaco,True,0.0,False,0.0,False,magnussen,Danish,stewart,17,17,0.0,0.0,18.0,2,0,6,3.6000000000000085,24.0
6116,1998,6.0,monaco,True,0.0,False,0.0,False,panis,,prost,18,Auto%#,0.0,0.0,15.0,0,0,,3.700000000000003,31.0
6111,1998,6.0,monaco,True,,False,,False,nakano,Japanese,minardi,19,9,0.0,0.0,20.0,0,0,8,4.200000000000003,27.0
6113,1998,6.0,monaco,True,0.0,False,0.0,False,takagi,Japanese,tyrrell,20,Auto%#,0.0,0.0,19.0,0,0,11,4.200000000000003,24.0
6123,1998,6.0,monaco,True,0.0,False,0.0,False,tuero,Argentine,minardi,21,21,0.0,0.0,14.0,0,0,8,4.200000000000003,20.0
6138,1998,7.0,villeneuve,False,1.0,False,0.0,True,coulthard,British,mclaren,1,15,29.0,1.0,2.0,75,5,1,0.0,27.0
6141,1998,7.0,villeneuve,False,1.0,False,0.0,True,hakkinen,Finnish,mclaren,2,18,46.0,4.0,1.0,75,5,1,0.0999999999999943,29.0
6124,1998,7.0,villeneuve,False,1.0,False,0.0,True,michael_schumacher,German,ferrari,3,1,24.0,1.0,3.0,39,1,Auto%#,0.2999999999999971,29.0
6125,,7.0,villeneuve,False,1.0,False,0.0,True,fisichella,Italian,benetton,4,2,7.0,0.0,8.0,,0,3,0.5999999999999943,25.0
6142,1998,7.0,villeneuve,False,1.0,False,0.0,True,ralf_schumacher,German,jordan,5,19,0.0,0.0,14.0,0,0,8,1.0,22.0
6133,1998,7.0,villeneuve,False,1.0,False,0.0,True,villeneuve,Canadian,williams,6,10,8.0,0.0,7.0,16,0,4,1.3999999999999917,27.0
6137,1998,7.0,villeneuve,False,,False,0.0,True,frentzen,German,williams,7,14,8.0,,6.0,16,0,4,1.3999999999999917,31.0
6126,1998,7.0,villeneuve,False,,False,0.0,True,irvine,British,ferrari,8,3,15.0,0.0,4.0,39,1,2,1.3999999999999917,32.0
6143,1998,7.0,villeneuve,False,1.0,False,0.0,True,alesi,French,sauber,9,20,3.0,0.0,10.0,4,0,6,1.5,33.0
6135,1998,7.0,villeneuve,False,1.0,False,0.0,True,damon_hill,British,jordan,10,12,0.0,,15.0,0,0,,1.5,37.0
6127,1998,7.0,villeneuve,False,1.0,Auto%#,0.0,True,wurz,Austrian,benetton,11,4,9.0,0.0,5.0,16,0,3,,24.0
6139,1998,7.0,villeneuve,False,1.0,False,0.0,True,herbert,British,sauber,12,16,,0.0,12.0,4,0,6,1.5999999999999943,33.0
6128,1998,7.0,villeneuve,,1.0,False,,True,barrichello,Brazilian,stewart,13,5,2.0,0.0,,2,0,7,1.7999999999999972,26.0
6144,1998,7.0,villeneuve,False,1.0,False,0.0,True,trulli,Italian,prost,14,Auto%#,0.0,0.0,18.0,0,0,10,2.0,23.0
6136,1998,7.0,villeneuve,False,1.0,False,0.0,True,panis,French,prost,15,13,0.0,0.0,17.0,0,0,10,2.0999999999999943,31.0
6145,1998,7.0,villeneuve,False,1.0,False,0.0,True,takagi,Japanese,tyrrell,16,22,0.0,0.0,21.0,0,0,11,2.0999999999999943,24.0
6140,1998,7.0,villeneuve,False,1.0,False,0.0,True,salo,Finnish,arrows,17,17,3.0,0.0,9.0,4,0,5,2.299999999999997,31.0
6130,1998,7.0,villeneuve,False,1.0,False,0.0,True,nakano,Japanese,minardi,18,7,0.0,,19.0,0,0,9,3.0,27.0
6132,1998,7.0,villeneuve,False,1.0,False,0.0,True,,Brazilian,arrows,19,9,1.0,0.0,13.0,4,0,5,3.0999999999999943,28.0
6129,1998,7.0,villeneuve,False,1.0,False,0.0,True,magnussen,Danish,stewart,20,6,0.0,0.0,20.0,2,0,7,3.3999999999999915,24.0
6134,1998,,villeneuve,False,1.0,False,0.0,True,tuero,Argentine,minardi,21,11,0.0,0.0,16.0,0,0,9,3.5999999999999943,20.0
6131,1998,7.0,villeneuve,False,1.0,False,0.0,True,rosset,Brazilian,tyrrell,22,8,0.0,0.0,22.0,0,0,11,3.5999999999999943,29.0
6148,1998,8.0,magny_cours,True,0.0,False,0.0,False,hakkinen,Finnish,mclaren,1,3,46.0,4.0,1.0,,5,1,0.0,29.0
6146,1998,8.0,magny_cours,True,0.0,False,0.0,False,michael_schumacher,German,ferrari,2,1,34.0,2.0,2.0,53,,2,0.2999999999999971,29.0
6151,1998,8.0,magny_cours,True,0.0,False,0.0,False,coulthard,British,mclaren,3,6,29.0,1.0,3.0,75,5,1,0.3999999999999915,27.0
6147,1998,,magny_cours,True,0.0,False,0.0,False,irvine,Auto%#,ferrari,,2,19.0,0.0,4.0,53,2,2,0.5999999999999943,32.0
6149,1998,8.0,,True,0.0,False,0.0,False,villeneuve,Canadian,williams,5,4,8.0,0.0,8.0,16,0,4,0.6999999999999886,27.0
6161,1998,8.0,magny_cours,True,0.0,False,0.0,False,ralf_schumacher,German,jordan,6,16,0.0,0.0,16.0,0,0,8,1.0,22.0
6166,1998,8.0,magny_cours,True,0.0,False,0.0,False,damon_hill,British,jordan,7,21,0.0,0.0,17.0,0,0,8,1.2999999999999972,37.0
6160,1998,8.0,magny_cours,True,0.0,False,0.0,False,frentzen,German,williams,8,15,8.0,0.0,7.0,,0,4,1.3999999999999917,31.0
6154,1998,8.0,magny_cours,True,0.0,False,0.0,False,fisichella,Italian,Auto%#,9,9,13.0,0.0,5.0,25,0,3,1.5,25.0
6150,1998,8.0,magny_cours,True,0.0,False,0.0,False,wurz,Austrian,benetton,10,5,12.0,0.0,6.0,25,0,3,1.5999999999999943,24.0
6152,1998,8.0,magny_cours,True,0.0,False,0.0,False,alesi,French,sauber,11,7,3.0,0.0,11.0,4,0,7,1.6999999999999886,34.0
6164,1998,8.0,magny_cours,True,0.0,False,0.0,False,trulli,Italian,prost,12,19,0.0,0.0,21.0,0,0,11,2.0,23.0
6153,1998,8.0,magny_cours,True,0.0,False,0.0,False,herbert,British,sauber,13,8,1.0,0.0,12.0,4,0,7,2.0999999999999943,34.0
6155,1998,8.0,magny_cours,True,0.0,False,0.0,False,barrichello,Brazilian,stewart,14,10,4.0,0.0,9.0,5,0,5,2.0999999999999943,26.0
6157,1998,8.0,magny_cours,,0.0,False,0.0,False,verstappen,Dutch,stewart,15,12,0.0,0.0,0.0,5,0,5,2.6999999999999886,26.0
6156,1998,8.0,magny_cours,True,,False,0.0,False,panis,French,prost,16,11,0.0,0.0,20.0,0,0,11,2.799999999999997,31.0
6159,1998,8.0,magny_cours,True,0.0,False,0.0,False,diniz,Brazilian,arrows,17,14,1.0,0.0,13.0,4,0,6,3.0,28.0
6167,1998,8.0,magny_cours,True,0.0,False,0.0,False,rosset,Brazilian,,18,22,0.0,0.0,18.0,0,0,10,3.0,29.0
6158,1998,8.0,magny_cours,True,0.0,False,0.0,False,salo,Finnish,arrows,19,13,3.0,0.0,10.0,4,0,6,3.0999999999999943,31.0
6163,1998,8.0,magny_cours,True,0.0,Auto%#,0.0,False,takagi,Japanese,tyrrell,,18,0.0,0.0,22.0,0,0,10,3.299999999999997,24.0
6162,1998,8.0,magny_cours,True,0.0,False,0.0,False,nakano,Japanese,minardi,21,17,0.0,0.0,15.0,0,0,9,3.3999999999999915,27.0
6165,1998,8.0,magny_cours,True,0.0,False,,False,tuero,Argentine,minardi,22,20,0.0,0.0,19.0,0,0,9,4.199999999999989,20.0
6169,1998,9.0,silverstone,False,0.0,False,1.0,False,hakkinen,Finnish,mclaren,1,2,50.0,4.0,1.0,80,5,1,0.0,29.0
6168,1998,9.0,silverstone,False,,False,1.0,False,michael_schumacher,German,ferrari,2,1,44.0,,2.0,69,3,2,0.4000000000000057,29.0
6174,1998,9.0,silverstone,False,0.0,False,1.0,False,villeneuve,,williams,,7,11.0,0.0,7.0,,0,4,0.7999999999999972,27.0
6182,1998,9.0,silverstone,False,0.0,False,1.0,False,coulthard,British,mclaren,4,15,30.0,1.0,3.0,80,5,1,1.0,27.0
6170,1998,9.0,silverstone,False,0.0,False,1.0,False,irvine,British,ferrari,5,3,25.0,0.0,4.0,69,3,2,1.1000000000000083,32.0
6188,1998,9.0,silverstone,False,0.0,False,1.0,False,frentzen,German,williams,6,Auto%#,8.0,,8.0,19,0,4,1.1000000000000083,31.0
,1998,9.0,silverstone,False,0.0,False,1.0,False,damon_hill,British,jordan,7,22,0.0,0.0,17.0,0,0,8,1.2000000000000028,37.0
6177,1998,9.0,silverstone,False,0.0,False,1.0,False,alesi,French,sauber,8,10,3.0,0.0,11.0,4,0,7,1.7999999999999972,34.0
6186,1998,9.0,silverstone,False,0.0,False,1.0,False,herbert,British,,9,19,1.0,0.0,12.0,4,0,7,1.7999999999999972,34.0
6172,1998,9.0,silverstone,False,0.0,False,1.0,False,fisichella,Italian,benetton,10,5,13.0,0.0,,27,0,3,2.4000000000000057,25.0
6171,1998,9.0,silverstone,False,0.0,False,1.0,False,wurz,Austrian,benetton,11,4,14.0,0.0,5.0,27,0,3,2.5,24.0
6178,1998,9.0,silverstone,False,0.0,False,1.0,False,diniz,,arrows,,11,1.0,0.0,13.0,4,0,6,3.1000000000000085,28.0
6187,1998,9.0,silverstone,False,0.0,False,1.0,False,salo,Finnish,arrows,13,20,3.0,0.0,10.0,4,0,6,3.200000000000003,31.0
6183,1998,9.0,silverstone,False,0.0,False,1.0,False,trulli,Italian,prost,14,Auto%#,0.0,0.0,21.0,0,0,11,3.5,23.0
6181,1998,9.0,silverstone,False,0.0,False,1.0,,verstappen,Dutch,stewart,Auto%#,14,0.0,0.0,23.0,5,0,5,3.6000000000000085,26.0
6180,1998,9.0,silverstone,,0.0,False,1.0,False,barrichello,Brazilian,stewart,16,13,,0.0,9.0,5,0,5,3.700000000000003,26.0
6176,1998,9.0,silverstone,False,0.0,False,1.0,False,takagi,Japanese,tyrrell,17,9,0.0,0.0,22.0,0,0,10,3.799999999999997,24.0
6185,1998,9.0,silverstone,False,0.0,False,1.0,False,tuero,Argentine,minardi,18,18,0.0,0.0,19.0,0,0,9,4.799999999999997,20.0
6175,,9.0,silverstone,False,0.0,False,1.0,False,nakano,Japanese,minardi,19,8,0.0,0.0,15.0,0,0,9,4.799999999999997,
6184,1998,9.0,silverstone,False,0.0,False,1.0,False,rosset,,tyrrell,20,17,0.0,0.0,18.0,0,0,10,5.299999999999997,29.0
6204,1998,10.0,osterreichring,True,0.0,False,0.0,False,fisichella,Italian,benetton,1,15,15.0,0.0,6.0,32,0,3,0.0,25.0
6205,1998,,osterreichring,True,0.0,False,0.0,False,alesi,French,sauber,2,16,3.0,0.0,11.0,4,0,7,0.7000000000000028,34.0
6190,1998,10.0,osterreichring,True,0.0,False,0.0,False,hakkinen,Finnish,mclaren,3,1,56.0,4.0,1.0,86,5,1,0.9000000000000057,29.0
6192,1998,10.0,osterreichring,True,0.0,False,0.0,False,,German,ferrari,4,3,54.0,4.0,2.0,83,4,,1.0,29.0
6207,1998,10.0,osterreichring,True,0.0,False,0.0,False,barrichello,Brazilian,stewart,5,18,,0.0,9.0,5,0,5,1.4000000000000057,26.0
6209,1998,10.0,osterreichring,True,0.0,False,0.0,False,salo,Auto%#,arrows,6,20,3.0,0.0,10.0,4,0,6,1.4000000000000057,31.0
6206,1998,10.0,Auto%#,True,0.0,False,0.0,False,frentzen,German,williams,7,17,8.0,0.0,,19,0,4,1.9000000000000057,31.0
6193,1998,10.0,osterreichring,True,0.0,False,0.0,False,irvine,British,ferrari,8,4,29.0,0.0,,83,4,2,,32.0
6194,1998,10.0,osterreichring,True,0.0,False,0.0,False,ralf_schumacher,German,jordan,Auto%#,5,1.0,0.0,13.0,1,0,8,2.300000000000012,23.0
6210,1998,,osterreichring,True,0.0,False,0.0,False,panis,French,prost,10,21,0.0,0.0,20.0,0,0,11,2.5,31.0
6195,1998,10.0,osterreichring,True,0.0,False,0.0,False,villeneuve,Canadian,williams,11,6,11.0,0.0,7.0,19,0,4,2.5,27.0
6202,1998,10.0,osterreichring,True,0.0,False,0.0,False,verstappen,Dutch,stewart,12,13,0.0,0.0,23.0,5,0,5,2.5,26.0
6208,1998,10.0,osterreichring,True,0.0,False,,False,diniz,,arrows,13,19,1.0,0.0,,4,0,6,2.6000000000000085,28.0
6191,1998,10.0,osterreichring,True,0.0,False,0.0,False,coulthard,British,mclaren,14,2,30.0,1.0,3.0,86,5,1,2.800000000000012,27.0
6196,1998,10.0,osterreichring,True,0.0,False,0.0,False,,,jordan,15,7,0.0,0.0,17.0,1,0,8,3.1000000000000085,37.0
6199,1998,10.0,osterreichring,True,0.0,False,,False,trulli,Italian,prost,16,10,0.0,0.0,,0,0,,3.300000000000012,24.0
6198,1998,10.0,osterreichring,True,0.0,False,0.0,False,wurz,Austrian,benetton,17,9,17.0,0.0,5.0,32,0,3,3.6000000000000085,24.0
6197,1998,10.0,osterreichring,True,0.0,False,0.0,False,herbert,British,sauber,18,8,1.0,0.0,12.0,4,0,7,3.6000000000000085,34.0
6203,1998,10.0,osterreichring,True,0.0,,0.0,False,tuero,Argentine,minardi,19,14,0.0,0.0,19.0,0,0,9,3.8000000000000114,20.0
6211,1998,10.0,osterreichring,True,0.0,False,0.0,False,takagi,Japanese,tyrrell,20,22,0.0,0.0,21.0,0,0,10,4.5,24.0
6200,1998,10.0,osterreichring,True,0.0,False,0.0,False,nakano,Japanese,minardi,21,11,0.0,0.0,16.0,0,0,9,4.900000000000006,27.0
6201,1998,10.0,osterreichring,True,0.0,False,0.0,False,rosset,Brazilian,tyrrell,22,12,0.0,0.0,18.0,0,0,10,5.300000000000011,29.0
6212,1998,11.0,hockenheimring,False,0.0,True,0.0,True,hakkinen,Finnish,mclaren,,1,66.0,5.0,1.0,102,6,1,0.0,29.0
6213,1998,11.0,hockenheimring,False,0.0,True,0.0,True,coulthard,British,mclaren,2,2,36.0,1.0,3.0,102,6,1,0.5,27.0
6214,1998,11.0,,False,0.0,True,0.0,,villeneuve,Canadian,williams,3,3,12.0,0.0,7.0,20,0,4,0.6000000000000085,27.0
6217,1998,11.0,hockenheimring,False,0.0,True,0.0,,ralf_schumacher,German,jordan,4,6,3.0,0.0,12.0,3,0,8,1.2000000000000028,23.0
6215,1998,,hockenheimring,False,0.0,True,0.0,True,damon_hill,British,jordan,5,4,0.0,0.0,16.0,3,0,8,1.4000000000000057,37.0
6219,1998,11.0,hockenheimring,False,0.0,True,0.0,True,irvine,British,ferrari,6,8,32.0,0.0,4.0,90,4,2,1.5,32.0
,1998,11.0,hockenheimring,False,0.0,True,0.0,True,wurz,Austrian,,7,11,17.0,0.0,5.0,32,0,3,1.5,24.0
6218,1998,11.0,hockenheimring,False,0.0,True,0.0,True,fisichella,Italian,benetton,8,7,15.0,0.0,6.0,32,0,3,1.6000000000000083,25.0
6216,1998,11.0,hockenheimring,False,0.0,True,0.0,True,michael_schumacher,German,ferrari,9,5,58.0,4.0,2.0,90,4,2,1.7000000000000028,29.0
6220,1998,11.0,hockenheimring,False,0.0,True,0.0,True,frentzen,German,williams,10,9,8.0,0.0,8.0,20,0,4,1.7000000000000028,31.0
6221,,11.0,hockenheimring,False,0.0,True,0.0,,alesi,French,sauber,Auto%#,10,3.0,0.0,11.0,4,0,7,1.9000000000000057,34.0
6228,1998,11.0,hockenheimring,False,0.0,True,0.0,True,herbert,British,Auto%#,12,17,1.0,0.0,13.0,4,0,7,2.799999999999997,34.0
6230,1998,11.0,hockenheimring,False,0.0,True,0.0,True,barrichello,Brazilian,stewart,13,19,4.0,0.0,9.0,5,0,5,3.0,26.0
6223,1998,11.0,hockenheimring,False,0.0,True,0.0,True,trulli,Italian,prost,14,12,0.0,0.0,20.0,0,0,11,3.0,24.0
6224,1998,11.0,hockenheimring,False,0.0,True,0.0,True,takagi,Japanese,tyrrell,15,13,0.0,0.0,,0,0,10,3.200000000000003,24.0
6226,1998,11.0,hockenheimring,False,0.0,True,0.0,True,,French,prost,16,15,0.0,0.0,21.0,0,0,11,3.4000000000000057,31.0
6225,1998,11.0,hockenheimring,False,0.0,True,0.0,True,salo,Finnish,arrows,17,14,3.0,0.0,10.0,4,0,6,3.5,31.0
6232,1998,11.0,hockenheimring,False,0.0,True,0.0,True,diniz,Brazilian,arrows,18,21,1.0,0.0,14.0,4,0,6,3.799999999999997,28.0
6231,1998,11.0,hockenheimring,False,0.0,True,0.0,Auto%#,verstappen,Dutch,stewart,,20,0.0,0.0,23.0,5,0,5,3.799999999999997,26.0
6229,1998,11.0,hockenheimring,False,0.0,,0.0,True,nakano,Japanese,minardi,20,18,0.0,0.0,17.0,0,0,9,4.900000000000006,27.0
6227,1998,11.0,hockenheimring,False,0.0,True,0.0,True,tuero,Argentine,minardi,21,16,,0.0,19.0,0,0,9,5.5,20.0
6238,1998,12.0,hungaroring,False,0.0,False,0.0,False,hakkinen,Finnish,mclaren,Auto%#,6,,6.0,1.0,118,7,1,0.0,29.0
6234,1998,12.0,hungaroring,,0.0,False,0.0,False,coulthard,British,mclaren,2,2,42.0,1.0,3.0,118,7,1,0.0999999999999943,27.0
6233,1998,12.0,hungaroring,False,0.0,Auto%#,0.0,False,michael_schumacher,German,ferrari,3,1,60.0,4.0,2.0,92,4,2,0.4000000000000057,29.0
6236,1998,12.0,hungaroring,False,0.0,False,0.0,False,damon_hill,British,jordan,4,4,3.0,0.0,11.0,7,0,5,1.2000000000000028,37.0
6252,1998,12.0,hungaroring,False,0.0,False,0.0,False,irvine,British,ferrari,5,20,32.0,0.0,4.0,92,4,2,1.2999999999999972,32.0
6235,1998,12.0,hungaroring,False,0.0,False,0.0,False,villeneuve,Canadian,williams,6,3,16.0,,6.0,24,0,4,1.2999999999999972,27.0
6237,1998,12.0,hungaroring,False,0.0,False,0.0,False,frentzen,German,williams,7,5,8.0,0.0,8.0,24,0,4,2.0,31.0
6240,1998,,hungaroring,False,0.0,False,,False,fisichella,Italian,benetton,,8,15.0,0.0,7.0,32,,3,2.0999999999999943,25.0
6248,,12.0,hungaroring,False,0.0,False,,False,wurz,Austrian,benetton,9,16,17.0,0.0,5.0,32,0,3,2.0999999999999943,24.0
6241,1998,12.0,hungaroring,False,0.0,False,0.0,False,ralf_schumacher,German,jordan,10,9,4.0,0.0,10.0,7,0,5,2.200000000000003,23.0
6239,1998,12.0,hungaroring,False,0.0,False,0.0,False,alesi,French,sauber,11,7,3.0,0.0,13.0,4,0,8,2.200000000000003,34.0
6243,1998,12.0,hungaroring,False,0.0,False,0.0,False,diniz,Brazilian,arrows,12,11,1.0,0.0,,4,0,7,2.700000000000003,28.0
6251,1998,12.0,hungaroring,False,0.0,False,0.0,False,salo,Finnish,arrows,13,19,3.0,0.0,12.0,4,0,7,2.700000000000003,
6249,1998,12.0,hungaroring,False,0.0,False,0.0,False,barrichello,Brazilian,stewart,14,17,4.0,0.0,9.0,5,0,6,2.9000000000000057,26.0
6242,1998,12.0,hungaroring,False,,False,0.0,False,herbert,British,sauber,15,10,1.0,0.0,14.0,4,0,8,2.9000000000000057,34.0
6250,1998,12.0,hungaroring,False,0.0,False,0.0,False,trulli,Italian,prost,16,18,0.0,0.0,20.0,0,0,11,3.0,24.0
6245,1998,12.0,hungaroring,False,0.0,False,0.0,False,verstappen,Dutch,stewart,17,13,0.0,0.0,23.0,5,0,Auto%#,3.200000000000003,26.0
6246,1998,12.0,hungaroring,False,0.0,False,0.0,False,takagi,Japanese,tyrrell,18,14,0.0,0.0,22.0,0,0,10,3.4000000000000057,24.0
6247,1998,12.0,hungaroring,False,0.0,False,0.0,False,nakano,Japanese,minardi,19,Auto%#,0.0,0.0,17.0,0,0,9,3.5999999999999943,27.0
6244,1998,12.0,hungaroring,False,0.0,False,0.0,False,panis,French,prost,20,12,0.0,0.0,21.0,0,0,11,3.700000000000003,31.0
6253,1998,12.0,hungaroring,False,0.0,False,0.0,False,tuero,Argentine,minardi,21,21,0.0,0.0,19.0,0,0,9,4.700000000000003,20.0
6269,1998,13.0,spa,False,1.0,False,1.0,False,hakkinen,Finnish,mclaren,1,Auto%#,77.0,6.0,1.0,125,7,1,0.0,29.0
6260,1998,13.0,spa,False,1.0,False,,False,coulthard,British,mclaren,2,7,48.0,1.0,,125,7,1,0.0999999999999943,27.0
6254,1998,13.0,spa,False,1.0,False,1.0,False,damon_hill,British,jordan,,1,6.0,0.0,9.0,10,0,5,1.0,37.0
6263,1998,13.0,spa,False,1.0,False,1.0,False,michael_schumacher,German,ferrari,4,10,70.0,5.0,2.0,,5,2,1.2999999999999972,29.0
6264,1998,13.0,spa,,1.0,False,1.0,False,irvine,British,ferrari,5,11,32.0,0.0,4.0,102,5,2,1.5,32.0
6266,1998,13.0,spa,False,,False,1.0,False,villeneuve,,williams,6,13,20.0,0.0,,30,0,4,1.5,27.0
6262,1998,13.0,spa,False,1.0,False,1.0,False,fisichella,,benetton,7,9,15.0,0.0,7.0,32,0,3,1.7999999999999972,25.0
6255,1998,13.0,spa,False,1.0,False,1.0,False,ralf_schumacher,German,jordan,8,,4.0,0.0,11.0,10,0,Auto%#,1.7999999999999972,23.0
6257,1998,13.0,,False,1.0,False,1.0,,frentzen,German,williams,9,4,10.0,0.0,8.0,30,0,4,2.0,31.0
6256,1998,13.0,spa,False,1.0,False,1.0,False,alesi,French,sauber,10,3,3.0,0.0,13.0,4,,8,2.5,34.0
6270,1998,13.0,,False,,False,1.0,False,wurz,Austrian,,11,17,17.0,0.0,6.0,32,0,3,2.8999999999999915,24.0
6271,1998,13.0,spa,False,1.0,False,1.0,Auto%#,herbert,British,sauber,12,18,1.0,0.0,14.0,4,,8,3.200000000000003,34.0
6259,1998,13.0,spa,False,1.0,False,1.0,False,trulli,,prost,13,6,0.0,0.0,20.0,0,0,11,3.899999999999992,24.0
6273,1998,13.0,spa,False,1.0,False,1.0,False,panis,French,prost,14,20,0.0,0.0,,0,0,11,4.0,31.0
6272,1998,13.0,Auto%#,False,1.0,False,1.0,False,barrichello,Brazilian,stewart,15,19,4.0,0.0,10.0,5,0,6,4.099999999999994,
6258,1998,13.0,spa,False,1.0,False,1.0,False,diniz,Brazilian,arrows,Auto%#,5,1.0,0.0,15.0,,0,7,4.299999999999997,28.0
6268,1998,13.0,spa,False,1.0,False,1.0,False,verstappen,Dutch,stewart,17,15,0.0,0.0,23.0,5,0,6,4.399999999999992,26.0
6274,1998,13.0,spa,False,1.0,False,1.0,False,salo,Finnish,arrows,18,21,3.0,0.0,,4,0,7,4.5,31.0
6267,1998,13.0,spa,False,1.0,False,1.0,False,takagi,Auto%#,tyrrell,19,14,0.0,0.0,22.0,0,0,10,4.5,24.0
6275,1998,13.0,spa,False,1.0,False,1.0,False,rosset,Brazilian,,20,22,0.0,0.0,18.0,0,0,10,6.099999999999994,30.0
6261,1998,13.0,spa,False,1.0,False,1.0,False,nakano,Japanese,minardi,21,8,0.0,0.0,17.0,0,0,9,6.399999999999992,27.0
,1998,13.0,spa,False,1.0,,1.0,False,tuero,Argentine,minardi,22,12,0.0,0.0,19.0,0,0,9,6.799999999999997,20.0
6276,1998,14.0,monza,True,0.0,False,0.0,False,michael_schumacher,German,ferrari,1,1,70.0,5.0,2.0,102,5,2,0.0,29.0
6290,1998,14.0,monza,True,0.0,False,0.0,False,villeneuve,Canadian,williams,2,15,20.0,0.0,5.0,33,0,3,0.2999999999999971,27.0
6279,1998,14.0,monza,True,0.0,False,0.0,False,hakkinen,,mclaren,3,4,77.0,6.0,1.0,125,7,1,0.4000000000000057,29.0
6293,1998,14.0,monza,True,0.0,False,0.0,False,coulthard,British,mclaren,4,18,48.0,1.0,3.0,125,7,Auto%#,0.7000000000000028,27.0
6277,1998,14.0,monza,True,0.0,False,,False,irvine,,Auto%#,5,2,32.0,0.0,4.0,102,5,,0.9000000000000057,32.0
6278,1998,14.0,monza,True,0.0,False,0.0,False,ralf_schumacher,German,jordan,6,3,10.0,0.0,10.0,26,1,5,1.0,23.0
6292,1998,14.0,monza,True,0.0,False,0.0,False,wurz,Austrian,benetton,7,17,17.0,0.0,6.0,32,0,4,1.2999999999999972,24.0
6280,1998,14.0,monza,True,0.0,False,0.0,False,alesi,French,sauber,8,5,7.0,0.0,11.0,8,0,6,1.2999999999999972,34.0
6294,1998,14.0,monza,True,0.0,False,0.0,False,panis,French,prost,9,19,0.0,0.0,21.0,1,0,9,1.4000000000000057,32.0
6288,1998,14.0,monza,True,0.0,False,0.0,False,trulli,Italian,prost,10,13,1.0,0.0,16.0,1,0,9,1.5,24.0
6283,1998,14.0,monza,True,0.0,False,,False,fisichella,Italian,benetton,11,Auto%#,15.0,0.0,8.0,32,0,4,1.5,25.0
6282,1998,14.0,monza,True,0.0,False,0.0,False,frentzen,German,williams,12,7,13.0,0.0,,33,0,3,1.5,31.0
6285,1998,14.0,,True,0.0,,0.0,False,barrichello,Brazilian,stewart,13,10,4.0,0.0,12.0,5,0,8,1.9000000000000057,26.0
6281,1998,14.0,monza,True,0.0,False,0.0,False,damon_hill,British,jordan,14,6,16.0,1.0,7.0,26,1,5,2.1000000000000085,37.0
6296,1998,14.0,,,0.0,False,0.0,False,herbert,British,sauber,15,21,1.0,0.0,15.0,8,0,6,2.200000000000003,34.0
6291,1998,14.0,,True,0.0,False,0.0,False,salo,Finnish,arrows,16,16,3.0,0.0,13.0,6,0,7,2.4000000000000057,31.0
6289,1998,14.0,monza,True,0.0,False,0.0,False,verstappen,Dutch,stewart,17,14,0.0,0.0,23.0,5,0,8,2.9000000000000057,26.0
6287,1998,14.0,monza,True,0.0,False,0.0,False,rosset,Brazilian,tyrrell,18,12,0.0,0.0,19.0,0,0,11,3.0,30.0
6284,1998,14.0,monza,True,0.0,False,0.0,False,takagi,Auto%#,tyrrell,19,9,0.0,0.0,,0,0,11,3.0,24.0
6297,1998,14.0,monza,True,0.0,False,,False,diniz,Brazilian,arrows,20,22,3.0,0.0,14.0,6,0,7,3.1000000000000085,28.0
6295,1998,14.0,monza,True,0.0,False,0.0,False,nakano,Japanese,minardi,21,20,0.0,0.0,18.0,0,,10,3.799999999999997,27.0
6286,1998,14.0,monza,True,0.0,False,0.0,False,tuero,Argentine,minardi,22,11,0.0,0.0,20.0,0,0,10,4.1000000000000085,20.0
6299,1998,15.0,nurburgring,False,0.0,,0.0,False,michael_schumacher,German,ferrari,1,2,80.0,6.0,2.0,118,6,2,0.0,29.0
6301,1998,15.0,nurburgring,False,0.0,True,0.0,False,irvine,British,ferrari,2,4,38.0,0.0,4.0,118,6,2,0.3000000000000113,32.0
6298,1998,15.0,nurburgring,False,0.0,True,0.0,False,hakkinen,Finnish,mclaren,,1,80.0,6.0,,128,7,1,0.3000000000000113,29.0
6303,1998,15.0,nurburgring,False,0.0,True,0.0,False,fisichella,,benetton,4,6,15.0,0.0,8.0,32,0,4,0.4000000000000057,25.0
6300,1998,15.0,nurburgring,False,0.0,True,,False,coulthard,British,mclaren,5,3,48.0,,3.0,128,7,1,0.6000000000000085,27.0
6315,1998,15.0,nurburgring,False,0.0,True,0.0,False,ralf_schumacher,German,jordan,6,18,14.0,0.0,9.0,31,1,5,0.9000000000000057,23.0
6302,1998,15.0,nurburgring,False,0.0,True,0.0,False,frentzen,German,williams,7,5,13.0,0.0,10.0,33,0,3,0.9000000000000057,
6304,1998,15.0,nurburgring,False,0.0,,0.0,False,wurz,Austrian,benetton,8,7,17.0,0.0,7.0,32,0,4,1.0,24.0
6305,1998,15.0,nurburgring,False,0.0,True,0.0,False,villeneuve,,williams,9,8,20.0,0.0,5.0,33,0,3,1.0,27.0
6306,1998,15.0,nurburgring,False,0.0,True,0.0,False,damon_hill,British,jordan,10,9,17.0,1.0,6.0,31,1,5,1.2000000000000028,38.0
6307,1998,15.0,nurburgring,False,0.0,True,0.0,False,alesi,French,sauber,11,10,9.0,0.0,11.0,10,0,6,1.9000000000000057,34.0
6308,1998,15.0,nurburgring,False,0.0,True,0.0,False,barrichello,Brazilian,stewart,12,11,4.0,0.0,12.0,5,0,8,1.9000000000000057,26.0
6316,1998,15.0,nurburgring,False,0.0,True,0.0,False,herbert,British,sauber,13,19,1.0,0.0,15.0,10,0,6,2.1000000000000085,34.0
6318,1998,15.0,nurburgring,False,0.0,True,0.0,False,trulli,Italian,prost,14,21,1.0,0.0,16.0,1,0,9,2.1000000000000085,24.0
6309,1998,15.0,nurburgring,False,0.0,True,0.0,False,panis,French,prost,15,12,0.0,0.0,22.0,1,0,9,2.4000000000000057,32.0
6311,1998,15.0,nurburgring,False,0.0,True,0.0,False,salo,Finnish,arrows,16,14,3.0,0.0,13.0,6,0,7,2.5,31.0
6319,1998,15.0,nurburgring,False,0.0,True,0.0,False,diniz,Brazilian,arrows,17,22,3.0,0.0,14.0,6,0,7,2.700000000000003,28.0
6310,1998,15.0,nurburgring,False,0.0,True,0.0,,verstappen,Dutch,stewart,18,13,0.0,0.0,23.0,5,0,8,2.9000000000000057,26.0
6313,1998,15.0,nurburgring,False,0.0,True,0.0,False,takagi,Japanese,tyrrell,19,16,0.0,0.0,,0,0,11,2.9000000000000057,24.0
6312,1998,15.0,nurburgring,False,0.0,True,0.0,False,nakano,Japanese,minardi,20,15,0.0,0.0,18.0,0,0,10,3.5,27.0
6314,1998,15.0,nurburgring,False,0.0,True,0.0,False,tuero,Argentine,minardi,21,17,,0.0,19.0,0,0,10,3.5,20.0
6317,1998,15.0,nurburgring,False,0.0,True,0.0,False,rosset,Brazilian,tyrrell,22,20,0.0,0.0,20.0,0,0,11,4.200000000000003,30.0
6333,,16.0,suzuka,True,0.0,False,0.0,False,michael_schumacher,Auto%#,ferrari,1,14,86.0,6.0,2.0,,6,2,0.0,29.0
6320,1998,16.0,suzuka,True,0.0,False,0.0,False,hakkinen,Finnish,,,1,90.0,,1.0,142,8,1,0.2000000000000028,30.0
6322,1998,16.0,suzuka,True,,False,0.0,False,coulthard,British,mclaren,3,3,52.0,1.0,3.0,142,8,Auto%#,1.2000000000000028,27.0
6321,1998,16.0,suzuka,True,0.0,False,0.0,,irvine,,ferrari,4,2,41.0,0.0,4.0,127,6,2,1.9000000000000057,32.0
6324,1998,16.0,suzuka,True,0.0,,0.0,False,frentzen,German,williams,5,5,15.0,0.0,9.0,35,0,3,2.0,31.0
6325,1998,16.0,suzuka,True,0.0,False,0.0,False,villeneuve,Canadian,williams,6,6,20.0,0.0,5.0,35,0,3,2.1000000000000085,27.0
6339,1998,16.0,suzuka,True,0.0,False,0.0,False,ralf_schumacher,German,jordan,7,20,14.0,0.0,10.0,31,1,5,2.200000000000003,23.0
6323,1998,16.0,suzuka,True,0.0,False,0.0,False,damon_hill,British,jordan,8,4,17.0,1.0,6.0,31,1,5,2.299999999999997,38.0
6328,1998,16.0,suzuka,True,0.0,False,0.0,False,wurz,Austrian,benetton,9,9,17.0,0.0,7.0,33,0,4,2.700000000000003,24.0
6327,1998,16.0,suzuka,,0.0,False,0.0,False,fisichella,Italian,benetton,10,8,16.0,0.0,8.0,33,0,4,2.799999999999997,25.0
6329,1998,16.0,suzuka,True,0.0,False,0.0,False,herbert,British,sauber,11,10,1.0,,15.0,10,0,6,2.9000000000000057,34.0
6326,1998,,suzuka,True,0.0,False,0.0,False,alesi,French,sauber,12,7,9.0,0.0,11.0,10,0,6,3.1000000000000085,
6330,1998,16.0,suzuka,True,0.0,False,0.0,False,panis,French,prost,13,11,0.0,0.0,22.0,1,0,9,3.700000000000003,32.0
6331,1998,16.0,suzuka,True,0.0,False,0.0,False,trulli,Italian,prost,14,12,1.0,0.0,16.0,1,0,9,3.799999999999997,24.0
6338,1998,16.0,suzuka,True,0.0,False,0.0,False,salo,Finnish,arrows,15,19,3.0,0.0,13.0,6,0,7,4.1000000000000085,31.0
6336,1998,16.0,suzuka,True,0.0,False,0.0,Auto%#,barrichello,Brazilian,stewart,16,17,4.0,0.0,12.0,5,0,8,4.200000000000003,26.0
6334,1998,16.0,suzuka,True,0.0,False,0.0,False,takagi,Japanese,tyrrell,17,15,0.0,0.0,21.0,0,0,11,4.299999999999997,24.0
6340,1998,16.0,suzuka,True,0.0,False,0.0,False,diniz,Brazilian,arrows,18,21,3.0,0.0,14.0,6,0,7,4.400000000000006,28.0
6337,1998,16.0,suzuka,True,,False,0.0,False,verstappen,Dutch,stewart,19,18,0.0,0.0,23.0,5,0,8,4.6000000000000085,26.0
6332,1998,16.0,suzuka,True,0.0,False,0.0,False,nakano,Japanese,minardi,20,13,0.0,0.0,18.0,0,0,10,5.0,27.0
6335,1998,16.0,suzuka,True,0.0,False,0.0,False,tuero,Argentine,minardi,21,16,,0.0,19.0,0,0,10,6.1000000000000085,20.0
6356,1999,1.0,albert_park,True,0.0,True,0.0,False,hakkinen,Finnish,mclaren,1,16,0.0,0.0,0.0,0,0,0,0.0,30.0
6358,1999,1.0,albert_park,True,0.0,True,0.0,False,coulthard,British,mclaren,2,18,0.0,0.0,0.0,0,0,0,0.4000000000000057,27.0
6348,1999,1.0,albert_park,True,0.0,True,0.0,False,michael_schumacher,German,ferrari,Auto%#,8,0.0,0.0,0.0,0,0,0,1.2999999999999972,30.0
6345,1999,1.0,albert_park,,0.0,True,0.0,False,barrichello,Auto%#,stewart,4,5,0.0,0.0,0.0,0,0,,1.5999999999999943,26.0
6342,1999,1.0,albert_park,True,0.0,True,0.0,False,frentzen,German,jordan,5,2,0.0,0.0,0.0,0,0,0,1.7999999999999972,31.0
6341,1999,1.0,albert_park,True,0.0,,0.0,False,irvine,British,ferrari,6,1,0.0,0.0,0.0,0,0,0,1.7999999999999972,33.0
6344,,1.0,albert_park,True,0.0,True,0.0,Auto%#,fisichella,Italian,benetton,7,4,0.0,0.0,0.0,0,0,0,2.0,26.0
6343,1999,1.0,albert_park,True,0.0,True,0.0,False,ralf_schumacher,German,williams,8,3,0.0,0.0,0.0,0,0,0,2.200000000000003,23.0
6360,1999,1.0,albert_park,True,0.0,True,0.0,False,damon_hill,British,jordan,9,20,0.0,0.0,0.0,0,0,0,2.200000000000003,
6351,1999,1.0,albert_park,True,0.0,True,,False,wurz,Austrian,benetton,10,11,0.0,0.0,0.0,0,0,Auto%#,2.299999999999997,25.0
6359,1999,1.0,albert_park,True,0.0,True,0.0,False,villeneuve,Canadian,bar,11,19,0.0,0.0,0.0,0,0,0,2.4000000000000057,27.0
6354,1999,1.0,,True,0.0,True,0.0,False,trulli,Italian,prost,12,14,0.0,0.0,0.0,0,0,0,2.5,24.0
6362,1999,1.0,albert_park,True,0.0,True,0.0,False,herbert,British,stewart,13,22,0.0,0.0,0.0,0,0,0,2.5,34.0
6352,1999,1.0,albert_park,True,0.0,True,0.0,False,diniz,Brazilian,sauber,14,12,0.0,0.0,0.0,0,0,0,2.9000000000000057,28.0
6357,1999,1.0,albert_park,True,0.0,True,0.0,False,zanardi,Italian,williams,15,17,0.0,0.0,0.0,0,0,0,3.0,32.0
6361,1999,1.0,albert_park,True,0.0,True,0.0,False,alesi,French,sauber,,21,,0.0,0.0,0,0,0,3.4000000000000057,34.0
6347,1999,1.0,albert_park,True,0.0,True,,False,takagi,Japanese,arrows,17,7,0.0,0.0,0.0,0,0,0,3.700000000000003,25.0
6346,1999,1.0,albert_park,,0.0,True,0.0,False,rosa,Spanish,arrows,18,6,0.0,0.0,0.0,0,0,0,3.700000000000003,28.0
6349,1999,1.0,albert_park,,0.0,True,0.0,False,zonta,Brazilian,bar,19,9,0.0,0.0,0.0,0,0,0,3.9000000000000057,22.0
6355,1999,1.0,albert_park,True,0.0,True,0.0,False,panis,French,prost,20,15,0.0,0.0,0.0,0,0,0,4.599999999999994,32.0
6350,1999,1.0,albert_park,True,0.0,True,0.0,False,badoer,Italian,minardi,21,10,,0.0,0.0,0,0,0,4.799999999999997,28.0
6353,1999,1.0,albert_park,True,0.0,True,0.0,False,gene,Spanish,minardi,22,13,0.0,0.0,0.0,0,0,0,6.5,24.0
6363,1999,2.0,interlagos,False,0.0,True,0.0,False,,Finnish,mclaren,1,1,0.0,0.0,0.0,0,0,0,0.0,30.0
6380,1999,2.0,interlagos,False,0.0,True,0.0,False,coulthard,British,mclaren,2,18,0.0,0.0,0.0,0,0,0,0.1000000000000085,28.0
6375,1999,2.0,interlagos,False,,True,0.0,False,barrichello,Brazilian,stewart,3,13,2.0,0.0,5.0,2,0,5,0.7000000000000028,26.0
6364,1999,2.0,interlagos,False,0.0,True,0.0,False,,German,ferrari,4,2,0.0,0.0,8.0,10,1,,1.0,30.0
6377,1999,2.0,interlagos,False,0.0,True,0.0,False,fisichella,Italian,benetton,5,15,3.0,0.0,4.0,3,0,4,1.2000000000000028,26.0
6367,1999,2.0,interlagos,False,0.0,True,0.0,False,irvine,British,ferrari,6,5,10.0,1.0,1.0,10,1,1,1.2000000000000028,33.0
,1999,2.0,interlagos,False,0.0,True,0.0,False,damon_hill,British,jordan,7,21,0.0,0.0,0.0,6,0,2,1.3000000000000114,38.0
6365,1999,2.0,interlagos,False,0.0,True,,False,frentzen,German,jordan,8,3,6.0,0.0,,6,0,2,1.3000000000000114,31.0
6369,1999,2.0,interlagos,False,0.0,True,0.0,False,,Austrian,benetton,9,,0.0,0.0,0.0,3,0,4,1.7000000000000028,25.0
6382,1999,2.0,,,0.0,True,0.0,False,herbert,British,stewart,10,20,0.0,0.0,0.0,2,0,5,1.8000000000000114,34.0
6366,1999,2.0,interlagos,False,0.0,True,0.0,False,ralf_schumacher,German,williams,Auto%#,4,4.0,0.0,3.0,4,0,3,1.9000000000000057,23.0
6368,1999,2.0,interlagos,False,0.0,True,0.0,False,panis,French,prost,12,6,0.0,0.0,0.0,0,0,0,2.0,32.0
6381,1999,2.0,interlagos,False,0.0,Auto%#,0.0,False,trulli,Italian,prost,13,19,0.0,0.0,0.0,0,0,0,2.1000000000000085,
6379,1999,2.0,interlagos,False,0.0,True,0.0,Auto%#,alesi,French,sauber,14,17,0.0,0.0,0.0,0,0,,2.1000000000000085,34.0
6376,1999,2.0,interlagos,False,0.0,True,0.0,False,,Brazilian,sauber,15,14,0.0,0.0,0.0,0,0,0,2.6000000000000085,28.0
6374,1999,2.0,interlagos,False,0.0,True,0.0,False,zanardi,Italian,williams,Auto%#,12,0.0,0.0,0.0,4,0,3,2.9000000000000057,32.0
6372,1999,2.0,interlagos,False,0.0,,0.0,False,rosa,Spanish,arrows,17,Auto%#,1.0,0.0,6.0,1,0,6,3.4000000000000057,28.0
6378,1999,2.0,interlagos,False,0.0,True,0.0,False,sarrazin,French,minardi,18,16,0.0,0.0,0.0,0,0,0,3.5,23.0
6370,1999,2.0,interlagos,False,0.0,True,0.0,Auto%#,takagi,Japanese,arrows,19,8,0.0,0.0,7.0,1,0,6,3.5,25.0
6371,1999,2.0,interlagos,False,0.0,True,0.0,False,gene,Spanish,minardi,20,9,0.0,0.0,0.0,0,0,0,4.1000000000000085,25.0
6401,1999,3.0,imola,False,0.0,False,0.0,False,hakkinen,Finnish,mclaren,1,18,10.0,1.0,2.0,10,1,2,0.0,30.0
6385,1999,3.0,imola,False,0.0,False,0.0,,coulthard,British,mclaren,2,Auto%#,0.0,0.0,0.0,10,1,2,0.0,28.0
6384,1999,3.0,imola,False,0.0,False,,False,michael_schumacher,German,ferrari,3,1,6.0,0.0,5.0,18,1,1,0.0999999999999943,30.0
6397,1999,3.0,imola,False,0.0,False,0.0,False,irvine,British,ferrari,4,14,12.0,1.0,1.0,18,1,1,0.5999999999999943,33.0
6405,,3.0,imola,False,0.0,False,0.0,False,trulli,Italian,prost,Auto%#,22,0.0,0.0,0.0,1,0,8,0.8999999999999915,24.0
6386,1999,3.0,imola,False,0.0,False,0.0,False,barrichello,Brazilian,stewart,6,3,2.0,0.0,7.0,2,0,6,1.0,26.0
6398,1999,3.0,imola,False,0.0,False,0.0,False,frentzen,German,jordan,7,15,10.0,0.0,3.0,10,0,3,1.1999999999999886,31.0
6387,1999,3.0,imola,False,0.0,False,0.0,False,damon_hill,British,jordan,8,4,0.0,0.0,0.0,10,0,3,1.2999999999999972,38.0
6400,1999,3.0,imola,False,0.0,False,0.0,False,ralf_schumacher,German,williams,9,17,7.0,0.0,4.0,7,0,4,1.3999999999999917,23.0
6394,1999,3.0,imola,False,0.0,False,0.0,False,zanardi,Italian,williams,10,11,0.0,0.0,0.0,7,0,4,,32.0
6396,1999,3.0,imola,False,0.0,False,0.0,False,panis,French,prost,11,13,1.0,0.0,9.0,1,0,8,1.7999999999999972,32.0
6393,1999,3.0,imola,False,0.0,False,0.0,False,herbert,British,stewart,12,10,0.0,0.0,0.0,2,0,6,1.7999999999999972,34.0
6389,1999,3.0,imola,False,0.0,False,0.0,False,alesi,French,sauber,13,6,0.0,0.0,0.0,0,0,0,1.8999999999999917,34.0
6404,1999,3.0,imola,False,,False,0.0,False,villeneuve,Canadian,bar,14,21,0.0,0.0,0.0,0,0,0,2.0,28.0
6395,,3.0,imola,False,0.0,False,0.0,False,diniz,Brazilian,,15,12,0.0,0.0,0.0,0,0,0,2.1999999999999886,28.0
6388,1999,3.0,imola,False,0.0,False,0.0,False,fisichella,,benetton,16,5,3.0,0.0,6.0,3,0,5,2.3999999999999915,26.0
6403,1999,3.0,imola,False,0.0,False,0.0,False,wurz,Austrian,benetton,17,20,0.0,0.0,11.0,3,0,5,2.3999999999999915,25.0
6402,1999,3.0,imola,False,0.0,False,0.0,False,rosa,Spanish,arrows,18,19,1.0,0.0,8.0,1,0,7,2.8999999999999915,28.0
6390,1999,3.0,imola,False,0.0,False,0.0,False,salo,Finnish,bar,19,7,0.0,0.0,0.0,0,0,0,3.0999999999999943,32.0
6399,1999,3.0,Auto%#,False,0.0,False,0.0,False,takagi,Japanese,arrows,20,16,0.0,0.0,10.0,1,0,,,25.0
6392,1999,3.0,imola,False,0.0,False,0.0,False,gene,Spanish,minardi,21,,0.0,0.0,12.0,0,0,9,3.5999999999999943,25.0
6391,1999,3.0,,False,0.0,False,0.0,,badoer,Italian,minardi,22,8,0.0,0.0,0.0,0,0,9,4.5,28.0
6408,1999,4.0,monaco,False,0.0,True,0.0,False,hakkinen,Finnish,mclaren,1,3,10.0,1.0,3.0,16,,2,0.0,30.0
6406,1999,4.0,monaco,False,0.0,True,0.0,False,michael_schumacher,German,ferrari,2,1,16.0,1.0,1.0,28,2,1,0.0999999999999943,30.0
6419,1999,4.0,monaco,False,0.0,True,0.0,False,coulthard,British,mclaren,3,14,6.0,0.0,6.0,16,1,2,0.5,28.0
6407,1999,4.0,monaco,False,0.0,True,0.0,False,irvine,British,ferrari,4,2,12.0,1.0,2.0,28,2,Auto%#,0.5,33.0
6414,1999,4.0,monaco,False,0.0,True,0.0,False,barrichello,Brazilian,stewart,5,9,6.0,0.0,7.0,6,0,5,1.0,26.0
6409,1999,4.0,monaco,False,0.0,True,0.0,False,frentzen,German,jordan,6,4,10.0,0.0,4.0,13,0,3,1.0999999999999943,31.0
6412,1999,4.0,monaco,False,0.0,True,0.0,Auto%#,trulli,Italian,prost,7,7,0.0,0.0,0.0,1,0,8,1.2999999999999972,24.0
6422,1999,4.0,monaco,False,0.0,True,0.0,False,villeneuve,Canadian,bar,8,17,0.0,0.0,0.0,0,0,10,1.2999999999999972,28.0
6410,1999,4.0,monaco,False,0.0,True,,False,fisichella,Italian,benetton,9,5,5.0,0.0,8.0,5,0,6,1.4000000000000057,26.0
6411,1999,4.0,monaco,False,0.0,True,0.0,False,wurz,Austrian,benetton,10,6,0.0,0.0,15.0,5,0,6,1.5,25.0
6413,1999,4.0,monaco,False,0.0,True,0.0,False,zanardi,Italian,williams,11,8,,0.0,19.0,7,0,4,1.7000000000000028,32.0
6420,,4.0,monaco,False,0.0,True,0.0,False,salo,Finnish,bar,12,15,0.0,0.0,14.0,0,0,10,1.7000000000000028,32.0
6423,1999,4.0,monaco,False,,True,0.0,False,herbert,British,stewart,,18,0.0,0.0,18.0,6,0,5,1.7000000000000028,34.0
6416,1999,4.0,monaco,False,0.0,True,0.0,False,alesi,French,sauber,14,11,1.0,0.0,10.0,1,0,9,1.9000000000000057,34.0
6417,1999,4.0,monaco,False,0.0,True,0.0,False,diniz,Brazilian,sauber,15,12,0.0,0.0,0.0,1,0,9,2.200000000000003,28.0
6415,1999,4.0,monaco,False,0.0,True,0.0,False,ralf_schumacher,German,williams,16,10,7.0,0.0,,7,0,4,,23.0
6427,1999,4.0,monaco,False,0.0,True,0.0,False,damon_hill,,jordan,17,22,3.0,0.0,9.0,13,0,3,2.299999999999997,38.0
6418,1999,4.0,monaco,False,0.0,True,,False,panis,French,prost,18,13,1.0,,12.0,1,0,8,2.4000000000000057,32.0
6421,1999,4.0,monaco,False,0.0,True,0.0,False,takagi,Japanese,arrows,19,16,0.0,0.0,13.0,1,0,7,2.799999999999997,
6426,1999,4.0,monaco,False,0.0,True,0.0,False,badoer,Italian,minardi,20,21,0.0,0.0,16.0,0,0,11,3.299999999999997,28.0
6424,1999,4.0,monaco,False,0.0,True,0.0,False,rosa,Spanish,arrows,Auto%#,19,1.0,0.0,11.0,1,0,7,3.799999999999997,28.0
,1999,4.0,,False,0.0,True,0.0,False,gene,Spanish,minardi,22,20,0.0,0.0,17.0,0,0,11,4.400000000000006,25.0
6428,1999,5.0,catalunya,False,0.0,True,0.0,False,hakkinen,Finnish,Auto%#,1,1,14.0,1.0,3.0,20,1,2,0.0,30.0
6431,1999,5.0,catalunya,False,0.0,True,0.0,False,irvine,British,ferrari,2,4,18.0,1.0,2.0,44,3,1,0.1000000000000085,33.0
6429,1999,5.0,catalunya,False,0.0,True,0.0,False,coulthard,British,mclaren,3,2,6.0,0.0,7.0,20,1,2,0.1000000000000085,
6430,1999,5.0,catalunya,False,0.0,True,0.0,False,michael_schumacher,German,ferrari,4,3,26.0,2.0,1.0,44,3,1,0.2000000000000028,30.0
6445,1999,5.0,catalunya,False,0.0,True,0.0,False,alesi,French,sauber,5,18,1.0,0.0,11.0,1,0,9,0.3000000000000113,34.0
6441,1999,5.0,catalunya,False,0.0,True,0.0,False,villeneuve,Canadian,bar,6,14,0.0,0.0,,0,0,10,0.6000000000000085,28.0
6449,1999,5.0,catalunya,False,0.0,True,0.0,False,barrichello,Brazilian,stewart,7,22,6.0,0.0,8.0,6,0,6,0.8000000000000114,27.0
6444,1999,5.0,catalunya,False,0.0,True,0.0,False,frentzen,German,jordan,8,17,13.0,0.0,4.0,16,0,3,0.8000000000000114,32.0
6433,1999,5.0,catalunya,False,0.0,True,0.0,False,trulli,Italian,prost,9,6,0.0,0.0,16.0,1,0,8,1.1000000000000083,24.0
6432,1999,5.0,catalunya,False,0.0,True,0.0,False,ralf_schumacher,German,williams,10,5,7.0,0.0,5.0,7,0,5,1.2000000000000028,23.0
6434,1999,5.0,catalunya,False,0.0,True,0.0,False,,British,jordan,11,7,3.0,0.0,9.0,16,0,3,,38.0
6442,1999,5.0,catalunya,False,0.0,True,0.0,False,diniz,Brazilian,sauber,12,15,0.0,0.0,0.0,1,0,9,1.2000000000000028,29.0
6436,,5.0,catalunya,False,0.0,True,0.0,False,fisichella,Italian,benetton,13,9,7.0,0.0,6.0,8,0,4,1.2000000000000028,26.0
6443,1999,5.0,catalunya,False,,True,0.0,False,herbert,British,stewart,14,16,0.0,0.0,20.0,6,0,6,1.4000000000000057,34.0
6447,1999,5.0,catalunya,False,0.0,True,0.0,False,panis,French,prost,15,20,1.0,0.0,13.0,1,0,8,1.5,32.0
6435,1999,5.0,catalunya,False,0.0,,0.0,False,salo,Finnish,bar,16,8,0.0,0.0,15.0,0,0,10,1.6000000000000083,32.0
6446,1999,5.0,catalunya,False,0.0,True,0.0,False,zanardi,Italian,williams,17,19,0.0,0.0,17.0,7,0,5,1.6000000000000083,32.0
6437,1999,5.0,catalunya,False,0.0,True,0.0,False,wurz,Austrian,benetton,18,10,1.0,0.0,10.0,8,0,4,1.7000000000000028,25.0
6438,1999,5.0,,False,0.0,True,0.0,False,rosa,Spanish,arrows,19,11,1.0,0.0,12.0,1,0,7,2.5,28.0
6439,1999,5.0,catalunya,False,0.0,True,0.0,False,takagi,Japanese,arrows,20,12,0.0,0.0,14.0,1,0,7,3.200000000000003,25.0
6448,1999,5.0,catalunya,False,,True,0.0,False,gene,Spanish,minardi,21,,0.0,,19.0,0,0,11,3.6000000000000085,25.0
6440,1999,5.0,catalunya,False,0.0,True,0.0,False,badoer,Italian,minardi,,13,0.0,0.0,18.0,0,0,11,3.700000000000003,28.0
6464,1999,6.0,villeneuve,True,0.0,False,0.0,False,michael_schumacher,German,ferrari,,15,30.0,2.0,1.0,51,3,,0.0,30.0
6450,1999,6.0,villeneuve,True,0.0,False,0.0,False,hakkinen,Finnish,mclaren,2,1,24.0,2.0,2.0,36,2,2,0.0,30.0
6452,1999,6.0,villeneuve,True,0.0,False,0.0,False,irvine,British,ferrari,3,3,21.0,1.0,3.0,51,3,1,0.1000000000000085,33.0
6456,1999,6.0,villeneuve,True,0.0,False,0.0,False,coulthard,British,mclaren,4,7,12.0,0.0,5.0,36,2,2,0.4000000000000057,28.0
6467,1999,6.0,villeneuve,True,0.0,False,0.0,False,barrichello,Brazilian,stewart,,18,6.0,0.0,8.0,6,0,6,0.6000000000000085,27.0
6460,1999,6.0,villeneuve,True,0.0,False,0.0,False,,German,jordan,6,11,13.0,0.0,4.0,16,0,3,0.9000000000000057,32.0
,1999,6.0,villeneuve,True,0.0,False,0.0,False,fisichella,Italian,benetton,7,2,7.0,0.0,7.0,8,0,5,1.1000000000000083,26.0
6469,1999,6.0,villeneuve,True,0.0,False,0.0,False,alesi,French,sauber,8,20,1.0,0.0,13.0,1,0,9,1.2000000000000028,35.0
6470,1999,6.0,villeneuve,True,0.0,False,0.0,False,trulli,Italian,prost,9,21,1.0,0.0,11.0,2,0,7,1.2999999999999972,24.0
6454,1999,6.0,villeneuve,True,0.0,False,0.0,False,herbert,British,stewart,10,5,0.0,0.0,20.0,6,0,6,1.5,34.0
6471,1999,6.0,villeneuve,True,0.0,False,0.0,False,wurz,Austrian,benetton,11,22,1.0,0.0,10.0,8,0,5,1.7000000000000028,25.0
6461,,6.0,villeneuve,True,0.0,False,0.0,False,zanardi,Italian,williams,12,12,0.0,0.0,17.0,9,0,4,1.7999999999999972,32.0
6453,1999,6.0,villeneuve,True,0.0,False,0.0,False,ralf_schumacher,German,williams,13,4,9.0,,6.0,9,0,4,1.7999999999999972,23.0
6466,1999,6.0,villeneuve,True,0.0,False,0.0,False,damon_hill,British,jordan,14,17,3.0,0.0,9.0,16,0,3,1.7999999999999972,38.0
6458,1999,6.0,villeneuve,True,0.0,False,0.0,False,panis,French,prost,15,9,1.0,0.0,14.0,2,0,7,2.0,32.0
6463,1999,6.0,villeneuve,True,0.0,False,0.0,False,villeneuve,Canadian,bar,16,14,0.0,0.0,0.0,0,0,10,2.0,28.0
6468,1999,6.0,villeneuve,True,0.0,,0.0,False,zonta,Brazilian,bar,17,19,0.0,0.0,0.0,0,0,10,2.200000000000003,23.0
6455,1999,6.0,villeneuve,True,0.0,,0.0,False,diniz,Brazilian,sauber,18,6,0.0,0.0,0.0,,0,9,2.299999999999997,29.0
6462,1999,6.0,villeneuve,True,0.0,False,0.0,False,takagi,Japanese,arrows,19,13,0.0,0.0,15.0,1,0,8,2.4000000000000057,25.0
6465,1999,6.0,villeneuve,,0.0,False,0.0,False,rosa,Spanish,arrows,20,16,1.0,0.0,12.0,1,0,8,3.299999999999997,28.0
6459,1999,6.0,villeneuve,True,0.0,False,0.0,False,badoer,Italian,,21,,0.0,0.0,18.0,0,0,11,3.5,28.0
6457,1999,6.0,villeneuve,True,0.0,False,0.0,False,gene,Spanish,minardi,22,8,0.0,0.0,19.0,0,0,11,4.1000000000000085,25.0
6474,1999,7.0,magny_cours,False,0.0,True,1.0,False,barrichello,Brazilian,stewart,1,3,6.0,0.0,8.0,8,0,6,0.0,
6489,1999,7.0,magny_cours,False,0.0,True,1.0,False,alesi,French,sauber,2,18,1.0,0.0,15.0,2,0,,0.5,35.0
6479,1999,7.0,magny_cours,False,0.0,True,1.0,False,panis,French,prost,3,8,1.0,0.0,13.0,2,0,7,2.0,32.0
6490,1999,7.0,magny_cours,False,0.0,True,1.0,False,coulthard,British,mclaren,4,19,12.0,0.0,6.0,46,3,2,2.0,28.0
6472,1999,7.0,magny_cours,False,0.0,True,1.0,False,frentzen,German,jordan,5,1,13.0,0.0,4.0,16,0,3,2.299999999999997,32.0
6476,1999,7.0,magny_cours,False,0.0,True,1.0,False,michael_schumacher,German,ferrari,6,,30.0,2.0,2.0,55,3,1,2.6999999999999886,30.0
6483,1999,7.0,magny_cours,False,0.0,True,1.0,False,,Italian,benetton,7,12,13.0,0.0,5.0,14,0,4,3.3999999999999915,26.0
6478,1999,7.0,magny_cours,False,0.0,True,1.0,False,trulli,Italian,prost,8,7,1.0,0.0,12.0,2,0,7,,24.0
6492,1999,7.0,magny_cours,False,0.0,True,1.0,False,herbert,British,stewart,9,21,2.0,0.0,10.0,8,0,6,3.799999999999997,35.0
6480,1999,7.0,magny_cours,False,0.0,True,1.0,False,zonta,Brazilian,bar,Auto%#,9,0.0,0.0,0.0,0,0,10,3.799999999999997,23.0
6491,1999,7.0,magny_cours,False,0.0,True,1.0,False,diniz,Brazilian,sauber,11,20,1.0,0.0,16.0,2,0,8,4.5,29.0
6486,1999,7.0,magny_cours,False,0.0,True,1.0,False,villeneuve,Auto%#,bar,12,15,0.0,0.0,0.0,0,0,10,5.299999999999997,28.0
6487,1999,7.0,magny_cours,False,0.0,True,1.0,False,wurz,Austrian,benetton,13,16,1.0,0.0,11.0,14,0,4,5.899999999999992,25.0
6473,1999,7.0,magny_cours,,0.0,True,1.0,Auto%#,hakkinen,Finnish,mclaren,14,2,34.0,3.0,1.0,46,3,2,6.0,30.0
6485,1999,,,False,0.0,True,1.0,False,zanardi,Italian,williams,15,14,0.0,0.0,21.0,12,0,5,6.5,32.0
6475,1999,7.0,magny_cours,False,0.0,True,1.0,False,ralf_schumacher,German,williams,16,4,12.0,0.0,7.0,12,0,5,6.799999999999997,23.0
6477,1999,7.0,,False,0.0,True,1.0,Auto%#,irvine,British,ferrari,17,6,25.0,,3.0,55,3,1,6.799999999999997,33.0
6484,1999,7.0,magny_cours,False,0.0,True,1.0,False,damon_hill,British,jordan,18,13,3.0,,9.0,16,0,3,6.899999999999992,38.0
6488,1999,7.0,magny_cours,False,0.0,True,1.0,False,gene,Spanish,minardi,19,17,0.0,0.0,19.0,0,0,11,9.799999999999995,25.0
6481,1999,7.0,magny_cours,False,0.0,True,1.0,False,badoer,Italian,minardi,20,10,0.0,0.0,20.0,0,0,11,9.899999999999991,28.0
6482,1999,7.0,magny_cours,False,0.0,True,1.0,False,rosa,Spanish,arrows,21,11,1.0,0.0,14.0,1,0,9,8.399999999999991,
,1999,7.0,magny_cours,False,0.0,True,1.0,False,takagi,Japanese,arrows,22,22,0.0,0.0,17.0,1,0,9,7.899999999999991,25.0
6511,1999,8.0,silverstone,False,0.0,True,0.0,False,hakkinen,Finnish,mclaren,1,Auto%#,40.0,3.0,1.0,52,3,2,0.0,30.0
6515,1999,8.0,silverstone,False,0.0,True,0.0,False,michael_schumacher,German,ferrari,,22,32.0,2.0,2.0,58,3,1,0.4000000000000057,30.0
6494,1999,8.0,silverstone,False,0.0,True,0.0,False,coulthard,British,mclaren,3,1,12.0,0.0,7.0,52,3,2,0.7999999999999972,28.0
6495,1999,8.0,silverstone,False,0.0,True,0.0,False,irvine,British,ferrari,4,2,26.0,1.0,3.0,58,3,1,0.9000000000000057,33.0
6497,1999,8.0,silverstone,False,0.0,True,0.0,False,frentzen,German,,5,4,23.0,,4.0,26,1,3,1.2000000000000028,32.0
6498,1999,8.0,silverstone,False,0.0,True,0.0,False,damon_hill,British,jordan,6,5,3.0,0.0,9.0,26,1,3,1.2999999999999972,38.0
6501,1999,8.0,silverstone,False,0.0,True,0.0,False,barrichello,Brazilian,stewart,7,8,10.0,0.0,8.0,12,0,6,1.4000000000000057,27.0
6496,1999,8.0,silverstone,False,,True,0.0,False,ralf_schumacher,German,williams,,3,15.0,0.0,5.0,15,0,4,1.6000000000000083,24.0
6512,1999,,silverstone,False,0.0,True,0.0,False,villeneuve,Auto%#,bar,9,19,0.0,0.0,0.0,0,0,10,1.9000000000000057,28.0
6507,1999,,silverstone,False,0.0,True,0.0,False,alesi,French,sauber,10,14,1.0,0.0,15.0,2,0,8,2.0,35.0
6505,1999,8.0,silverstone,False,0.0,True,0.0,False,herbert,British,stewart,11,12,2.0,0.0,10.0,12,0,6,2.1000000000000085,35.0
6499,1999,8.0,silverstone,False,0.0,True,0.0,False,diniz,Brazilian,sauber,12,6,1.0,0.0,16.0,2,0,8,2.4000000000000057,
6504,1999,8.0,silverstone,False,0.0,True,0.0,False,zanardi,Italian,williams,13,11,0.0,0.0,,15,0,4,2.4000000000000057,32.0
6502,1999,8.0,silverstone,False,0.0,True,0.0,False,trulli,Italian,prost,14,,1.0,0.0,,2,0,7,2.4000000000000057,24.0
6506,1999,8.0,silverstone,False,0.0,True,0.0,False,panis,French,prost,15,13,1.0,0.0,13.0,2,0,7,2.700000000000003,32.0
6510,1999,8.0,silverstone,False,0.0,True,0.0,False,zonta,Brazilian,bar,16,17,0.0,0.0,22.0,0,0,10,2.9000000000000057,23.0
6500,1999,8.0,silverstone,False,0.0,True,0.0,False,fisichella,,benetton,17,7,13.0,0.0,,14,0,5,3.1000000000000085,26.0
6503,1999,8.0,silverstone,False,0.0,True,0.0,False,wurz,Austrian,benetton,18,,1.0,0.0,12.0,14,0,5,3.200000000000003,25.0
6509,1999,8.0,silverstone,False,0.0,True,0.0,False,takagi,Japanese,arrows,19,16,0.0,,17.0,1,0,9,3.200000000000003,25.0
6514,1999,8.0,silverstone,False,0.0,True,,False,rosa,Spanish,arrows,20,21,1.0,0.0,14.0,1,0,9,3.299999999999997,28.0
6513,1999,8.0,silverstone,False,0.0,True,0.0,False,badoer,Italian,minardi,Auto%#,20,0.0,0.0,20.0,0,0,11,3.9000000000000057,28.0
6508,1999,8.0,silverstone,False,0.0,True,0.0,False,gene,Spanish,minardi,22,15,0.0,0.0,19.0,0,0,11,4.0,25.0
6518,1999,9.0,osterreichring,False,0.0,True,0.0,False,hakkinen,Finnish,mclaren,1,3,40.0,3.0,1.0,62,4,2,0.0,30.0
6517,1999,9.0,osterreichring,False,0.0,True,0.0,False,coulthard,,Auto%#,2,2,22.0,1.0,5.0,62,4,2,0.2000000000000028,28.0
6516,1999,9.0,osterreichring,False,0.0,True,0.0,False,irvine,British,ferrari,3,1,32.0,1.0,3.0,64,3,,1.0,33.0
6519,1999,9.0,osterreichring,False,0.0,True,0.0,False,frentzen,German,jordan,4,4,26.0,1.0,4.0,31,1,3,1.2999999999999972,32.0
6531,1999,9.0,osterreichring,,,True,0.0,False,barrichello,Auto%#,stewart,5,16,10.0,0.0,8.0,12,0,6,1.2999999999999972,27.0
6529,1999,9.0,osterreichring,False,0.0,True,0.0,False,herbert,British,stewart,6,14,2.0,0.0,10.0,12,0,6,1.5,
6524,1999,9.0,osterreichring,False,0.0,True,0.0,False,salo,Auto%#,ferrari,7,9,0.0,0.0,18.0,64,3,1,1.5,32.0
6537,1999,9.0,osterreichring,False,0.0,True,0.0,False,ralf_schumacher,German,williams,8,22,19.0,0.0,6.0,19,0,4,1.5,24.0
6535,1999,9.0,osterreichring,False,0.0,True,0.0,False,villeneuve,Canadian,bar,9,20,0.0,0.0,0.0,0,0,10,1.7999999999999972,28.0
6520,1999,9.0,osterreichring,False,0.0,True,0.0,False,wurz,Austrian,benetton,10,5,1.0,0.0,13.0,14,0,5,1.9000000000000057,25.0
6523,1999,9.0,osterreichring,False,0.0,True,0.0,False,damon_hill,British,jordan,11,8,5.0,0.0,9.0,31,1,3,1.9000000000000057,38.0
6527,1999,9.0,osterreichring,False,0.0,True,0.0,False,fisichella,Italian,benetton,12,12,13.0,0.0,7.0,14,0,5,1.9000000000000057,26.0
6522,1999,9.0,osterreichring,,0.0,True,0.0,False,trulli,Italian,prost,13,7,1.0,0.0,12.0,2,0,8,2.0,25.0
6534,1999,9.0,osterreichring,False,0.0,True,0.0,False,zanardi,Italian,williams,14,19,0.0,0.0,21.0,19,0,4,2.0999999999999943,32.0
6530,1999,9.0,osterreichring,False,0.0,True,0.0,False,zonta,Brazilian,bar,15,15,0.0,0.0,22.0,0,0,10,2.200000000000003,23.0
6521,1999,9.0,osterreichring,False,0.0,True,0.0,False,diniz,Brazilian,sauber,16,6,2.0,0.0,11.0,3,0,7,2.200000000000003,29.0
6532,1999,9.0,osterreichring,False,0.0,True,0.0,False,alesi,French,sauber,17,17,1.0,0.0,16.0,3,0,7,2.200000000000003,35.0
6525,1999,9.0,osterreichring,False,0.0,True,0.0,False,panis,French,prost,18,10,1.0,0.0,14.0,2,0,8,2.5,32.0
6528,1999,9.0,osterreichring,False,0.0,True,0.0,False,badoer,Italian,minardi,19,13,0.0,0.0,20.0,0,0,11,2.5999999999999943,28.0
6536,1999,9.0,osterreichring,False,0.0,True,0.0,False,takagi,Japanese,arrows,20,21,0.0,0.0,17.0,1,0,9,2.5999999999999943,25.0
6533,1999,9.0,osterreichring,False,0.0,True,0.0,False,rosa,Spanish,arrows,21,18,1.0,0.0,15.0,1,0,9,3.0999999999999943,28.0
6526,1999,9.0,osterreichring,False,0.0,True,0.0,,gene,Spanish,minardi,22,11,0.0,,19.0,0,,11,3.4000000000000057,25.0
6550,1999,10.0,hockenheimring,False,0.0,True,0.0,False,hakkinen,Finnish,mclaren,1,13,44.0,3.0,1.0,72,4,,0.0,30.0
6540,1999,10.0,hockenheimring,False,0.0,True,0.0,False,frentzen,German,jordan,2,3,29.0,1.0,4.0,34,1,3,0.0,32.0
6542,1999,10.0,hockenheimring,False,0.0,True,0.0,False,coulthard,,mclaren,3,5,28.0,1.0,5.0,72,,2,0.2999999999999971,28.0
6539,1999,10.0,hockenheimring,False,0.0,True,0.0,False,salo,Finnish,ferrari,4,2,0.0,0.0,17.0,74,4,1,0.5999999999999943,32.0
6538,1999,10.0,hockenheimring,False,0.0,True,0.0,False,irvine,British,ferrari,5,1,42.0,2.0,2.0,74,4,1,0.7999999999999972,33.0
6557,1999,10.0,Auto%#,False,0.0,True,0.0,False,barrichello,Brazilian,stewart,6,20,10.0,0.0,8.0,12,0,6,0.9000000000000057,27.0
6543,1999,10.0,hockenheimring,False,0.0,True,0.0,False,panis,French,prost,7,6,1.0,0.0,14.0,2,0,8,1.0,32.0
6554,1999,10.0,hockenheimring,False,0.0,True,0.0,False,damon_hill,British,jordan,8,17,5.0,0.0,9.0,34,1,3,1.0,38.0
6555,1999,10.0,Auto%#,,0.0,True,0.0,False,trulli,Italian,,9,18,1.0,0.0,13.0,2,0,Auto%#,1.2000000000000028,25.0
6556,1999,10.0,hockenheimring,False,0.0,True,0.0,False,fisichella,Italian,benetton,10,19,13.0,0.0,7.0,16,0,5,1.2999999999999972,26.0
6541,1999,10.0,hockenheimring,False,0.0,True,0.0,False,ralf_schumacher,German,williams,11,4,19.0,0.0,6.0,19,0,4,1.5,24.0
6558,1999,10.0,hockenheimring,,0.0,True,0.0,False,villeneuve,Canadian,bar,12,21,0.0,0.0,0.0,0,0,,1.5,
6544,1999,10.0,hockenheimring,False,0.0,True,0.0,False,wurz,,,13,7,,0.0,,16,0,5,1.5,25.0
6551,,10.0,hockenheimring,False,0.0,True,0.0,False,zanardi,Italian,williams,14,14,0.0,0.0,21.0,19,0,4,2.0,32.0
6546,1999,10.0,hockenheimring,False,,True,0.0,False,gene,Spanish,minardi,15,9,0.0,0.0,19.0,0,0,11,2.299999999999997,25.0
6559,1999,10.0,hockenheimring,False,0.0,True,0.0,False,diniz,Brazilian,sauber,16,22,3.0,0.0,11.0,4,0,7,2.299999999999997,29.0
6548,1999,10.0,Auto%#,False,0.0,True,0.0,False,herbert,British,stewart,17,11,2.0,0.0,12.0,12,0,6,2.5,35.0
6552,1999,10.0,hockenheimring,False,0.0,True,0.0,False,zonta,Brazilian,bar,18,15,0.0,0.0,22.0,0,0,10,2.5,23.0
6547,,10.0,hockenheimring,False,0.0,True,0.0,False,badoer,Italian,minardi,19,10,0.0,0.0,,0,0,11,2.9000000000000057,28.0
6549,1999,10.0,hockenheimring,,0.0,True,0.0,False,rosa,Spanish,arrows,20,12,1.0,0.0,15.0,1,0,9,2.9000000000000057,28.0
6545,1999,10.0,hockenheimring,False,0.0,True,0.0,False,alesi,French,sauber,21,8,1.0,0.0,16.0,4,0,7,3.0,35.0
6553,1999,10.0,hockenheimring,False,0.0,True,0.0,False,takagi,Japanese,,22,16,0.0,0.0,18.0,1,0,9,3.200000000000003,25.0
6560,1999,11.0,hungaroring,False,0.0,False,0.0,,hakkinen,Finnish,mclaren,1,1,44.0,3.0,2.0,74,4,2,0.0,30.0
6562,1999,11.0,hungaroring,False,0.0,False,0.0,False,irvine,British,ferrari,2,3,52.0,3.0,1.0,90,5,1,0.0999999999999943,33.0
6561,1999,11.0,hungaroring,False,0.0,False,0.0,False,coulthard,British,mclaren,Auto%#,2,30.0,1.0,5.0,74,4,2,0.2000000000000028,28.0
6578,1999,11.0,hungaroring,False,0.0,False,0.0,False,fisichella,Italian,benetton,4,19,13.0,0.0,7.0,16,0,5,0.2999999999999971,26.0
6563,1999,11.0,hungaroring,False,0.0,False,0.0,False,frentzen,,Auto%#,5,4,33.0,1.0,3.0,38,1,3,0.5,32.0
6565,1999,11.0,hungaroring,False,0.0,False,0.0,False,damon_hill,British,jordan,6,6,5.0,0.0,10.0,38,1,3,0.5,38.0
6566,1999,11.0,hungaroring,False,0.0,False,0.0,False,wurz,Austrian,benetton,7,7,3.0,0.0,,16,0,5,0.5,25.0
6564,1999,11.0,hungaroring,False,0.0,False,0.0,False,barrichello,Brazilian,stewart,8,5,10.0,0.0,8.0,12,,6,0.8999999999999915,27.0
6577,1999,11.0,hungaroring,False,0.0,False,0.0,False,villeneuve,,bar,9,18,0.0,0.0,0.0,0,0,10,0.8999999999999915,28.0
6570,1999,11.0,hungaroring,False,0.0,False,0.0,False,herbert,British,stewart,10,11,2.0,0.0,13.0,12,0,6,1.2000000000000028,35.0
6575,1999,11.0,hungaroring,False,0.0,False,0.0,False,alesi,French,sauber,11,16,1.0,0.0,16.0,4,0,7,1.2000000000000028,35.0
6580,1999,11.0,hungaroring,False,0.0,False,0.0,False,diniz,Brazilian,sauber,12,21,3.0,0.0,12.0,4,0,7,1.5999999999999943,29.0
6567,1999,,hungaroring,False,,False,0.0,False,trulli,Italian,prost,13,8,,0.0,15.0,3,0,8,1.5999999999999943,25.0
6569,1999,11.0,hungaroring,False,0.0,False,,False,panis,French,prost,14,10,2.0,0.0,14.0,3,0,8,1.5999999999999943,32.0
6581,1999,11.0,hungaroring,False,0.0,False,0.0,False,zanardi,Italian,williams,15,22,0.0,0.0,21.0,22,0,4,1.7000000000000028,32.0
,1999,11.0,hungaroring,False,0.0,False,0.0,False,ralf_schumacher,German,williams,16,9,22.0,0.0,6.0,22,0,4,1.7000000000000028,24.0
6572,1999,11.0,hungaroring,False,0.0,False,0.0,False,zonta,Brazilian,bar,17,13,0.0,0.0,22.0,0,0,10,1.8999999999999917,23.0
6571,1999,11.0,hungaroring,False,0.0,False,0.0,Auto%#,salo,Finnish,ferrari,18,12,6.0,0.0,9.0,90,5,,2.200000000000003,32.0
6573,1999,11.0,hungaroring,,0.0,False,0.0,False,badoer,Italian,minardi,19,14,0.0,0.0,20.0,0,0,11,2.799999999999997,28.0
6574,1999,11.0,hungaroring,,0.0,False,0.0,False,rosa,Spanish,arrows,20,15,1.0,0.0,17.0,1,0,9,3.0999999999999943,28.0
6579,1999,11.0,hungaroring,False,0.0,False,0.0,False,takagi,Japanese,arrows,21,20,0.0,0.0,18.0,1,0,9,3.5,25.0
6576,1999,11.0,hungaroring,False,0.0,False,0.0,False,gene,Spanish,minardi,22,17,,0.0,19.0,0,0,11,3.700000000000003,25.0
,1999,12.0,spa,False,0.0,True,0.0,False,hakkinen,Finnish,mclaren,1,2,54.0,4.0,2.0,90,5,2,0.0,30.0
6582,1999,12.0,spa,False,0.0,True,0.0,False,coulthard,British,mclaren,2,1,,1.0,3.0,90,5,2,0.2000000000000028,28.0
6584,1999,12.0,spa,False,0.0,True,0.0,False,frentzen,Auto%#,jordan,3,,36.0,1.0,4.0,42,1,3,1.0,32.0
,1999,12.0,spa,False,0.0,True,0.0,,damon_hill,British,jordan,4,6,6.0,0.0,10.0,42,1,3,1.1000000000000083,38.0
6586,1999,12.0,spa,False,0.0,True,0.0,False,ralf_schumacher,German,williams,5,5,22.0,0.0,6.0,22,0,4,1.1000000000000083,24.0
6585,1999,12.0,spa,,0.0,True,0.0,False,irvine,British,ferrari,6,4,,3.0,1.0,94,5,1,1.6000000000000083,33.0
6591,1999,12.0,spa,False,0.0,True,0.0,False,barrichello,Brazilian,stewart,7,,12.0,0.0,8.0,14,0,6,1.7000000000000028,27.0
6589,1999,12.0,spa,False,0.0,True,0.0,False,zanardi,Italian,williams,8,8,0.0,0.0,21.0,22,0,4,1.7000000000000028,32.0
6588,1999,12.0,spa,False,0.0,True,0.0,False,salo,Finnish,ferrari,9,7,6.0,0.0,9.0,94,5,1,1.7999999999999972,32.0
6601,1999,12.0,spa,False,0.0,True,0.0,False,herbert,British,stewart,10,20,2.0,0.0,13.0,14,0,6,1.9000000000000057,35.0
6596,1999,12.0,spa,False,0.0,True,0.0,False,villeneuve,Canadian,bar,11,15,0.0,0.0,0.0,0,0,10,1.9000000000000057,28.0
6593,1999,12.0,,False,0.0,True,,False,trulli,Italian,prost,12,12,1.0,0.0,15.0,3,0,8,2.299999999999997,25.0
6592,1999,12.0,spa,False,0.0,True,0.0,False,fisichella,Italian,,13,11,13.0,0.0,7.0,16,0,5,2.5,26.0
6600,1999,12.0,spa,False,0.0,True,0.0,False,zonta,Brazilian,bar,14,19,0.0,0.0,22.0,0,0,10,2.5,23.0
6595,1999,12.0,spa,,0.0,True,0.0,False,wurz,Austrian,benetton,15,14,3.0,0.0,11.0,16,0,5,2.6000000000000085,25.0
6590,1999,12.0,spa,False,0.0,True,0.0,False,alesi,French,sauber,16,9,1.0,0.0,16.0,,0,7,2.6000000000000085,35.0
6594,1999,12.0,spa,False,0.0,True,0.0,False,panis,French,prost,17,13,2.0,0.0,14.0,3,0,8,2.799999999999997,32.0
6602,1999,12.0,spa,False,0.0,True,0.0,False,diniz,Brazilian,sauber,18,21,3.0,0.0,12.0,4,0,7,3.5,29.0
6603,1999,12.0,spa,False,0.0,True,0.0,False,takagi,Japanese,arrows,19,22,0.0,0.0,18.0,1,0,9,3.799999999999997,25.0
6599,1999,12.0,spa,False,0.0,True,0.0,False,badoer,Italian,minardi,20,18,0.0,0.0,20.0,0,0,11,3.9000000000000057,28.0
6597,1999,12.0,spa,False,0.0,True,0.0,False,gene,Spanish,minardi,21,16,0.0,0.0,19.0,0,0,11,4.299999999999997,25.0
6598,1999,12.0,spa,False,0.0,True,0.0,False,rosa,Spanish,arrows,22,17,1.0,0.0,17.0,1,0,9,4.299999999999997,28.0
6618,1999,13.0,monza,True,0.0,True,0.0,False,hakkinen,Finnish,mclaren,1,15,60.0,4.0,1.0,106,6,1,0.0,30.0
6604,1999,13.0,monza,True,0.0,True,0.0,False,frentzen,Auto%#,jordan,2,1,40.0,1.0,4.0,47,1,3,0.5,32.0
6608,1999,13.0,monza,True,0.0,True,0.0,False,coulthard,British,mclaren,3,5,46.0,,3.0,106,6,1,0.7999999999999972,28.0
6610,1999,13.0,monza,True,0.0,True,0.0,False,zanardi,Italian,williams,,7,0.0,0.0,19.0,24,0,4,1.0,32.0
6605,1999,,monza,True,0.0,True,0.0,False,ralf_schumacher,German,williams,5,2,24.0,0.0,6.0,24,0,4,1.1999999999999886,24.0
6606,1999,13.0,monza,True,0.0,True,0.0,False,salo,Finnish,ferrari,6,3,6.0,0.0,10.0,97,5,2,1.2999999999999972,32.0
6607,1999,13.0,monza,True,0.0,True,0.0,False,barrichello,Auto%#,stewart,7,4,12.0,0.0,8.0,14,0,6,1.2999999999999972,27.0
6609,1999,13.0,monza,True,0.0,True,0.0,False,irvine,British,ferrari,8,6,59.0,3.0,2.0,97,5,2,1.3999999999999917,33.0
6613,1999,13.0,monza,True,0.0,True,0.0,False,damon_hill,British,jordan,9,10,7.0,0.0,9.0,47,1,3,1.5999999999999943,38.0
6614,1999,13.0,monza,True,0.0,True,0.0,False,panis,French,prost,10,11,2.0,0.0,14.0,3,,8,1.5999999999999943,33.0
6611,1999,13.0,monza,True,0.0,True,0.0,False,villeneuve,Canadian,bar,11,8,0.0,0.0,23.0,0,0,10,1.7999999999999972,28.0
6619,1999,13.0,monza,True,0.0,True,0.0,False,trulli,Italian,prost,12,16,1.0,0.0,15.0,3,0,8,1.8999999999999917,25.0
6612,1999,13.0,monza,True,0.0,True,0.0,Auto%#,alesi,French,sauber,13,9,1.0,0.0,16.0,4,0,7,2.1999999999999886,35.0
6622,1999,13.0,monza,True,0.0,True,0.0,False,wurz,Austrian,benetton,Auto%#,19,3.0,0.0,11.0,,0,5,2.1999999999999886,25.0
6615,1999,13.0,monza,True,,True,0.0,False,herbert,British,stewart,15,12,2.0,0.0,13.0,14,0,6,2.1999999999999886,35.0
6623,1999,13.0,monza,True,0.0,True,0.0,False,diniz,Brazilian,sauber,16,20,3.0,0.0,12.0,4,0,7,2.1999999999999886,29.0
6624,1999,13.0,monza,True,0.0,True,0.0,False,fisichella,Italian,benetton,17,21,13.0,0.0,7.0,,0,5,2.5,26.0
6620,1999,13.0,monza,True,0.0,True,0.0,False,zonta,,bar,18,17,0.0,0.0,22.0,0,0,10,2.6999999999999886,23.0
6621,1999,,monza,True,0.0,True,,False,badoer,Italian,minardi,19,18,0.0,0.0,21.0,0,0,11,2.8999999999999915,28.0
6625,1999,13.0,monza,True,0.0,True,0.0,False,gene,Spanish,minardi,20,22,0.0,0.0,20.0,0,0,11,3.299999999999997,25.0
6617,1999,,monza,True,0.0,True,0.0,False,rosa,Spanish,arrows,21,14,1.0,0.0,17.0,1,,9,4.0,28.0
6616,1999,13.0,monza,True,0.0,True,0.0,False,takagi,Japanese,arrows,22,13,0.0,0.0,18.0,1,0,9,4.099999999999994,25.0
6643,1999,14.0,nurburgring,False,0.0,False,0.0,False,frentzen,German,jordan,1,18,50.0,2.0,3.0,57,2,3,0.0,32.0
6641,1999,14.0,nurburgring,False,0.0,False,0.0,False,coulthard,British,mclaren,2,16,48.0,2.0,4.0,108,6,1,0.2999999999999971,28.0
6630,1999,14.0,nurburgring,False,0.0,False,0.0,False,hakkinen,,mclaren,3,5,60.0,4.0,1.0,108,6,1,0.5,30.0
6629,1999,14.0,nurburgring,False,0.0,False,0.0,False,ralf_schumacher,German,williams,4,Auto%#,30.0,0.0,6.0,30,0,4,0.5,24.0
6634,,14.0,nurburgring,False,0.0,False,0.0,False,panis,French,prost,5,9,,0.0,14.0,3,0,8,0.6999999999999886,33.0
6638,1999,14.0,nurburgring,False,0.0,False,0.0,False,fisichella,Italian,benetton,6,Auto%#,13.0,0.0,8.0,,0,6,0.8999999999999915,26.0
6645,1999,14.0,nurburgring,False,0.0,,0.0,False,damon_hill,British,jordan,7,20,7.0,0.0,10.0,57,2,3,,39.0
6635,1999,14.0,nurburgring,False,0.0,False,0.0,False,villeneuve,Canadian,bar,8,10,0.0,0.0,22.0,0,0,10,0.8999999999999915,28.0
6632,1999,14.0,nurburgring,False,0.0,False,0.0,False,irvine,British,ferrari,9,7,60.0,3.0,2.0,102,5,2,0.8999999999999915,33.0
6627,1999,14.0,nurburgring,,0.0,False,0.0,False,trulli,Italian,Auto%#,10,2,1.0,0.0,15.0,3,0,8,,25.0
6646,1999,14.0,nurburgring,False,0.0,False,0.0,False,wurz,Austrian,benetton,11,21,3.0,0.0,11.0,16,0,6,1.1999999999999886,25.0
6639,1999,14.0,nurburgring,False,0.0,False,0.0,False,salo,Finnish,ferrari,12,14,10.0,0.0,9.0,102,5,2,1.3999999999999917,32.0
6647,1999,14.0,nurburgring,False,0.0,False,0.0,False,diniz,Auto%#,sauber,13,22,3.0,0.0,12.0,4,0,7,1.3999999999999917,29.0
6626,1999,14.0,nurburgring,False,0.0,False,,False,herbert,British,stewart,14,1,2.0,0.0,13.0,17,0,5,1.5,35.0
6628,1999,14.0,nurburgring,False,0.0,False,0.0,False,barrichello,Brazilian,stewart,15,3,15.0,0.0,7.0,17,0,5,1.5999999999999943,27.0
6642,1999,14.0,nurburgring,False,0.0,False,0.0,False,alesi,French,sauber,16,17,1.0,0.0,,4,0,7,1.6999999999999886,35.0
6633,1999,14.0,nurburgring,False,0.0,False,0.0,Auto%#,zonta,,bar,17,8,0.0,0.0,23.0,0,0,10,2.3999999999999915,23.0
6644,1999,14.0,nurburgring,False,0.0,False,0.0,False,zanardi,Italian,williams,18,19,0.0,0.0,18.0,30,0,4,2.3999999999999915,32.0
,1999,14.0,nurburgring,False,0.0,False,0.0,False,badoer,Italian,minardi,19,11,0.0,0.0,21.0,0,0,11,2.6999999999999886,28.0
6631,1999,14.0,nurburgring,False,0.0,False,0.0,False,gene,Spanish,minardi,20,6,0.0,0.0,20.0,0,0,11,2.8999999999999915,25.0
6640,,14.0,nurburgring,False,0.0,False,0.0,False,takagi,Japanese,arrows,21,,0.0,0.0,19.0,1,0,9,3.5,25.0
,1999,14.0,nurburgring,False,0.0,False,0.0,False,rosa,Spanish,arrows,22,12,1.0,0.0,,1,0,Auto%#,3.799999999999997,28.0
6649,1999,15.0,sepang,False,0.0,True,0.0,False,michael_schumacher,German,ferrari,1,2,32.0,2.0,6.0,102,5,2,0.0,30.0
6648,1999,15.0,sepang,False,0.0,True,0.0,False,irvine,British,ferrari,2,1,60.0,3.0,2.0,102,5,2,0.8999999999999915,33.0
6663,1999,15.0,sepang,False,0.0,True,0.0,False,coulthard,British,mclaren,3,16,48.0,2.0,4.0,110,6,1,1.0999999999999943,28.0
6650,1999,15.0,sepang,False,0.0,True,0.0,False,hakkinen,Finnish,mclaren,4,3,62.0,4.0,1.0,110,6,1,1.2000000000000028,31.0
6651,1999,15.0,sepang,False,0.0,True,0.0,False,herbert,British,stewart,5,4,12.0,1.0,9.0,31,1,5,1.2000000000000028,35.0
6652,1999,15.0,sepang,False,0.0,True,0.0,False,barrichello,Brazilian,stewart,6,5,19.0,0.0,7.0,31,1,5,1.7000000000000028,27.0
6655,1999,15.0,sepang,False,0.0,True,0.0,False,wurz,Austrian,benetton,7,8,3.0,0.0,13.0,16,0,6,1.7000000000000028,25.0
6664,1999,15.0,sepang,False,0.0,True,0.0,False,ralf_schumacher,German,williams,8,17,33.0,0.0,5.0,33,0,4,1.8999999999999917,24.0
6668,1999,15.0,sepang,False,0.0,True,0.0,False,damon_hill,British,jordan,9,21,7.0,0.0,12.0,57,2,3,2.3999999999999915,39.0
6659,1999,15.0,sepang,False,0.0,True,0.0,,villeneuve,Canadian,bar,10,12,0.0,0.0,23.0,0,0,11,2.3999999999999915,28.0
6658,1999,15.0,sepang,False,0.0,True,0.0,False,fisichella,Italian,benetton,11,11,13.0,0.0,8.0,16,0,6,2.3999999999999915,26.0
6667,1999,15.0,,False,0.0,True,0.0,False,panis,French,prost,12,20,2.0,0.0,15.0,9,0,7,2.5,33.0
6666,1999,15.0,sepang,False,0.0,True,0.0,False,zonta,Brazilian,bar,13,19,0.0,0.0,21.0,0,0,11,,23.0
6653,1999,15.0,sepang,False,0.0,True,0.0,False,frentzen,German,jordan,14,6,50.0,2.0,3.0,57,2,3,2.700000000000003,32.0
6654,1999,15.0,sepang,False,0.0,True,0.0,False,alesi,French,sauber,15,7,1.0,0.0,17.0,4,0,8,2.799999999999997,35.0
6657,1999,15.0,sepang,False,0.0,True,0.0,False,zanardi,Italian,williams,16,,0.0,0.0,19.0,33,0,4,3.200000000000003,32.0
6660,1999,15.0,sepang,False,0.0,True,,False,diniz,Brazilian,sauber,17,13,3.0,0.0,14.0,4,0,8,3.200000000000003,29.0
6669,1999,15.0,sepang,False,0.0,True,0.0,False,trulli,Italian,prost,18,22,7.0,0.0,,9,0,7,3.200000000000003,25.0
6656,1999,15.0,sepang,False,0.0,True,0.0,,gene,Spanish,minardi,19,9,1.0,0.0,16.0,1,0,10,3.899999999999992,25.0
6661,1999,15.0,sepang,False,0.0,Auto%#,0.0,False,rosa,Spanish,Auto%#,20,14,1.0,0.0,18.0,1,0,9,3.899999999999992,28.0
6662,1999,15.0,sepang,False,0.0,True,0.0,False,badoer,Italian,minardi,21,15,0.0,0.0,22.0,1,0,10,4.599999999999994,28.0
6665,1999,15.0,sepang,False,0.0,Auto%#,0.0,False,takagi,Japanese,arrows,22,18,0.0,0.0,20.0,1,0,9,4.899999999999992,25.0
6671,1999,16.0,suzuka,False,0.0,True,0.0,False,michael_schumacher,German,ferrari,1,2,38.0,2.0,5.0,118,6,1,0.0,30.0
6670,1999,16.0,suzuka,False,0.0,True,0.0,False,hakkinen,Finnish,Auto%#,2,1,66.0,4.0,2.0,114,6,2,0.2999999999999971,
6687,1999,16.0,suzuka,False,0.0,True,0.0,False,coulthard,British,mclaren,3,17,48.0,2.0,4.0,114,6,2,0.7000000000000028,28.0
6673,1999,,suzuka,False,0.0,True,0.0,False,,German,jordan,4,4,51.0,2.0,3.0,58,2,3,1.2000000000000028,32.0
6672,1999,16.0,suzuka,False,0.0,True,0.0,False,irvine,British,ferrari,5,3,70.0,4.0,1.0,118,6,1,1.5,33.0
6690,1999,16.0,suzuka,False,0.0,True,0.0,False,panis,French,Auto%#,6,20,2.0,0.0,15.0,9,0,7,,33.0
6691,1999,16.0,suzuka,False,0.0,True,0.0,False,trulli,Italian,prost,7,21,7.0,0.0,11.0,9,0,7,2.0999999999999943,25.0
6676,1999,16.0,suzuka,False,,True,0.0,False,herbert,British,stewart,8,7,15.0,1.0,8.0,36,1,4,2.200000000000003,35.0
6677,1999,,suzuka,False,0.0,True,0.0,False,zanardi,Italian,williams,Auto%#,22,0.0,0.0,19.0,33,0,5,2.200000000000003,33.0
6674,1999,16.0,suzuka,False,0.0,True,0.0,False,ralf_schumacher,German,williams,9,5,33.0,0.0,6.0,33,0,5,2.200000000000003,24.0
6675,,16.0,suzuka,False,0.0,True,0.0,False,alesi,French,sauber,10,6,1.0,0.0,16.0,4,0,8,2.200000000000003,35.0
6679,1999,16.0,suzuka,False,0.0,True,0.0,False,villeneuve,Canadian,bar,11,9,0.0,0.0,23.0,0,0,11,2.200000000000003,28.0
6689,1999,16.0,,False,0.0,True,0.0,False,damon_hill,British,jordan,12,19,7.0,0.0,12.0,58,2,3,2.5999999999999943,39.0
6678,1999,16.0,suzuka,False,0.0,True,0.0,False,barrichello,Brazilian,,13,8,21.0,0.0,7.0,36,1,4,2.5999999999999943,27.0
6684,1999,16.0,suzuka,False,0.0,True,0.0,False,fisichella,Italian,benetton,14,14,13.0,0.0,9.0,16,0,6,2.799999999999997,26.0
6680,1999,16.0,suzuka,False,0.0,True,0.0,False,wurz,Austrian,benetton,15,10,,0.0,13.0,16,0,6,2.799999999999997,25.0
6681,1999,16.0,suzuka,False,0.0,True,0.0,False,diniz,Brazilian,sauber,17,11,,0.0,14.0,4,0,8,3.200000000000003,29.0
6682,1999,16.0,suzuka,False,0.0,True,0.0,False,zonta,Brazilian,bar,18,12,0.0,0.0,21.0,0,0,11,3.4000000000000057,23.0
6685,1999,16.0,suzuka,False,0.0,True,0.0,False,takagi,Japanese,arrows,19,15,0.0,0.0,20.0,1,0,9,3.5999999999999943,25.0
6688,1999,16.0,suzuka,False,0.0,True,0.0,False,gene,Spanish,minardi,20,18,1.0,0.0,17.0,1,0,10,4.0,25.0
6683,1999,16.0,suzuka,False,0.0,True,0.0,False,rosa,Spanish,arrows,Auto%#,13,1.0,0.0,18.0,1,0,9,4.200000000000003,28.0
6686,1999,16.0,suzuka,False,0.0,True,0.0,False,badoer,Italian,minardi,22,16,0.0,0.0,22.0,1,0,10,5.0,28.0
6708,2000,1.0,albert_park,False,0.0,False,0.0,False,hakkinen,Finnish,mclaren,1,17,0.0,0.0,0.0,0,0,0,0.0,31.0
6710,2000,1.0,albert_park,False,0.0,False,0.0,False,coulthard,Auto%#,mclaren,2,19,0.0,0.0,0.0,0,,0,0.3000000000000113,28.0
6692,2000,1.0,albert_park,False,0.0,False,0.0,False,michael_schumacher,German,ferrari,3,1,0.0,0.0,0.0,0,0,0,0.5,
6693,2000,1.0,albert_park,False,0.0,False,,False,barrichello,Brazilian,ferrari,4,2,0.0,0.0,0.0,0,0,0,0.5,27.0
6705,2000,1.0,albert_park,False,0.0,False,0.0,False,frentzen,German,jordan,5,14,0.0,0.0,0.0,0,0,0,0.8000000000000114,32.0
6706,2000,1.0,albert_park,False,0.0,False,0.0,False,trulli,Italian,jordan,6,15,0.0,0.0,0.0,0,0,0,0.9000000000000057,25.0
6712,2000,1.0,albert_park,False,0.0,False,0.0,False,,Auto%#,jaguar,7,21,0.0,0.0,0.0,0,0,0,0.9000000000000057,34.0
6695,2000,1.0,albert_park,False,0.0,False,0.0,False,villeneuve,Canadian,bar,8,4,0.0,0.0,0.0,0,0,0,1.4000000000000057,28.0
6696,2000,1.0,albert_park,False,0.0,False,0.0,False,fisichella,Italian,benetton,9,5,0.0,0.0,0.0,0,0,0,1.4000000000000057,27.0
6701,2000,1.0,albert_park,False,0.0,False,0.0,False,salo,Finnish,sauber,10,10,0.0,0.0,0.0,0,0,0,1.4000000000000057,
6694,2000,1.0,albert_park,False,0.0,False,0.0,False,ralf_schumacher,German,williams,11,3,0.0,0.0,0.0,0,0,0,1.6000000000000083,24.0
6711,2000,1.0,albert_park,False,0.0,False,0.0,False,rosa,Spanish,arrows,12,20,0.0,0.0,0.0,0,0,Auto%#,1.7000000000000028,29.0
6709,2000,1.0,albert_park,False,0.0,False,0.0,False,verstappen,Dutch,arrows,13,18,0.0,0.0,0.0,0,0,0,1.9000000000000057,28.0
6698,2000,1.0,albert_park,False,0.0,False,0.0,False,wurz,Austrian,benetton,14,7,0.0,0.0,0.0,0,0,0,2.200000000000003,26.0
6700,2000,1.0,albert_park,False,,False,0.0,False,heidfeld,German,prost,15,9,0.0,0.0,0.0,0,0,0,2.4000000000000057,22.0
6697,2000,1.0,albert_park,False,0.0,False,0.0,False,zonta,Brazilian,bar,16,6,0.0,0.0,0.0,0,0,0,2.5,23.0
6707,2000,1.0,albert_park,False,0.0,False,0.0,False,alesi,French,prost,17,16,0.0,0.0,0.0,0,0,0,2.6000000000000085,35.0
6699,,1.0,albert_park,False,0.0,False,0.0,False,gene,Spanish,minardi,Auto%#,8,0.0,0.0,0.0,0,0,0,2.700000000000003,25.0
6703,2000,1.0,albert_park,False,0.0,False,0.0,False,diniz,Brazilian,sauber,19,12,0.0,0.0,0.0,0,0,,2.800000000000012,29.0
6713,,1.0,albert_park,False,0.0,False,0.0,False,herbert,British,jaguar,20,22,0.0,0.0,0.0,0,0,0,3.0,35.0
6702,2000,1.0,albert_park,False,0.0,False,0.0,False,button,British,williams,Auto%#,11,,0.0,0.0,0,0,0,3.200000000000003,20.0
6704,2000,1.0,albert_park,False,0.0,False,0.0,False,mazzacane,Argentine,minardi,22,13,0.0,0.0,0.0,0,0,0,4.1000000000000085,24.0
6727,2000,2.0,interlagos,False,0.0,False,0.0,False,hakkinen,Finnish,mclaren,1,14,0.0,0.0,0.0,0,0,0,0.0,31.0
6724,2000,2.0,interlagos,False,0.0,False,0.0,False,coulthard,British,mclaren,2,11,0.0,0.0,0.0,0,0,0,0.2000000000000028,28.0
6714,2000,,interlagos,False,0.0,False,0.0,False,michael_schumacher,German,ferrari,3,1,10.0,1.0,1.0,16,1,1,0.4000000000000057,31.0
6728,2000,2.0,interlagos,False,0.0,False,0.0,Auto%#,barrichello,Brazilian,ferrari,4,15,6.0,0.0,2.0,16,1,1,0.5,27.0
6715,2000,2.0,interlagos,False,0.0,False,0.0,False,fisichella,Italian,benetton,5,2,2.0,,5.0,2,0,4,1.3000000000000114,27.0
6729,2000,2.0,interlagos,False,0.0,False,0.0,False,,British,jaguar,6,16,0.0,,0.0,0,0,0,1.3000000000000114,34.0
6716,2000,2.0,interlagos,False,0.0,False,0.0,False,frentzen,German,jordan,7,3,0.0,0.0,0.0,0,0,0,1.4000000000000057,32.0
6722,2000,2.0,interlagos,False,0.0,False,0.0,False,zonta,Brazilian,bar,8,9,1.0,0.0,6.0,4,0,3,1.4000000000000057,24.0
6719,2000,2.0,interlagos,False,0.0,False,0.0,False,button,British,williams,9,6,0.0,0.0,0.0,4,0,2,1.4000000000000057,20.0
6730,2000,2.0,interlagos,False,0.0,,0.0,False,villeneuve,Canadian,bar,10,17,3.0,0.0,4.0,4,0,3,1.4000000000000057,28.0
6718,2000,2.0,interlagos,False,0.0,False,0.0,False,ralf_schumacher,German,williams,11,5,4.0,0.0,3.0,4,0,2,1.5,24.0
6717,2000,2.0,interlagos,False,0.0,False,0.0,False,trulli,Italian,jordan,12,4,0.0,0.0,0.0,0,0,0,1.5,25.0
6733,2000,2.0,interlagos,False,0.0,False,0.0,False,wurz,Austrian,benetton,13,20,0.0,0.0,7.0,2,0,Auto%#,1.6000000000000083,26.0
6720,2000,2.0,interlagos,False,0.0,False,0.0,False,verstappen,Dutch,arrows,14,7,0.0,0.0,0.0,0,0,0,1.6000000000000083,28.0
6731,2000,2.0,interlagos,False,0.0,False,0.0,False,alesi,French,prost,15,18,0.0,0.0,,0,0,6,1.6000000000000083,35.0
6721,2000,2.0,interlagos,False,0.0,False,0.0,False,rosa,Spanish,arrows,16,8,0.0,0.0,0.0,0,0,0,1.9000000000000057,29.0
6725,2000,2.0,Auto%#,False,0.0,False,0.0,False,herbert,British,jaguar,17,12,0.0,0.0,0.0,0,0,0,2.1000000000000085,35.0
6726,2000,2.0,interlagos,False,0.0,False,0.0,False,gene,Spanish,minardi,18,13,0.0,0.0,8.0,,0,,2.300000000000012,25.0
6732,2000,2.0,interlagos,False,0.0,False,0.0,False,heidfeld,German,prost,19,19,0.0,0.0,9.0,0,0,6,3.0,22.0
6723,2000,2.0,interlagos,False,,False,0.0,False,mazzacane,Argentine,minardi,20,10,0.0,0.0,0.0,0,0,5,3.4000000000000057,24.0
6735,2000,3.0,imola,False,0.0,False,0.0,False,hakkinen,Finnish,mclaren,1,2,0.0,0.0,0.0,0,0,0,0.0,31.0
,2000,3.0,imola,False,0.0,False,0.0,False,michael_schumacher,German,ferrari,2,1,20.0,2.0,1.0,26,2,1,0.0999999999999943,31.0
6736,2000,3.0,imola,False,0.0,False,0.0,False,coulthard,British,mclaren,3,3,0.0,0.0,0.0,0,0,0,0.2999999999999971,29.0
6737,2000,3.0,imola,False,0.0,False,0.0,False,barrichello,Brazilian,ferrari,4,4,6.0,0.0,3.0,26,2,1,0.5,27.0
6750,2000,3.0,imola,False,0.0,False,0.0,False,ralf_schumacher,German,williams,5,17,6.0,0.0,4.0,7,0,4,1.2000000000000028,24.0
6755,2000,3.0,imola,False,0.0,False,0.0,False,frentzen,German,jordan,6,22,4.0,0.0,,7,0,3,1.2000000000000028,32.0
6740,2000,3.0,,False,0.0,False,,False,irvine,,jaguar,7,Auto%#,0.0,0.0,0.0,0,0,0,1.2000000000000028,34.0
6748,2000,3.0,imola,False,0.0,False,,False,trulli,Italian,jordan,8,15,3.0,0.0,6.0,7,0,3,1.2999999999999972,25.0
6738,2000,3.0,imola,False,0.0,False,0.0,False,villeneuve,Canadian,bar,9,5,3.0,0.0,7.0,,0,5,1.3999999999999917,29.0
6741,2000,3.0,imola,False,0.0,False,0.0,False,diniz,Brazilian,sauber,10,8,0.0,0.0,0.0,0,0,0,1.5,29.0
6742,2000,,imola,False,0.0,False,0.0,False,wurz,Austrian,benetton,11,9,0.0,0.0,11.0,8,0,2,1.5999999999999943,26.0
6739,,3.0,imola,False,0.0,False,0.0,Auto%#,salo,Finnish,sauber,12,6,0.0,0.0,0.0,0,0,0,1.5999999999999943,33.0
6749,2000,3.0,imola,False,0.0,False,0.0,False,rosa,Spanish,arrows,13,16,,0.0,12.0,0,0,6,1.5999999999999943,29.0
6745,2000,3.0,imola,False,0.0,False,0.0,False,zonta,Brazilian,bar,14,12,1.0,0.0,8.0,4,0,5,2.0999999999999943,24.0
,2000,3.0,imola,False,0.0,False,0.0,False,alesi,French,prost,15,18,0.0,0.0,0.0,0,0,8,2.0999999999999943,35.0
6747,2000,3.0,imola,False,0.0,False,0.0,False,verstappen,Dutch,arrows,16,14,0.0,0.0,10.0,0,,Auto%#,2.0999999999999943,28.0
6743,2000,3.0,imola,False,0.0,,0.0,False,herbert,British,jaguar,17,10,0.0,0.0,0.0,0,0,0,2.3999999999999915,35.0
6753,2000,3.0,imola,False,0.0,False,0.0,False,button,British,williams,,20,1.0,0.0,9.0,7,,4,2.3999999999999915,20.0
6744,2000,3.0,imola,False,0.0,False,0.0,False,fisichella,Italian,benetton,19,11,8.0,0.0,2.0,8,0,2,2.5999999999999943,27.0
6746,2000,3.0,imola,False,0.0,False,0.0,False,mazzacane,Argentine,minardi,20,13,0.0,0.0,15.0,0,0,7,3.5,24.0
6754,2000,3.0,imola,False,0.0,False,0.0,False,gene,Spanish,minardi,21,21,0.0,0.0,13.0,,0,7,3.5999999999999943,26.0
6752,2000,3.0,imola,False,0.0,False,0.0,False,heidfeld,German,prost,22,19,0.0,0.0,14.0,0,0,8,3.700000000000003,22.0
6775,2000,4.0,silverstone,False,0.0,False,0.0,False,barrichello,Brazilian,ferrari,1,20,9.0,0.0,2.0,39,3,1,0.0,27.0
6772,2000,4.0,silverstone,False,0.0,False,0.0,False,frentzen,German,jordan,2,17,4.0,0.0,,7,0,4,0.0,32.0
6757,2000,4.0,silverstone,False,0.0,False,0.0,False,hakkinen,Finnish,mclaren,3,2,6.0,0.0,4.0,10,0,2,0.0,31.0
6756,2000,,silverstone,False,0.0,False,0.0,False,coulthard,British,mclaren,4,1,4.0,0.0,7.0,10,0,2,0.3999999999999915,29.0
6758,2000,4.0,silverstone,False,0.0,False,0.0,False,michael_schumacher,German,ferrari,5,3,30.0,3.0,1.0,39,3,1,0.5,31.0
6760,2000,4.0,silverstone,False,0.0,False,0.0,False,button,British,williams,6,5,1.0,0.0,11.0,7,0,5,1.0,20.0
6759,2000,4.0,silverstone,False,0.0,False,0.0,False,ralf_schumacher,German,williams,7,4,6.0,0.0,5.0,7,0,5,1.0999999999999943,24.0
6777,2000,4.0,silverstone,False,0.0,False,0.0,False,verstappen,Dutch,arrows,8,22,0.0,0.0,14.0,0,0,,1.0999999999999943,28.0
6768,2000,4.0,silverstone,False,0.0,False,0.0,False,irvine,British,jaguar,9,,0.0,0.0,15.0,0,0,9,1.0999999999999943,34.0
6771,2000,4.0,silverstone,False,0.0,False,0.0,False,villeneuve,Canadian,bar,10,16,5.0,0.0,6.0,6,0,6,1.2999999999999972,29.0
6761,2000,4.0,silverstone,False,0.0,False,0.0,False,trulli,Italian,jordan,11,6,3.0,0.0,,7,0,4,1.5,25.0
6762,2000,4.0,silverstone,False,0.0,False,0.0,False,fisichella,Italian,benetton,12,7,8.0,0.0,3.0,8,0,3,1.5999999999999943,27.0
6766,2000,4.0,silverstone,False,0.0,False,0.0,False,diniz,Brazilian,sauber,13,11,0.0,0.0,17.0,1,0,7,1.5999999999999943,29.0
6767,2000,4.0,Auto%#,False,0.0,False,0.0,False,herbert,British,jaguar,Auto%#,12,0.0,0.0,21.0,0,0,9,1.7999999999999972,35.0
6765,,4.0,silverstone,False,0.0,False,0.0,False,alesi,French,prost,15,10,0.0,0.0,0.0,0,0,11,1.8999999999999917,35.0
6774,2000,4.0,silverstone,False,0.0,False,0.0,False,zonta,Auto%#,bar,16,19,1.0,0.0,10.0,6,0,6,2.0999999999999943,24.0
6773,2000,4.0,silverstone,False,0.0,False,0.0,False,heidfeld,Auto%#,prost,17,,0.0,0.0,19.0,0,0,11,2.0999999999999943,22.0
6763,2000,4.0,silverstone,False,0.0,False,0.0,False,salo,Finnish,sauber,18,8,1.0,0.0,12.0,1,0,7,2.3999999999999915,33.0
6776,2000,4.0,silverstone,False,,False,0.0,False,rosa,Auto%#,arrows,19,21,0.0,0.0,16.0,0,0,8,2.3999999999999915,29.0
6764,2000,4.0,silverstone,False,0.0,False,0.0,False,wurz,Austrian,benetton,20,9,0.0,0.0,13.0,8,0,3,2.5,26.0
6769,2000,4.0,silverstone,False,0.0,False,,False,gene,Spanish,minardi,21,14,0.0,0.0,18.0,0,0,10,,26.0
6770,2000,4.0,silverstone,False,0.0,False,0.0,False,mazzacane,Argentine,minardi,22,15,0.0,0.0,20.0,0,0,,3.5,24.0
6782,2000,5.0,catalunya,False,0.0,True,0.0,False,michael_schumacher,German,ferrari,1,5,34.0,3.0,1.0,43,3,1,0.0,31.0
6778,2000,5.0,catalunya,False,,True,0.0,False,hakkinen,Finnish,mclaren,Auto%#,1,12.0,0.0,3.0,26,1,2,0.0999999999999943,31.0
6780,2000,5.0,catalunya,False,0.0,True,0.0,False,barrichello,Brazilian,ferrari,3,3,9.0,0.0,4.0,43,3,1,0.4000000000000057,27.0
6779,2000,5.0,catalunya,False,0.0,Auto%#,0.0,False,coulthard,British,mclaren,4,2,14.0,1.0,2.0,26,1,2,0.4000000000000057,29.0
6781,2000,5.0,catalunya,False,0.0,True,0.0,False,ralf_schumacher,German,williams,5,4,9.0,0.0,5.0,12,0,3,0.5999999999999943,24.0
6796,2000,5.0,catalunya,False,0.0,True,0.0,False,villeneuve,Canadian,bar,6,19,5.0,0.0,7.0,6,0,6,1.0,29.0
6789,2000,5.0,catalunya,False,0.0,True,0.0,False,trulli,Italian,jordan,7,12,4.0,0.0,9.0,8,0,5,1.0,25.0
6783,2000,5.0,catalunya,False,0.0,True,0.0,False,frentzen,,jordan,8,6,4.0,0.0,8.0,8,0,5,1.0999999999999943,
6788,2000,5.0,catalunya,False,0.0,True,0.0,False,irvine,British,jaguar,9,11,0.0,0.0,14.0,0,0,9,1.4000000000000057,34.0
6794,2000,5.0,catalunya,False,0.0,True,0.0,False,button,British,williams,10,17,3.0,0.0,10.0,12,0,3,1.4000000000000057,20.0
6795,2000,5.0,catalunya,False,0.0,True,0.0,False,verstappen,Dutch,arrows,11,18,0.0,0.0,15.0,0,0,,1.4000000000000057,28.0
6784,2000,5.0,catalunya,False,0.0,True,0.0,False,salo,Finnish,sauber,12,7,1.0,0.0,11.0,1,0,7,1.4000000000000057,33.0
6786,2000,5.0,catalunya,,0.0,True,0.0,False,fisichella,Italian,benetton,13,9,8.0,0.0,6.0,8,0,4,,27.0
6790,2000,5.0,catalunya,False,0.0,True,0.0,False,herbert,British,jaguar,14,13,0.0,0.0,20.0,0,0,9,1.7999999999999972,35.0
6799,2000,5.0,catalunya,False,0.0,True,0.0,False,diniz,Brazilian,sauber,15,22,0.0,0.0,16.0,1,0,7,1.7999999999999972,29.0
6785,2000,5.0,catalunya,False,0.0,True,0.0,False,zonta,Brazilian,bar,16,8,1.0,0.0,,6,0,6,1.9000000000000057,24.0
6797,2000,5.0,catalunya,False,0.0,True,0.0,False,alesi,French,prost,17,20,0.0,0.0,22.0,0,0,11,1.9000000000000057,35.0
6787,2000,5.0,,False,0.0,True,0.0,False,wurz,Austrian,benetton,18,10,0.0,0.0,13.0,8,0,4,2.0,26.0
6793,2000,5.0,catalunya,False,0.0,True,0.0,False,heidfeld,German,prost,19,16,0.0,0.0,19.0,0,0,11,2.0,22.0
6791,2000,5.0,Auto%#,False,0.0,True,0.0,False,gene,Spanish,minardi,Auto%#,14,0.0,0.0,17.0,0,0,10,2.5,26.0
6792,2000,5.0,catalunya,False,0.0,True,0.0,False,mazzacane,Argentine,minardi,21,15,0.0,0.0,21.0,0,0,10,3.299999999999997,24.0
6802,2000,6.0,nurburgring,False,0.0,True,1.0,False,coulthard,British,mclaren,1,3,20.0,1.0,3.0,42,2,2,,29.0
6800,2000,6.0,nurburgring,,0.0,True,1.0,False,michael_schumacher,,ferrari,2,1,36.0,3.0,1.0,49,3,,0.2000000000000028,31.0
6801,2000,6.0,nurburgring,False,0.0,True,1.0,False,hakkinen,Finnish,mclaren,3,2,22.0,1.0,2.0,42,2,2,0.2999999999999971,31.0
6803,2000,6.0,nurburgring,False,0.0,True,1.0,False,barrichello,Brazilian,ferrari,4,4,13.0,0.0,4.0,49,3,1,0.7000000000000028,27.0
6817,2000,6.0,nurburgring,False,0.0,True,1.0,False,ralf_schumacher,German,williams,5,18,12.0,0.0,5.0,15,0,3,1.0,24.0
6820,2000,6.0,Auto%#,False,0.0,True,1.0,False,trulli,,jordan,6,21,4.0,0.0,9.0,9,0,4,1.0999999999999943,25.0
6804,2000,6.0,nurburgring,False,0.0,True,1.0,False,fisichella,Italian,benetton,7,5,,0.0,6.0,8,0,5,1.2000000000000028,27.0
,2000,6.0,nurburgring,False,0.0,True,1.0,False,irvine,British,jaguar,8,16,0.0,,14.0,0,0,9,1.2000000000000028,34.0
6814,2000,6.0,nurburgring,False,0.0,True,1.0,False,villeneuve,Canadian,bar,9,15,5.0,0.0,8.0,6,0,6,1.2000000000000028,29.0
6819,2000,6.0,nurburgring,False,0.0,True,1.0,False,frentzen,German,jordan,10,20,5.0,0.0,7.0,9,0,4,1.2999999999999972,33.0
6809,2000,,nurburgring,False,0.0,True,1.0,False,button,British,williams,11,Auto%#,3.0,0.0,10.0,15,0,3,1.4000000000000057,20.0
6805,2000,6.0,nurburgring,False,0.0,Auto%#,1.0,False,rosa,Spanish,arrows,12,6,0.0,0.0,18.0,0,0,8,1.5,29.0
6816,,6.0,nurburgring,False,0.0,True,1.0,False,verstappen,Dutch,arrows,13,,0.0,0.0,15.0,0,0,8,1.7000000000000028,28.0
6811,2000,6.0,nurburgring,False,0.0,True,1.0,False,wurz,Austrian,benetton,14,12,0.0,0.0,13.0,8,0,5,1.9000000000000057,26.0
6806,2000,6.0,nurburgring,False,0.0,True,1.0,False,diniz,Brazilian,sauber,15,7,0.0,0.0,16.0,1,0,7,1.9000000000000057,29.0
6810,2000,6.0,,,0.0,True,,False,herbert,British,jaguar,16,11,0.0,0.0,20.0,0,0,9,2.0999999999999943,35.0
6808,2000,6.0,nurburgring,False,0.0,True,1.0,False,alesi,French,prost,17,9,0.0,0.0,22.0,0,0,Auto%#,2.200000000000003,35.0
,2000,6.0,nurburgring,False,0.0,True,1.0,False,zonta,Brazilian,bar,18,13,1.0,0.0,12.0,6,0,6,2.299999999999997,24.0
6818,2000,6.0,nurburgring,False,0.0,True,1.0,False,salo,Finnish,sauber,19,19,1.0,0.0,11.0,1,0,7,2.299999999999997,33.0
6813,2000,6.0,nurburgring,False,0.0,True,1.0,False,gene,Spanish,minardi,20,14,0.0,0.0,17.0,0,0,10,2.700000000000003,26.0
6807,2000,6.0,nurburgring,False,0.0,True,1.0,False,mazzacane,Argentine,minardi,21,8,0.0,0.0,21.0,0,0,Auto%#,3.5,25.0
6832,2000,7.0,monaco,True,0.0,False,0.0,False,michael_schumacher,German,ferrari,1,,46.0,4.0,1.0,62,4,1,0.0,31.0
6835,2000,7.0,Auto%#,True,0.0,False,0.0,False,trulli,Italian,jordan,2,15,4.0,0.0,9.0,9,0,5,0.2000000000000028,25.0
6821,2000,7.0,,True,0.0,False,0.0,False,coulthard,British,mclaren,3,1,24.0,1.0,3.0,52,2,2,0.4000000000000057,29.0
6830,2000,7.0,monaco,True,0.0,False,0.0,,frentzen,German,jordan,4,10,5.0,0.0,,9,0,5,0.5,33.0
6826,2000,7.0,monaco,True,0.0,False,0.0,False,hakkinen,Finnish,mclaren,5,6,28.0,1.0,2.0,52,2,2,0.7000000000000028,31.0
6822,2000,7.0,Auto%#,True,0.0,False,0.0,False,barrichello,Brazilian,ferrari,6,2,16.0,0.0,4.0,62,4,1,0.9000000000000057,28.0
6837,2000,7.0,monaco,True,0.0,False,0.0,False,alesi,French,prost,7,17,0.0,0.0,20.0,0,0,11,1.0,35.0
6823,2000,7.0,monaco,True,0.0,False,0.0,False,fisichella,Italian,benetton,,3,10.0,0.0,6.0,10,,4,1.2000000000000028,27.0
6834,2000,7.0,monaco,True,0.0,False,0.0,False,ralf_schumacher,German,williams,9,14,12.0,0.0,5.0,15,0,3,1.2000000000000028,24.0
6824,2000,7.0,monaco,True,0.0,False,0.0,False,irvine,British,jaguar,10,4,0.0,0.0,16.0,0,0,,1.2000000000000028,34.0
6829,2000,7.0,monaco,True,0.0,False,0.0,False,herbert,British,jaguar,11,9,0.0,0.0,22.0,0,0,9,1.2999999999999972,35.0
6840,2000,7.0,monaco,True,0.0,False,0.0,False,wurz,Austrian,benetton,12,20,0.0,0.0,15.0,10,0,4,1.4000000000000057,26.0
6825,2000,7.0,monaco,True,0.0,False,0.0,False,salo,,sauber,13,5,1.0,0.0,11.0,1,0,7,2.0999999999999943,33.0
6841,2000,7.0,monaco,True,0.0,False,0.0,False,button,British,williams,14,21,3.0,0.0,10.0,15,0,3,2.0999999999999943,20.0
6831,2000,7.0,monaco,True,0.0,False,0.0,False,verstappen,Dutch,arrows,15,11,0.0,0.0,17.0,1,0,8,2.200000000000003,28.0
,2000,7.0,monaco,,0.0,False,0.0,False,rosa,Spanish,arrows,16,22,1.0,0.0,13.0,1,0,8,2.299999999999997,29.0
6827,2000,7.0,monaco,True,0.0,False,0.0,False,villeneuve,Canadian,bar,17,7,5.0,0.0,8.0,6,0,6,2.299999999999997,
6828,2000,,monaco,True,0.0,False,0.0,False,heidfeld,German,prost,18,8,0.0,0.0,21.0,0,0,11,2.5,23.0
6836,2000,7.0,monaco,True,0.0,False,0.0,False,diniz,Brazilian,sauber,,16,0.0,0.0,14.0,1,0,7,2.5999999999999943,30.0
6833,2000,7.0,monaco,True,0.0,False,0.0,False,zonta,Brazilian,bar,20,13,1.0,0.0,12.0,6,0,6,2.799999999999997,24.0
6839,2000,7.0,monaco,True,0.0,False,0.0,False,gene,Spanish,minardi,21,19,0.0,0.0,19.0,0,0,10,4.200000000000003,26.0
6838,2000,7.0,monaco,True,0.0,False,0.0,False,mazzacane,Argentine,minardi,22,18,0.0,0.0,18.0,,0,10,4.299999999999997,25.0
6843,2000,8.0,villeneuve,False,0.0,False,0.0,True,michael_schumacher,German,ferrari,1,1,46.0,4.0,1.0,68,4,1,0.0,31.0
6849,2000,8.0,villeneuve,False,0.0,False,0.0,True,coulthard,British,mclaren,2,,34.0,2.0,2.0,63,3,2,0.0999999999999943,29.0
6844,2000,8.0,villeneuve,False,0.0,False,0.0,True,barrichello,Brazilian,ferrari,3,2,22.0,0.0,4.0,68,4,1,0.3999999999999915,28.0
6846,2000,8.0,villeneuve,False,0.0,False,0.0,True,hakkinen,Finnish,mclaren,4,4,29.0,1.0,3.0,63,3,2,0.5999999999999943,31.0
6863,2000,8.0,villeneuve,False,0.0,False,0.0,True,frentzen,German,jordan,5,Auto%#,5.0,0.0,7.0,9,0,5,1.0999999999999943,33.0
6857,2000,8.0,villeneuve,False,0.0,False,0.0,True,villeneuve,Canadian,bar,6,15,5.0,0.0,8.0,6,0,6,1.0999999999999943,29.0
6848,2000,8.0,villeneuve,False,0.0,False,,True,trulli,Italian,jordan,,6,4.0,0.0,9.0,9,0,5,1.1999999999999886,25.0
6850,2000,8.0,villeneuve,False,0.0,False,0.0,True,zonta,Brazilian,bar,,8,1.0,0.0,13.0,6,0,6,1.2999999999999972,24.0
6859,2000,,villeneuve,False,0.0,False,0.0,True,rosa,Spanish,arrows,9,17,1.0,0.0,14.0,1,0,9,1.5,29.0
6845,2000,8.0,villeneuve,False,0.0,False,0.0,Auto%#,fisichella,Italian,benetton,10,3,14.0,0.0,5.0,14,0,4,1.5,27.0
6864,2000,8.0,villeneuve,False,0.0,False,0.0,True,herbert,British,,11,22,0.0,0.0,,3,0,7,1.5999999999999943,35.0
6856,2000,8.0,villeneuve,False,,False,0.0,True,ralf_schumacher,,williams,Auto%#,14,12.0,,6.0,15,0,3,,24.0
6847,2000,8.0,villeneuve,False,0.0,False,0.0,True,verstappen,Dutch,arrows,13,5,0.0,0.0,17.0,1,0,9,1.6999999999999886,28.0
6851,2000,8.0,villeneuve,False,0.0,False,0.0,True,wurz,Austrian,benetton,14,9,0.0,0.0,16.0,14,0,4,1.6999999999999886,26.0
6860,2000,8.0,villeneuve,False,0.0,False,0.0,True,salo,Finnish,sauber,15,18,3.0,0.0,11.0,3,0,8,2.0,33.0
6855,2000,8.0,villeneuve,False,,False,0.0,True,irvine,British,jaguar,16,13,3.0,0.0,10.0,3,0,7,2.0999999999999943,34.0
6861,2000,8.0,villeneuve,False,0.0,False,0.0,True,alesi,French,prost,17,19,0.0,0.0,22.0,0,0,11,2.0999999999999943,36.0
6853,,8.0,villeneuve,False,,False,0.0,True,button,British,williams,18,11,3.0,0.0,12.0,15,0,3,2.0999999999999943,20.0
6852,2000,8.0,villeneuve,False,0.0,False,0.0,True,diniz,Brazilian,sauber,19,Auto%#,0.0,0.0,15.0,3,0,8,2.299999999999997,30.0
6858,2000,8.0,,False,0.0,False,0.0,True,gene,Spanish,minardi,20,,0.0,0.0,20.0,0,,10,2.6999999999999886,26.0
6862,2000,,villeneuve,,0.0,False,0.0,True,heidfeld,German,prost,21,20,0.0,0.0,18.0,0,0,11,3.299999999999997,23.0
6854,2000,8.0,villeneuve,False,0.0,False,0.0,True,mazzacane,Argentine,minardi,22,12,0.0,0.0,19.0,0,0,10,3.6999999999999886,
6880,2000,9.0,magny_cours,False,0.0,False,0.0,False,michael_schumacher,German,ferrari,,16,56.0,5.0,1.0,84,5,1,0.0,31.0
6865,,9.0,magny_cours,False,0.0,False,0.0,False,coulthard,British,mclaren,2,1,34.0,2.0,2.0,66,3,2,0.1000000000000085,29.0
6867,2000,9.0,magny_cours,False,0.0,False,0.0,False,barrichello,Brazilian,ferrari,3,3,28.0,0.0,4.0,84,5,1,0.4000000000000057,28.0
6866,2000,9.0,magny_cours,False,0.0,False,0.0,False,hakkinen,Finnish,mclaren,4,2,32.0,1.0,3.0,66,3,2,0.5,31.0
6869,2000,9.0,magny_cours,False,,False,0.0,False,ralf_schumacher,German,williams,5,5,12.0,0.0,6.0,15,0,4,0.7000000000000028,25.0
6877,2000,9.0,magny_cours,False,0.0,False,0.0,False,irvine,British,jaguar,6,13,,0.0,,3,0,7,0.8000000000000114,34.0
6868,2000,9.0,magny_cours,False,0.0,False,0.0,False,villeneuve,Auto%#,bar,7,4,5.0,0.0,8.0,6,0,6,1.1000000000000083,29.0
6871,2000,9.0,magny_cours,False,0.0,False,0.0,False,frentzen,German,jordan,8,7,5.0,0.0,7.0,10,0,5,1.1000000000000083,33.0
6870,2000,9.0,magny_cours,False,0.0,False,0.0,False,trulli,Italian,jordan,9,6,5.0,0.0,9.0,10,0,5,1.1000000000000083,25.0
6872,2000,,magny_cours,False,0.0,False,0.0,False,button,British,williams,10,8,3.0,0.0,12.0,15,0,4,1.3000000000000114,20.0
6885,2000,9.0,magny_cours,False,0.0,Auto%#,0.0,False,herbert,British,jaguar,11,21,0.0,0.0,21.0,3,0,7,1.6000000000000083,36.0
6874,2000,9.0,magny_cours,False,0.0,False,0.0,False,salo,Finnish,sauber,12,10,3.0,0.0,11.0,3,0,8,1.6000000000000083,33.0
6881,,9.0,magny_cours,,0.0,False,0.0,False,rosa,Spanish,arrows,13,17,1.0,0.0,15.0,3,0,9,1.7000000000000028,29.0
6873,2000,9.0,magny_cours,False,0.0,False,0.0,False,fisichella,Italian,benetton,Auto%#,9,18.0,0.0,5.0,18,0,3,,27.0
6875,2000,9.0,magny_cours,False,0.0,False,0.0,False,diniz,Brazilian,sauber,15,11,0.0,0.0,16.0,3,0,8,1.8000000000000114,30.0
6876,2000,9.0,magny_cours,False,0.0,False,0.0,False,heidfeld,German,prost,16,12,0.0,0.0,18.0,0,0,Auto%#,1.8000000000000114,23.0
6882,2000,9.0,magny_cours,False,0.0,False,0.0,False,wurz,Austrian,benetton,17,18,0.0,0.0,17.0,18,0,3,1.8000000000000114,26.0
6878,2000,9.0,magny_cours,False,0.0,False,0.0,False,alesi,French,prost,18,14,0.0,0.0,22.0,0,0,11,2.0,36.0
6886,2000,9.0,magny_cours,False,0.0,False,0.0,False,zonta,Brazilian,bar,19,22,1.0,0.0,14.0,6,0,6,2.1000000000000085,24.0
6884,2000,9.0,magny_cours,False,0.0,False,0.0,False,verstappen,Auto%#,arrows,20,20,2.0,0.0,13.0,3,0,9,2.300000000000012,28.0
6879,2000,9.0,magny_cours,False,0.0,False,0.0,False,gene,Spanish,minardi,,15,0.0,0.0,20.0,0,0,10,2.5,26.0
6883,2000,9.0,magny_cours,False,0.0,False,0.0,False,mazzacane,Argentine,minardi,22,,0.0,0.0,19.0,0,0,10,2.700000000000003,25.0
6887,2000,10.0,osterreichring,False,0.0,True,0.0,False,hakkinen,Finnish,mclaren,1,1,38.0,1.0,3.0,82,4,2,0.0,31.0
6888,2000,10.0,osterreichring,False,0.0,True,0.0,False,coulthard,British,mclaren,2,2,44.0,3.0,2.0,82,4,2,0.3999999999999915,29.0
6889,2000,10.0,osterreichring,False,0.0,True,0.0,False,barrichello,Brazilian,ferrari,3,3,32.0,0.0,4.0,88,5,1,0.3999999999999915,28.0
6906,2000,10.0,osterreichring,False,0.0,True,0.0,False,michael_schumacher,German,ferrari,4,20,56.0,5.0,1.0,88,5,1,0.5999999999999943,31.0
6907,2000,10.0,osterreichring,False,0.0,True,0.0,False,trulli,Italian,jordan,5,21,6.0,0.0,8.0,11,0,5,1.1999999999999886,26.0
6899,2000,10.0,osterreichring,False,0.0,True,0.0,False,zonta,Brazilian,bar,6,Auto%#,1.0,0.0,14.0,9,0,6,1.1999999999999886,24.0
6890,2000,10.0,osterreichring,False,0.0,True,0.0,False,villeneuve,Canadian,bar,7,4,8.0,0.0,,9,0,6,1.1999999999999886,29.0
6908,2000,10.0,osterreichring,False,0.0,True,0.0,Auto%#,fisichella,Italian,benetton,8,22,18.0,0.0,5.0,18,0,3,1.2999999999999972,27.0
6892,2000,10.0,osterreichring,False,0.0,True,0.0,False,salo,Finnish,sauber,9,6,3.0,0.0,11.0,3,0,8,1.3999999999999917,33.0
6904,2000,10.0,osterreichring,False,0.0,True,0.0,False,verstappen,,arrows,10,18,2.0,0.0,13.0,3,0,9,1.5,28.0
6895,2000,10.0,osterreichring,False,0.0,True,0.0,False,diniz,Brazilian,sauber,11,9,,0.0,16.0,3,0,8,1.5,30.0
6903,2000,10.0,osterreichring,,0.0,True,0.0,False,rosa,Spanish,arrows,12,Auto%#,1.0,0.0,15.0,3,,9,1.5999999999999943,29.0
6901,2000,10.0,osterreichring,False,0.0,True,0.0,False,heidfeld,German,prost,13,15,0.0,0.0,18.0,,0,11,1.5999999999999943,23.0
,2000,10.0,osterreichring,False,0.0,True,0.0,False,wurz,Austrian,benetton,14,10,0.0,0.0,17.0,18,0,3,1.5999999999999943,26.0
6905,2000,10.0,osterreichring,False,0.0,True,0.0,False,frentzen,German,jordan,15,19,5.0,0.0,9.0,11,0,5,1.5999999999999943,33.0
6893,,10.0,osterreichring,False,0.0,True,0.0,False,herbert,British,jaguar,16,7,0.0,0.0,21.0,3,0,7,1.7999999999999972,36.0
6902,2000,10.0,osterreichring,False,0.0,True,0.0,False,alesi,French,Auto%#,17,16,0.0,0.0,22.0,0,0,11,1.8999999999999917,36.0
6891,2000,,osterreichring,False,,True,0.0,False,button,British,williams,18,5,3.0,0.0,12.0,17,0,4,1.8999999999999917,20.0
6900,2000,10.0,osterreichring,False,0.0,Auto%#,0.0,False,ralf_schumacher,German,williams,19,14,14.0,0.0,6.0,17,0,4,1.8999999999999917,25.0
6894,2000,10.0,osterreichring,False,0.0,True,0.0,False,gene,Spanish,,20,8,0.0,0.0,20.0,0,,10,2.299999999999997,26.0
6897,2000,10.0,osterreichring,False,,True,0.0,False,burti,Brazilian,jaguar,21,11,0.0,0.0,0.0,3,0,7,2.3999999999999915,25.0
6898,2000,10.0,osterreichring,False,0.0,True,0.0,False,mazzacane,Argentine,minardi,22,12,0.0,0.0,19.0,0,0,10,3.0,25.0
6911,2000,11.0,hockenheimring,False,0.0,False,0.0,False,coulthard,British,mclaren,1,3,50.0,3.0,2.0,98,5,1,0.0,29.0
6929,2000,11.0,hockenheimring,False,0.0,False,0.0,False,michael_schumacher,German,ferrari,2,21,56.0,5.0,1.0,,5,2,1.3999999999999917,31.0
6930,2000,11.0,hockenheimring,False,0.0,False,0.0,False,fisichella,Italian,benetton,3,22,18.0,0.0,,18,0,4,1.3999999999999917,27.0
6910,2000,11.0,hockenheimring,False,0.0,False,0.0,False,hakkinen,Finnish,mclaren,4,2,48.0,2.0,3.0,98,5,1,1.5,31.0
6914,2000,11.0,hockenheimring,False,0.0,False,0.0,False,rosa,Spanish,arrows,5,6,1.0,0.0,15.0,3,0,9,2.0999999999999943,29.0
6917,2000,11.0,hockenheimring,False,0.0,False,0.0,False,trulli,Italian,jordan,6,9,6.0,0.0,8.0,11,0,6,2.0999999999999943,26.0
6925,2000,11.0,hockenheimring,False,0.0,False,0.0,False,wurz,Austrian,benetton,7,17,0.0,0.0,17.0,,0,4,2.299999999999997,26.0
6928,2000,11.0,hockenheimring,False,0.0,False,0.0,False,herbert,British,jaguar,8,20,0.0,0.0,18.0,3,0,8,2.3999999999999915,36.0
6916,2000,11.0,hockenheimring,False,0.0,False,0.0,False,villeneuve,Canadian,,9,8,11.0,0.0,7.0,12,0,5,2.3999999999999915,
6918,2000,11.0,hockenheimring,False,0.0,False,0.0,False,irvine,British,jaguar,10,10,3.0,0.0,12.0,3,0,8,2.5999999999999943,34.0
,2000,11.0,,False,0.0,False,,False,verstappen,Dutch,arrows,11,14,2.0,0.0,13.0,3,0,9,2.5999999999999943,28.0
6923,2000,11.0,hockenheimring,False,0.0,False,0.0,False,zonta,Brazilian,bar,12,15,1.0,0.0,14.0,12,0,,3.0,24.0
,2000,11.0,hockenheimring,False,0.0,False,0.0,False,heidfeld,German,prost,13,12,0.0,0.0,20.0,0,0,,3.0,23.0
6915,2000,11.0,hockenheimring,False,0.0,False,0.0,False,ralf_schumacher,German,williams,14,7,14.0,0.0,6.0,19,0,3,3.0999999999999943,25.0
6913,2000,11.0,hockenheimring,False,0.0,False,0.0,False,salo,Finnish,sauber,15,5,4.0,0.0,11.0,4,0,7,3.5,33.0
6912,2000,11.0,hockenheimring,False,0.0,False,0.0,False,button,British,williams,16,4,5.0,0.0,,19,0,3,3.5,20.0
6921,2000,11.0,hockenheimring,False,0.0,False,0.0,False,frentzen,German,,17,13,5.0,0.0,9.0,11,0,6,3.5999999999999943,33.0
6909,2000,11.0,hockenheimring,False,0.0,False,0.0,False,barrichello,Brazilian,ferrari,18,1,36.0,0.0,4.0,92,5,2,3.799999999999997,28.0
6926,2000,11.0,hockenheimring,False,0.0,False,0.0,False,diniz,Brazilian,,19,18,0.0,0.0,16.0,4,0,7,4.200000000000003,30.0
6927,2000,11.0,hockenheimring,False,0.0,False,0.0,False,alesi,French,prost,20,19,0.0,0.0,22.0,0,0,11,4.599999999999994,36.0
6919,2000,11.0,hockenheimring,False,0.0,False,0.0,False,mazzacane,Argentine,minardi,21,11,0.0,0.0,21.0,0,0,10,5.899999999999992,25.0
6924,2000,11.0,hockenheimring,False,0.0,False,0.0,False,gene,Spanish,minardi,22,16,0.0,0.0,19.0,0,0,10,7.399999999999991,26.0
6932,2000,12.0,hungaroring,False,0.0,True,0.0,False,michael_schumacher,German,ferrari,1,2,56.0,5.0,1.0,102,6,2,0.0,31.0
6933,2000,12.0,hungaroring,False,0.0,True,0.0,False,coulthard,British,mclaren,2,3,54.0,3.0,2.0,108,5,1,0.4000000000000057,29.0
6931,2000,12.0,hungaroring,False,0.0,True,0.0,False,hakkinen,Finnish,mclaren,3,1,54.0,2.0,3.0,108,5,1,0.4000000000000057,31.0
6935,2000,12.0,hungaroring,False,0.0,True,0.0,False,ralf_schumacher,German,williams,4,5,14.0,0.0,6.0,22,0,,0.7999999999999972,25.0
6934,2000,12.0,hungaroring,False,0.0,True,0.0,,barrichello,Brazilian,ferrari,5,4,46.0,1.0,4.0,102,6,2,0.7999999999999972,28.0
6936,2000,12.0,hungaroring,False,0.0,True,0.0,False,frentzen,German,jordan,6,6,5.0,0.0,11.0,11,0,6,1.0,33.0
6950,2000,12.0,hungaroring,False,0.0,True,0.0,False,fisichella,Italian,benetton,7,20,18.0,0.0,5.0,18,0,4,1.0999999999999943,27.0
6939,2000,12.0,hungaroring,False,0.0,True,,Auto%#,button,British,williams,8,9,8.0,0.0,8.0,22,0,,1.2000000000000028,20.0
6940,2000,12.0,hungaroring,False,0.0,True,0.0,False,salo,Finnish,sauber,9,10,6.0,0.0,10.0,6,0,7,1.2000000000000028,33.0
6938,2000,12.0,hungaroring,False,0.0,True,0.0,False,irvine,British,jaguar,,8,3.0,0.0,12.0,3,0,9,1.5,34.0
6941,2000,12.0,hungaroring,False,0.0,True,0.0,False,wurz,Austrian,benetton,11,Auto%#,0.0,0.0,,18,0,4,1.7999999999999972,26.0
6937,2000,12.0,hungaroring,False,0.0,True,0.0,False,trulli,Italian,jordan,12,7,6.0,0.0,9.0,11,0,6,1.7999999999999972,26.0
6949,2000,12.0,hungaroring,False,0.0,True,0.0,False,diniz,Brazilian,sauber,13,19,0.0,0.0,16.0,6,0,7,2.0,30.0
6952,2000,12.0,Auto%#,False,0.0,True,0.0,False,alesi,French,prost,14,22,0.0,0.0,22.0,0,0,11,2.0999999999999943,
6946,2000,12.0,hungaroring,False,0.0,True,0.0,False,rosa,Spanish,arrows,15,16,2.0,0.0,14.0,4,0,8,2.4000000000000057,29.0
6942,2000,12.0,hungaroring,False,0.0,True,0.0,False,villeneuve,Canadian,bar,Auto%#,12,11.0,0.0,7.0,12,0,5,2.4000000000000057,29.0
,2000,12.0,hungaroring,False,0.0,True,0.0,False,herbert,British,jaguar,17,18,0.0,0.0,18.0,3,0,9,2.5,36.0
6944,2000,,hungaroring,False,0.0,True,0.0,,zonta,Brazilian,bar,18,14,1.0,0.0,15.0,12,0,5,2.799999999999997,24.0
6951,2000,12.0,hungaroring,False,0.0,True,0.0,False,heidfeld,German,prost,,21,0.0,0.0,20.0,0,0,11,3.0,23.0
6943,2000,12.0,hungaroring,False,0.0,True,0.0,False,verstappen,Dutch,arrows,20,13,2.0,0.0,13.0,4,0,8,3.0999999999999943,
6945,2000,12.0,hungaroring,False,0.0,True,0.0,,gene,Spanish,minardi,21,15,0.0,0.0,19.0,0,0,10,3.200000000000003,26.0
6947,2000,12.0,hungaroring,False,0.0,True,0.0,False,mazzacane,Argentine,minardi,22,Auto%#,0.0,0.0,21.0,0,0,10,3.4000000000000057,25.0
6953,2000,13.0,spa,False,0.0,,1.0,False,hakkinen,Finnish,mclaren,1,1,64.0,3.0,1.0,122,6,1,0.0,31.0
6974,2000,13.0,spa,False,0.0,False,1.0,False,trulli,Auto%#,jordan,2,22,6.0,0.0,10.0,12,0,5,0.8000000000000114,26.0
6957,2000,13.0,spa,False,0.0,False,1.0,False,button,British,,3,5,8.0,0.0,8.0,24,0,3,0.8000000000000114,20.0
6954,2000,13.0,Auto%#,False,0.0,False,1.0,False,michael_schumacher,German,ferrari,4,2,62.0,5.0,2.0,111,6,2,1.0,31.0
6956,2000,13.0,spa,False,0.0,False,1.0,False,coulthard,British,mclaren,5,4,58.0,3.0,3.0,122,6,1,1.0,
6955,2000,13.0,spa,False,0.0,False,1.0,False,ralf_schumacher,German,williams,6,3,16.0,0.0,6.0,24,0,3,1.1000000000000083,25.0
6959,2000,13.0,,False,0.0,False,1.0,False,villeneuve,Canadian,bar,7,7,11.0,0.0,7.0,12,0,6,1.2000000000000028,29.0
6958,2000,13.0,spa,False,0.0,False,1.0,False,frentzen,German,jordan,8,6,6.0,0.0,9.0,12,0,5,1.3000000000000114,33.0
6960,2000,,spa,False,0.0,False,,False,herbert,British,jaguar,9,8,0.0,0.0,18.0,3,0,9,1.6000000000000083,36.0
6970,2000,13.0,spa,False,0.0,False,,False,barrichello,Brazilian,ferrari,10,18,49.0,1.0,4.0,111,6,2,1.8000000000000114,28.0
6973,2000,13.0,spa,False,0.0,False,1.0,False,fisichella,Italian,benetton,11,21,18.0,0.0,,18,0,Auto%#,,27.0
6962,2000,13.0,spa,False,0.0,False,1.0,False,irvine,Auto%#,jaguar,12,10,3.0,0.0,12.0,3,0,9,2.300000000000012,34.0
6964,2000,13.0,spa,,0.0,False,1.0,False,zonta,Brazilian,bar,13,12,1.0,0.0,15.0,12,0,6,2.4000000000000057,24.0
6972,2000,13.0,spa,False,,False,1.0,False,heidfeld,German,prost,14,20,0.0,0.0,20.0,0,0,11,2.6000000000000085,23.0
6963,2000,13.0,spa,False,0.0,False,1.0,False,,Brazilian,sauber,,11,0.0,0.0,16.0,6,0,7,2.6000000000000085,30.0
6968,2000,13.0,spa,False,0.0,False,1.0,False,rosa,Spanish,arrows,16,16,2.0,0.0,14.0,4,0,8,2.6000000000000085,29.0
6971,2000,13.0,spa,False,0.0,False,1.0,False,alesi,French,prost,17,19,0.0,0.0,22.0,0,0,11,2.700000000000003,36.0
6961,2000,13.0,spa,False,0.0,False,1.0,False,salo,Finnish,sauber,18,9,6.0,0.0,11.0,6,0,7,2.800000000000012,33.0
6965,2000,13.0,spa,False,0.0,False,1.0,False,wurz,Austrian,benetton,19,13,0.0,0.0,17.0,18,0,4,2.800000000000012,26.0
6967,2000,13.0,spa,False,0.0,False,1.0,False,verstappen,Dutch,arrows,20,15,2.0,0.0,13.0,4,0,8,3.300000000000012,28.0
6966,2000,13.0,spa,,0.0,False,1.0,False,gene,Spanish,minardi,21,14,0.0,0.0,19.0,0,0,10,4.1000000000000085,26.0
6969,2000,13.0,spa,False,0.0,False,1.0,False,mazzacane,Argentine,minardi,22,17,0.0,0.0,21.0,0,0,10,4.200000000000003,25.0
6975,2000,14.0,monza,True,0.0,False,0.0,False,michael_schumacher,German,ferrari,1,1,68.0,5.0,2.0,117,6,2,0.0,
6991,2000,14.0,monza,True,0.0,False,0.0,False,barrichello,Brazilian,ferrari,2,17,49.0,1.0,4.0,117,6,2,0.0,28.0
,2000,14.0,monza,True,0.0,False,0.0,False,hakkinen,Finnish,mclaren,3,2,74.0,4.0,1.0,135,7,1,0.2000000000000028,31.0
6988,2000,14.0,monza,True,0.0,False,0.0,False,villeneuve,Canadian,bar,4,14,11.0,0.0,,,,6,0.4000000000000057,29.0
6992,2000,14.0,Auto%#,True,0.0,False,0.0,False,coulthard,British,mclaren,5,,61.0,3.0,3.0,135,7,1,0.5,29.0
6993,2000,14.0,monza,True,0.0,False,0.0,False,trulli,Italian,jordan,6,19,6.0,0.0,10.0,13,0,5,0.7000000000000028,
6977,2000,14.0,,True,0.0,False,0.0,False,ralf_schumacher,German,williams,,3,20.0,0.0,5.0,30,0,3,0.7000000000000028,25.0
6994,2000,14.0,monza,True,0.0,False,0.0,False,frentzen,German,jordan,8,20,,0.0,9.0,13,0,5,1.0,33.0
6985,2000,14.0,monza,True,0.0,False,0.0,False,fisichella,Italian,benetton,9,11,18.0,0.0,6.0,18,0,4,1.0,27.0
6995,2000,14.0,monza,True,0.0,False,0.0,False,rosa,Spanish,arrows,10,21,2.0,0.0,,4,0,8,1.0,29.0
6978,2000,14.0,monza,True,0.0,False,0.0,False,verstappen,Dutch,arrows,11,4,2.0,0.0,13.0,,0,8,1.0,28.0
6989,2000,,monza,True,0.0,False,0.0,False,button,British,williams,Auto%#,15,10.0,0.0,8.0,30,0,3,1.1000000000000083,20.0
6979,2000,14.0,monza,True,,False,0.0,False,wurz,Austrian,benetton,13,5,0.0,0.0,18.0,18,0,4,1.4000000000000057,26.0
6996,2000,14.0,monza,True,,False,0.0,False,irvine,British,jaguar,14,,3.0,0.0,12.0,3,0,9,1.5,34.0
6981,2000,14.0,monza,True,0.0,False,0.0,False,salo,Finnish,sauber,15,7,6.0,0.0,11.0,6,0,7,1.5,33.0
6982,2000,14.0,,True,0.0,False,0.0,False,diniz,Brazilian,sauber,16,,0.0,0.0,16.0,6,0,7,1.5,30.0
6980,2000,14.0,monza,True,0.0,,0.0,False,zonta,Brazilian,bar,17,6,1.0,0.0,15.0,12,0,6,1.5,24.0
6990,2000,14.0,monza,True,,False,0.0,False,herbert,British,jaguar,18,16,0.0,0.0,17.0,3,0,9,1.6000000000000083,36.0
6986,2000,14.0,monza,True,0.0,False,0.0,False,alesi,French,prost,19,12,0.0,0.0,22.0,0,0,11,1.7999999999999972,36.0
6987,2000,14.0,monza,True,0.0,False,0.0,False,heidfeld,German,prost,20,13,,0.0,20.0,0,0,11,1.7999999999999972,23.0
6983,2000,14.0,monza,True,0.0,False,0.0,False,gene,Spanish,minardi,21,9,0.0,0.0,19.0,0,0,10,2.5,26.0
6984,2000,14.0,monza,True,0.0,False,0.0,False,mazzacane,Argentine,Auto%#,22,10,0.0,0.0,21.0,0,0,,3.6000000000000085,25.0
6997,2000,15.0,indianapolis,False,0.0,False,0.0,False,michael_schumacher,German,ferrari,1,1,78.0,6.0,2.0,127,7,2,0.0,31.0
7001,2000,15.0,indianapolis,False,0.0,False,0.0,False,coulthard,British,mclaren,2,5,61.0,3.0,3.0,141,7,1,0.1000000000000085,29.0
7015,2000,15.0,indianapolis,False,0.0,False,0.0,False,hakkinen,Finnish,mclaren,3,19,80.0,4.0,1.0,141,7,1,0.1000000000000085,31.0
6998,2000,15.0,indianapolis,False,0.0,False,0.0,False,barrichello,Brazilian,ferrari,4,2,49.0,1.0,4.0,127,7,2,0.2999999999999971,28.0
7018,2000,15.0,indianapolis,False,0.0,False,0.0,False,trulli,Italian,jordan,5,22,6.0,0.0,10.0,13,0,5,0.7000000000000028,26.0
7017,2000,15.0,indianapolis,False,0.0,False,0.0,False,button,British,williams,6,21,10.0,0.0,8.0,34,0,3,0.7000000000000028,20.0
6999,2000,15.0,indianapolis,False,0.0,False,0.0,False,frentzen,German,jordan,,3,7.0,0.0,9.0,13,0,5,0.7999999999999972,33.0
7000,2000,15.0,indianapolis,False,0.0,False,0.0,False,villeneuve,Canadian,bar,8,4,11.0,0.0,7.0,13,0,6,1.0,29.0
7004,2000,15.0,indianapolis,False,0.0,False,0.0,False,diniz,Brazilian,sauber,9,8,0.0,0.0,17.0,,0,8,1.1000000000000083,30.0
7011,2000,15.0,indianapolis,False,0.0,False,0.0,False,ralf_schumacher,German,williams,10,15,24.0,0.0,5.0,34,0,3,,25.0
7006,2000,15.0,indianapolis,False,0.0,False,,False,wurz,Austrian,benetton,11,10,2.0,0.0,14.0,20,0,4,1.5,26.0
7002,2000,15.0,indianapolis,False,,False,0.0,False,zonta,Brazilian,bar,12,6,2.0,0.0,15.0,13,0,6,1.5,24.0
7014,2000,15.0,indianapolis,False,0.0,False,0.0,False,verstappen,Dutch,,13,18,5.0,0.0,12.0,7,0,7,1.5,28.0
7016,2000,15.0,indianapolis,,0.0,False,0.0,,salo,Finnish,sauber,14,20,6.0,0.0,11.0,6,0,8,1.6000000000000083,33.0
7013,2000,15.0,indianapolis,False,0.0,False,0.0,False,fisichella,Italian,benetton,15,17,18.0,0.0,6.0,20,0,4,1.6000000000000083,27.0
7005,2000,,indianapolis,False,0.0,False,0.0,False,heidfeld,German,prost,16,9,0.0,0.0,20.0,0,0,11,1.7999999999999972,23.0
7003,2000,,indianapolis,False,0.0,False,,False,irvine,British,jaguar,17,7,3.0,0.0,13.0,3,0,9,1.7999999999999972,34.0
7012,2000,15.0,indianapolis,False,0.0,False,0.0,False,rosa,Spanish,arrows,18,Auto%#,2.0,0.0,16.0,7,0,7,1.7999999999999972,29.0
7007,2000,15.0,indianapolis,False,0.0,False,0.0,False,herbert,British,jaguar,19,11,0.0,0.0,18.0,,0,9,1.9000000000000057,36.0
7009,2000,15.0,indianapolis,False,0.0,False,0.0,False,alesi,French,prost,20,13,0.0,0.0,,0,0,11,2.200000000000003,36.0
7010,2000,15.0,indianapolis,False,0.0,False,0.0,False,mazzacane,Argentine,minardi,21,14,0.0,0.0,21.0,0,0,10,2.5,25.0
7008,2000,15.0,indianapolis,False,0.0,False,0.0,False,gene,Spanish,minardi,22,12,0.0,0.0,19.0,0,0,10,2.9000000000000057,26.0
,2000,16.0,suzuka,False,0.0,False,0.0,False,michael_schumacher,German,ferrari,1,1,88.0,7.0,1.0,,8,1,0.0,31.0
7020,2000,16.0,suzuka,False,0.0,False,0.0,False,hakkinen,Finnish,mclaren,2,2,80.0,4.0,2.0,143,7,2,0.0,32.0
7021,2000,16.0,suzuka,False,0.0,False,0.0,False,coulthard,British,mclaren,3,3,63.0,3.0,3.0,143,7,2,0.4000000000000057,29.0
7022,2000,16.0,suzuka,False,0.0,False,0.0,False,barrichello,Brazilian,ferrari,4,4,55.0,1.0,4.0,143,8,1,0.5,28.0
7023,,16.0,suzuka,False,0.0,False,0.0,,button,British,williams,,5,10.0,0.0,9.0,34,0,3,0.7999999999999972,20.0
7035,2000,16.0,suzuka,False,0.0,False,0.0,False,ralf_schumacher,German,williams,6,17,24.0,0.0,5.0,34,0,3,1.0,25.0
7026,2000,16.0,suzuka,False,0.0,False,,False,irvine,British,,7,8,3.0,0.0,13.0,3,0,9,1.1000000000000083,34.0
7038,2000,16.0,suzuka,False,0.0,False,0.0,False,frentzen,German,jordan,Auto%#,20,11.0,0.0,8.0,17,0,5,1.4000000000000057,33.0
7024,2000,16.0,suzuka,False,0.0,False,0.0,False,villeneuve,Canadian,bar,9,6,14.0,0.0,7.0,17,0,6,1.5,29.0
7025,2000,16.0,suzuka,False,0.0,False,0.0,False,herbert,British,jaguar,10,7,0.0,,18.0,3,0,9,1.5,36.0
7037,2000,16.0,suzuka,False,0.0,False,0.0,False,wurz,Austrian,benetton,,19,2.0,0.0,15.0,20,0,4,,
7032,2000,16.0,suzuka,False,0.0,Auto%#,0.0,False,fisichella,Italian,benetton,12,14,18.0,0.0,6.0,20,0,4,1.7000000000000028,27.0
7030,2000,16.0,suzuka,False,0.0,False,0.0,False,rosa,Spanish,arrows,13,12,2.0,0.0,16.0,7,0,7,1.9000000000000057,29.0
7040,2000,16.0,suzuka,False,0.0,False,0.0,False,verstappen,Dutch,arrows,14,22,5.0,0.0,,7,0,7,1.9000000000000057,28.0
7031,2000,16.0,suzuka,False,0.0,False,0.0,False,trulli,Italian,jordan,15,13,6.0,0.0,10.0,17,0,5,1.9000000000000057,26.0
7036,2000,16.0,suzuka,False,0.0,False,,False,heidfeld,German,prost,16,18,,0.0,20.0,0,0,11,2.299999999999997,23.0
7039,2000,16.0,suzuka,False,0.0,False,0.0,False,alesi,French,prost,17,21,0.0,0.0,22.0,0,0,11,2.4000000000000057,36.0
7027,2000,16.0,suzuka,False,0.0,,0.0,False,zonta,Brazilian,bar,18,9,3.0,0.0,14.0,17,0,6,2.5,24.0
,,16.0,suzuka,False,0.0,False,0.0,False,salo,Finnish,sauber,19,10,6.0,,11.0,6,0,8,2.700000000000003,33.0
7029,2000,16.0,suzuka,False,0.0,False,0.0,False,,Brazilian,sauber,20,11,0.0,0.0,,6,0,8,2.799999999999997,30.0
7034,2000,16.0,suzuka,False,0.0,False,0.0,False,gene,Spanish,,21,16,0.0,0.0,19.0,0,0,10,4.200000000000003,
7033,2000,16.0,suzuka,False,0.0,False,0.0,False,mazzacane,Argentine,minardi,22,15,0.0,0.0,21.0,0,0,10,4.700000000000003,25.0
7041,2000,17.0,sepang,False,0.0,True,0.0,,michael_schumacher,,ferrari,1,1,98.0,8.0,1.0,156,9,1,0.0,31.0
7044,2000,,sepang,False,0.0,True,0.0,,hakkinen,Finnish,mclaren,,4,,4.0,,153,7,2,0.5,32.0
7042,2000,17.0,sepang,False,0.0,True,0.0,False,coulthard,British,mclaren,3,2,67.0,3.0,3.0,153,7,,0.5,29.0
7043,2000,17.0,sepang,False,0.0,True,0.0,False,barrichello,Brazilian,ferrari,4,3,58.0,1.0,4.0,156,9,Auto%#,0.5,28.0
7047,2000,17.0,sepang,False,0.0,True,,False,wurz,Austrian,benetton,5,7,2.0,0.0,15.0,20,0,4,1.1999999999999886,26.0
7045,2000,17.0,sepang,,0.0,True,0.0,False,villeneuve,Canadian,bar,6,,15.0,0.0,7.0,18,0,5,1.2999999999999972,29.0
7046,2000,17.0,sepang,False,,True,0.0,False,,British,jaguar,,6,3.0,0.0,13.0,3,0,9,1.2999999999999972,34.0
7056,2000,17.0,sepang,False,0.0,True,0.0,False,ralf_schumacher,German,williams,8,16,24.0,0.0,5.0,36,0,3,1.2999999999999972,25.0
7052,2000,17.0,sepang,False,0.0,True,0.0,False,trulli,Italian,jordan,9,12,6.0,0.0,10.0,17,0,6,1.5,26.0
7059,,17.0,sepang,False,0.0,True,0.0,False,frentzen,German,jordan,10,19,11.0,0.0,9.0,17,0,6,1.5999999999999943,33.0
,2000,17.0,sepang,False,0.0,True,0.0,False,zonta,Brazilian,bar,11,15,3.0,0.0,14.0,18,0,5,1.7999999999999972,24.0
7054,2000,17.0,sepang,False,0.0,True,0.0,False,herbert,British,jaguar,12,14,0.0,0.0,17.0,3,0,9,1.8999999999999917,36.0
,2000,17.0,sepang,False,0.0,True,,False,fisichella,Italian,benetton,13,9,18.0,0.0,6.0,20,0,4,2.0,27.0
7060,2000,17.0,sepang,,0.0,True,0.0,False,rosa,Spanish,arrows,14,20,2.0,0.0,16.0,7,0,7,2.0,29.0
7050,2000,17.0,sepang,False,0.0,True,0.0,False,verstappen,Dutch,arrows,15,10,5.0,0.0,12.0,7,0,7,2.0999999999999943,28.0
7058,2000,17.0,sepang,False,0.0,True,0.0,False,button,British,williams,16,18,12.0,0.0,8.0,36,0,3,2.1999999999999886,20.0
7048,2000,17.0,sepang,False,0.0,True,0.0,False,salo,Finnish,sauber,17,8,6.0,0.0,11.0,,0,8,2.1999999999999886,33.0
7051,2000,17.0,sepang,False,0.0,True,0.0,False,alesi,French,prost,18,11,0.0,0.0,22.0,0,0,11,2.6999999999999886,36.0
7061,2000,17.0,sepang,False,0.0,True,0.0,False,heidfeld,German,prost,19,21,0.0,0.0,20.0,0,0,11,2.6999999999999886,23.0
7062,2000,17.0,sepang,False,0.0,True,0.0,False,diniz,Brazilian,sauber,20,22,0.0,0.0,18.0,6,0,8,3.0999999999999943,30.0
7057,2000,17.0,sepang,False,0.0,True,0.0,False,gene,Spanish,minardi,21,17,0.0,0.0,19.0,0,0,10,3.299999999999997,26.0
7053,2000,17.0,sepang,False,0.0,True,0.0,False,mazzacane,Argentine,minardi,22,13,0.0,0.0,21.0,0,0,10,,25.0
7063,2001,,albert_park,True,0.0,False,0.0,False,michael_schumacher,German,ferrari,1,1,,0.0,0.0,0,0,0,0.0,
7065,2001,1.0,albert_park,True,0.0,False,0.0,False,barrichello,Brazilian,ferrari,2,3,0.0,0.0,0.0,0,0,0,0.3999999999999915,28.0
7079,2001,1.0,albert_park,True,0.0,False,0.0,False,hakkinen,Finnish,mclaren,Auto%#,17,0.0,0.0,0.0,0,0,0,0.5999999999999943,32.0
7067,2001,1.0,albert_park,True,0.0,False,0.0,False,frentzen,German,jordan,4,Auto%#,0.0,0.0,0.0,0,0,0,0.7999999999999972,33.0
7080,2001,1.0,albert_park,True,0.0,False,0.0,False,ralf_schumacher,German,williams,5,18,0.0,0.0,0.0,0,0,0,0.7999999999999972,25.0
7064,2001,1.0,albert_park,True,0.0,False,0.0,False,coulthard,British,mclaren,6,,0.0,0.0,0.0,0,0,0,1.0999999999999943,
7078,2001,1.0,albert_park,True,0.0,False,0.0,False,trulli,Italian,jordan,7,16,0.0,0.0,,0,0,0,1.5,26.0
7081,2001,1.0,albert_park,True,0.0,False,0.0,False,villeneuve,Canadian,bar,8,19,0.0,0.0,0.0,0,0,0,1.5,29.0
7069,2001,1.0,albert_park,True,0.0,False,0.0,False,panis,French,bar,9,7,0.0,0.0,0.0,0,0,0,1.5999999999999943,34.0
7066,,1.0,,True,0.0,False,0.0,False,heidfeld,Auto%#,sauber,10,4,0.0,0.0,0.0,0,0,0,1.6999999999999886,23.0
7077,2001,1.0,albert_park,True,0.0,Auto%#,0.0,False,montoya,Colombian,williams,11,15,0.0,0.0,0.0,0,0,0,1.7999999999999972,25.0
7073,2001,1.0,albert_park,,0.0,False,0.0,False,irvine,British,jaguar,12,11,0.0,0.0,0.0,0,0,0,2.0999999999999943,35.0
7068,2001,1.0,albert_park,True,0.0,False,0.0,False,raikkonen,Finnish,sauber,13,6,0.0,0.0,0.0,0,,0,2.0999999999999943,21.0
7071,2001,1.0,albert_park,True,0.0,False,0.0,False,alesi,French,prost,14,9,0.0,0.0,0.0,0,0,0,3.0,36.0
7072,2001,1.0,albert_park,True,0.0,False,0.0,False,verstappen,Dutch,arrows,15,10,0.0,0.0,0.0,0,0,0,3.0,29.0
7076,2001,1.0,albert_park,True,0.0,False,0.0,False,,,benetton,16,14,0.0,0.0,0.0,0,0,0,3.0999999999999943,21.0
7075,2001,1.0,albert_park,True,0.0,False,0.0,False,fisichella,Italian,benetton,17,13,0.0,0.0,0.0,0,0,0,3.299999999999997,28.0
7083,2001,1.0,albert_park,True,0.0,False,0.0,False,bernoldi,Brazilian,Auto%#,18,21,0.0,0.0,0.0,0,0,0,3.5999999999999943,22.0
7074,2001,1.0,albert_park,True,0.0,Auto%#,0.0,False,alonso,Spanish,minardi,19,12,0.0,0.0,0.0,0,0,,3.799999999999997,19.0
7084,2001,1.0,albert_park,True,0.0,False,0.0,False,mazzacane,Argentine,prost,20,22,0.0,0.0,0.0,0,0,,3.899999999999992,25.0
7070,,1.0,albert_park,True,0.0,False,0.0,False,burti,,jaguar,21,,0.0,0.0,0.0,,0,0,4.099999999999994,25.0
7082,2001,1.0,albert_park,True,0.0,False,0.0,False,marques,Brazilian,,22,20,0.0,0.0,,0,0,0,,25.0
7085,2001,2.0,sepang,False,0.0,True,1.0,False,michael_schumacher,German,ferrari,1,1,10.0,1.0,1.0,14,1,1,0.0,32.0
7086,2001,2.0,sepang,False,0.0,True,1.0,False,barrichello,Brazilian,ferrari,2,2,4.0,0.0,3.0,14,1,1,0.0999999999999943,28.0
7089,2001,2.0,sepang,False,0.0,True,1.0,False,ralf_schumacher,German,williams,3,5,0.0,0.0,0.0,0,0,0,0.2999999999999971,25.0
7090,2001,2.0,sepang,False,0.0,True,1.0,False,hakkinen,Finnish,mclaren,4,6,0.0,0.0,,6,0,2,0.7999999999999972,32.0
7092,2001,2.0,sepang,False,0.0,True,1.0,False,trulli,Italian,jordan,5,8,0.0,0.0,0.0,2,0,4,1.0,26.0
7103,2001,,sepang,False,0.0,True,1.0,False,montoya,Colombian,williams,6,19,0.0,0.0,0.0,0,0,0,1.0,25.0
7100,2001,2.0,sepang,False,0.0,True,,,villeneuve,Canadian,bar,7,16,0.0,0.0,0.0,0,0,5,1.2000000000000028,29.0
7087,2001,2.0,sepang,False,0.0,True,1.0,False,coulthard,British,mclaren,8,3,6.0,0.0,2.0,6,0,2,1.2000000000000028,29.0
7088,2001,2.0,sepang,False,0.0,True,1.0,False,frentzen,German,jordan,9,4,2.0,0.0,5.0,2,0,4,1.3999999999999917,33.0
7105,2001,2.0,sepang,False,0.0,True,1.0,False,panis,French,bar,10,21,0.0,0.0,7.0,0,0,5,1.5,34.0
7101,2001,2.0,sepang,False,0.0,True,1.0,False,heidfeld,German,sauber,11,17,3.0,0.0,4.0,4,0,3,1.7000000000000028,23.0
7104,2001,2.0,Auto%#,False,0.0,True,1.0,False,irvine,British,jaguar,,20,0.0,0.0,11.0,0,0,6,1.8999999999999917,35.0
7093,2001,2.0,sepang,,0.0,True,1.0,False,alesi,French,prost,13,9,0.0,0.0,9.0,0,0,,2.200000000000003,
7106,2001,2.0,sepang,False,0.0,True,1.0,False,raikkonen,Finnish,sauber,14,22,1.0,0.0,6.0,4,0,3,2.5,21.0
7094,2001,2.0,sepang,False,0.0,True,1.0,False,burti,Brazilian,jaguar,15,10,0.0,0.0,8.0,0,0,6,2.799999999999997,26.0
7099,,2.0,sepang,False,0.0,True,1.0,False,fisichella,Italian,benetton,16,15,0.0,0.0,13.0,0,,10,2.8999999999999915,28.0
7095,2001,2.0,sepang,False,0.0,True,1.0,False,button,British,Auto%#,Auto%#,11,0.0,0.0,0.0,0,0,10,3.0999999999999943,21.0
7091,2001,2.0,sepang,False,0.0,True,1.0,False,verstappen,Dutch,Auto%#,18,7,0.0,0.0,10.0,0,0,8,3.299999999999997,29.0
7096,2001,2.0,sepang,False,0.0,True,,False,mazzacane,Argentine,prost,19,12,0.0,0.0,0.0,0,0,7,3.799999999999997,25.0
7098,2001,2.0,sepang,False,0.0,True,1.0,False,marques,Brazilian,minardi,Auto%#,14,0.0,0.0,0.0,0,0,9,4.5,25.0
7097,2001,2.0,sepang,False,0.0,True,1.0,False,alonso,Spanish,minardi,21,13,0.0,0.0,12.0,0,0,9,5.0,19.0
7108,2001,3.0,interlagos,False,,,1.0,False,michael_schumacher,German,ferrari,1,2,20.0,2.0,1.0,30,2,1,0.0,32.0
7119,2001,3.0,interlagos,False,0.0,True,1.0,False,ralf_schumacher,German,williams,Auto%#,13,2.0,0.0,6.0,2,0,5,0.2999999999999971,25.0
7128,2001,3.0,interlagos,False,0.0,True,1.0,False,hakkinen,Finnish,mclaren,3,22,1.0,0.0,7.0,11,0,2,0.2999999999999971,32.0
7122,2001,3.0,interlagos,False,0.0,True,1.0,False,montoya,Colombian,williams,4,16,0.0,0.0,0.0,2,0,,0.4000000000000057,25.0
7107,2001,3.0,interlagos,False,0.0,True,1.0,False,coulthard,British,mclaren,5,1,10.0,0.0,3.0,11,0,2,0.4000000000000057,30.0
7127,2001,3.0,interlagos,False,0.0,True,1.0,False,barrichello,Brazilian,ferrari,6,21,10.0,0.0,2.0,30,2,1,0.4000000000000057,28.0
,,3.0,interlagos,False,0.0,True,1.0,False,trulli,Italian,jordan,7,5,0.0,0.0,12.0,5,0,3,0.7999999999999972,26.0
7117,2001,3.0,,False,0.0,True,1.0,False,frentzen,German,jordan,8,11,5.0,0.0,4.0,5,0,3,0.7999999999999972,
7109,2001,3.0,interlagos,False,0.0,True,1.0,False,heidfeld,German,sauber,9,3,3.0,0.0,5.0,4,0,4,1.0,23.0
7118,2001,3.0,interlagos,False,0.0,True,1.0,False,raikkonen,Finnish,sauber,10,12,1.0,0.0,8.0,4,0,4,,21.0
7110,2001,3.0,interlagos,False,0.0,True,1.0,False,panis,French,bar,11,4,0.0,0.0,10.0,0,0,7,1.2000000000000028,34.0
7113,2001,3.0,interlagos,False,0.0,True,1.0,False,villeneuve,Canadian,bar,12,7,0.0,0.0,0.0,0,0,7,1.4000000000000057,29.0
7121,2001,3.0,interlagos,False,0.0,True,1.0,False,irvine,British,jaguar,13,15,0.0,0.0,15.0,,0,8,1.4000000000000057,35.0
7124,2001,3.0,interlagos,False,0.0,True,1.0,False,burti,Brazilian,jaguar,14,18,0.0,0.0,11.0,0,0,8,1.6000000000000083,26.0
7114,2001,3.0,interlagos,False,0.0,True,1.0,False,alesi,French,prost,15,8,0.0,0.0,13.0,0,0,9,1.6000000000000083,36.0
,2001,3.0,interlagos,False,0.0,True,1.0,False,bernoldi,Brazilian,arrows,16,20,0.0,0.0,0.0,0,0,6,,22.0
7123,2001,3.0,interlagos,False,0.0,True,1.0,False,verstappen,Dutch,arrows,17,17,0.0,0.0,9.0,0,,6,,29.0
7112,2001,3.0,interlagos,False,,True,1.0,False,fisichella,Italian,benetton,18,,0.0,0.0,18.0,0,0,10,2.4000000000000057,28.0
7125,2001,,interlagos,False,0.0,True,,False,alonso,Spanish,minardi,,19,0.0,0.0,16.0,0,0,11,2.4000000000000057,19.0
7116,2001,3.0,,False,0.0,True,1.0,False,button,British,benetton,20,10,0.0,0.0,14.0,0,0,10,2.4000000000000057,21.0
7120,2001,3.0,interlagos,False,0.0,True,1.0,False,mazzacane,Argentine,prost,21,14,0.0,0.0,17.0,0,0,9,2.700000000000003,25.0
7115,2001,3.0,interlagos,False,0.0,True,1.0,False,marques,Brazilian,,22,9,0.0,0.0,19.0,0,0,11,3.0,25.0
7130,2001,4.0,imola,False,0.0,False,0.0,False,coulthard,British,,1,2,20.0,1.0,2.0,21,1,2,0.0,30.0
7132,2001,4.0,imola,False,0.0,False,0.0,Auto%#,hakkinen,Finnish,mclaren,2,4,1.0,0.0,10.0,21,1,2,0.2000000000000028,32.0
7129,2001,4.0,imola,False,,False,0.0,False,ralf_schumacher,German,williams,3,1,2.0,0.0,8.0,2,0,6,0.3000000000000113,25.0
7147,2001,4.0,imola,False,0.0,False,0.0,False,michael_schumacher,German,ferrari,4,19,26.0,2.0,1.0,36,2,1,0.5,32.0
7133,2001,4.0,imola,False,0.0,False,0.0,False,trulli,Italian,jordan,5,5,2.0,0.0,7.0,7,0,4,0.6000000000000085,26.0
7131,2001,4.0,imola,False,0.0,False,0.0,False,barrichello,Brazilian,ferrari,6,3,10.0,0.0,3.0,36,2,1,0.7000000000000028,28.0
7142,2001,4.0,imola,False,0.0,False,0.0,False,montoya,Colombian,williams,7,14,0.0,0.0,0.0,2,0,,1.0,25.0
7136,2001,4.0,imola,False,0.0,False,,False,panis,French,bar,8,8,3.0,0.0,6.0,3,0,5,1.1000000000000083,34.0
7134,2001,4.0,imola,False,0.0,False,0.0,False,frentzen,German,jordan,9,6,5.0,0.0,5.0,7,0,4,1.3000000000000114,33.0
7148,2001,4.0,imola,False,0.0,False,0.0,False,raikkonen,Finnish,sauber,10,20,1.0,0.0,11.0,8,0,3,1.6000000000000083,21.0
7145,2001,4.0,imola,False,0.0,False,0.0,False,villeneuve,Canadian,bar,11,17,0.0,0.0,13.0,3,0,5,1.7000000000000028,30.0
7135,2001,4.0,imola,False,0.0,False,,False,heidfeld,German,sauber,12,7,7.0,0.0,4.0,8,0,3,1.9000000000000057,23.0
7143,2001,4.0,imola,False,,False,0.0,False,irvine,British,jaguar,13,15,0.0,0.0,18.0,0,0,,2.300000000000012,35.0
7137,2001,4.0,imola,False,0.0,False,0.0,False,alesi,French,prost,14,,0.0,0.0,14.0,0,,9,2.300000000000012,36.0
7139,2001,4.0,imola,False,0.0,False,0.0,False,burti,Brazilian,,15,11,0.0,0.0,15.0,0,0,10,2.5,26.0
7138,2001,4.0,imola,False,0.0,False,0.0,False,bernoldi,,arrows,16,Auto%#,0.0,0.0,0.0,0,0,8,2.800000000000012,22.0
7149,2001,4.0,imola,False,0.0,False,0.0,False,verstappen,Dutch,arrows,17,21,0.0,0.0,12.0,0,0,8,3.0,29.0
7150,2001,4.0,imola,False,0.0,False,0.0,False,alonso,Spanish,minardi,18,22,0.0,0.0,19.0,0,0,11,3.8000000000000114,19.0
7144,2001,4.0,imola,False,0.0,,0.0,False,fisichella,Italian,benetton,19,16,1.0,0.0,9.0,1,0,7,3.8000000000000114,28.0
7146,2001,4.0,imola,False,0.0,False,0.0,False,mazzacane,Argentine,prost,20,18,0.0,0.0,20.0,0,0,9,4.6000000000000085,25.0
7140,2001,4.0,imola,,0.0,,0.0,False,button,British,benetton,21,12,0.0,0.0,17.0,1,0,7,4.700000000000003,21.0
7141,2001,4.0,Auto%#,False,0.0,False,0.0,False,marques,Brazilian,minardi,22,13,,0.0,16.0,0,0,11,5.200000000000003,25.0
7151,2001,5.0,catalunya,False,0.0,False,0.0,False,michael_schumacher,,ferrari,1,1,26.0,2.0,1.0,40,2,1,0.0,32.0
7159,2001,5.0,catalunya,False,0.0,False,,False,hakkinen,Finnish,mclaren,2,Auto%#,4.0,0.0,7.0,30,1,2,0.0999999999999943,32.0
7155,2001,5.0,catalunya,False,0.0,False,0.0,False,coulthard,British,mclaren,3,5,26.0,1.0,2.0,30,1,2,0.3999999999999915,30.0
7167,2001,5.0,catalunya,False,0.0,False,0.0,False,barrichello,Brazilian,ferrari,4,17,14.0,0.0,3.0,40,2,1,0.5,28.0
7169,2001,5.0,catalunya,False,0.0,False,0.0,False,ralf_schumacher,German,williams,5,19,12.0,1.0,4.0,12,1,3,0.7999999999999972,25.0
7154,2001,5.0,catalunya,False,0.0,False,0.0,False,trulli,Italian,jordan,6,4,4.0,0.0,8.0,10,0,4,0.8999999999999915,26.0
7153,2001,5.0,catalunya,False,0.0,False,0.0,False,villeneuve,Canadian,bar,7,3,0.0,0.0,13.0,3,0,6,0.8999999999999915,30.0
7172,2001,5.0,catalunya,False,0.0,False,0.0,False,frentzen,German,jordan,Auto%#,22,6.0,0.0,6.0,10,0,4,0.8999999999999915,33.0
7158,2001,5.0,catalunya,,0.0,False,0.0,False,raikkonen,,sauber,9,8,1.0,0.0,11.0,,0,5,1.0,21.0
7156,,5.0,catalunya,False,0.0,False,0.0,False,heidfeld,German,sauber,10,6,7.0,0.0,5.0,8,0,5,1.0,23.0
7157,2001,5.0,catalunya,,0.0,False,0.0,False,panis,French,bar,,7,3.0,0.0,9.0,3,0,6,1.2999999999999972,34.0
7152,2001,5.0,catalunya,False,0.0,False,0.0,False,,Colombian,williams,12,2,0.0,0.0,,,1,3,,25.0
7168,2001,5.0,catalunya,False,,False,0.0,False,irvine,British,jaguar,13,18,0.0,0.0,19.0,0,0,10,2.0999999999999943,35.0
7161,2001,,catalunya,False,0.0,False,0.0,False,burti,Brazilian,prost,14,11,0.0,0.0,15.0,0,,9,2.3999999999999915,26.0
7160,2001,5.0,catalunya,False,0.0,False,0.0,Auto%#,alesi,French,prost,15,10,0.0,0.0,14.0,0,0,9,2.3999999999999915,36.0
7170,2001,5.0,catalunya,False,0.0,False,0.0,False,bernoldi,Brazilian,arrows,16,20,0.0,0.0,,0,0,8,2.5,22.0
7162,2001,5.0,catalunya,False,0.0,False,0.0,False,verstappen,Dutch,arrows,17,12,0.0,0.0,12.0,0,0,8,2.5,29.0
7163,2001,5.0,catalunya,False,0.0,False,0.0,,alonso,Spanish,minardi,18,13,0.0,0.0,20.0,0,0,11,2.799999999999997,19.0
7164,2001,5.0,catalunya,False,0.0,False,0.0,False,fisichella,Italian,benetton,19,14,,0.0,10.0,1,0,7,2.8999999999999915,28.0
7171,2001,5.0,catalunya,False,0.0,False,0.0,False,rosa,Spanish,jaguar,20,21,0.0,0.0,0.0,0,0,10,3.0999999999999943,30.0
7165,2001,5.0,catalunya,False,0.0,False,0.0,False,button,British,benetton,,15,0.0,0.0,17.0,1,0,7,3.700000000000003,21.0
7166,2001,5.0,catalunya,False,0.0,False,0.0,False,marques,Brazilian,minardi,22,16,0.0,0.0,16.0,0,0,11,4.299999999999997,25.0
7174,2001,6.0,osterreichring,False,0.0,,0.0,False,michael_schumacher,German,ferrari,1,2,36.0,3.0,1.0,50,3,1,0.0,32.0
7186,2001,6.0,osterreichring,False,0.0,,0.0,False,,Colombian,williams,2,14,6.0,,7.0,18,1,3,0.1000000000000085,25.0
7191,2001,6.0,osterreichring,False,0.0,False,0.0,False,ralf_schumacher,German,williams,3,19,,1.0,4.0,18,1,3,0.2000000000000028,25.0
7175,2001,6.0,osterreichring,False,0.0,False,0.0,False,barrichello,,ferrari,4,3,14.0,0.0,3.0,50,,1,0.2000000000000028,28.0
7190,2001,6.0,osterreichring,False,0.0,False,0.0,False,trulli,Italian,jordan,5,18,7.0,0.0,6.0,13,0,4,0.6000000000000085,26.0
7181,2001,6.0,osterreichring,False,0.0,False,0.0,False,heidfeld,German,sauber,6,9,8.0,0.0,5.0,9,0,5,0.6000000000000085,24.0
7173,2001,6.0,osterreichring,False,0.0,False,0.0,False,coulthard,British,mclaren,7,1,28.0,1.0,2.0,32,1,2,0.7000000000000028,30.0
,2001,,osterreichring,False,0.0,False,0.0,False,hakkinen,Finnish,mclaren,8,21,,0.0,10.0,,1,2,0.7000000000000028,32.0
7176,2001,6.0,osterreichring,False,0.0,False,0.0,False,raikkonen,Finnish,sauber,9,4,1.0,0.0,,9,0,5,0.8000000000000114,21.0
7177,2001,6.0,osterreichring,False,0.0,False,0.0,Auto%#,panis,French,bar,10,Auto%#,3.0,0.0,11.0,7,0,6,0.8000000000000114,34.0
7194,2001,,osterreichring,False,0.0,False,0.0,False,frentzen,German,jordan,11,22,6.0,0.0,8.0,13,0,4,1.3000000000000114,33.0
7180,2001,6.0,osterreichring,False,0.0,False,0.0,False,villeneuve,Canadian,bar,12,8,4.0,0.0,9.0,7,0,6,1.5,30.0
7179,2001,6.0,,False,0.0,False,0.0,False,irvine,British,Auto%#,13,7,0.0,0.0,,0,0,10,2.0,35.0
7185,2001,6.0,osterreichring,False,0.0,False,0.0,False,rosa,Spanish,jaguar,14,13,0.0,0.0,,0,0,10,2.200000000000003,30.0
7189,2001,6.0,osterreichring,False,0.0,False,0.0,False,bernoldi,Brazilian,Auto%#,15,17,0.0,0.0,19.0,0,0,8,2.200000000000003,22.0
7178,2001,6.0,osterreichring,False,0.0,Auto%#,0.0,False,,Dutch,arrows,16,6,0.0,0.0,14.0,0,0,8,2.6000000000000085,29.0
7183,2001,6.0,osterreichring,False,0.0,False,0.0,False,burti,Brazilian,prost,17,11,0.0,0.0,16.0,0,0,9,2.6000000000000085,26.0
7187,2001,6.0,osterreichring,False,0.0,False,0.0,False,alonso,Spanish,minardi,18,15,0.0,0.0,21.0,0,0,11,3.0,19.0
7192,2001,6.0,osterreichring,False,0.0,False,0.0,False,fisichella,Italian,benetton,19,20,1.0,0.0,13.0,1,0,,3.0,28.0
7182,2001,6.0,osterreichring,False,,False,0.0,,,French,prost,20,10,0.0,0.0,15.0,0,0,9,3.300000000000012,36.0
7184,2001,6.0,osterreichring,False,0.0,False,0.0,False,button,British,benetton,21,12,0.0,0.0,18.0,1,0,7,3.9000000000000057,21.0
7188,2001,6.0,osterreichring,False,0.0,False,0.0,False,marques,Brazilian,minardi,22,16,0.0,0.0,17.0,0,0,11,4.0,25.0
7199,2001,7.0,monaco,True,0.0,False,0.0,False,coulthard,British,mclaren,1,5,38.0,2.0,2.0,42,2,2,0.0,30.0
7195,2001,7.0,monaco,True,0.0,False,0.0,False,michael_schumacher,German,ferrari,,1,42.0,3.0,1.0,60,3,1,0.1999999999999886,32.0
7213,2001,7.0,monaco,True,0.0,False,0.0,False,hakkinen,Finnish,mclaren,3,19,4.0,0.0,12.0,42,2,2,0.2999999999999971,
7196,,7.0,monaco,True,0.0,False,0.0,False,barrichello,Brazilian,ferrari,4,2,18.0,0.0,3.0,60,3,1,0.5,29.0
7205,2001,7.0,monaco,True,0.0,False,0.0,False,ralf_schumacher,German,williams,5,11,12.0,1.0,4.0,18,1,3,0.5999999999999943,
7197,2001,7.0,monaco,True,0.0,False,0.0,False,irvine,British,jaguar,6,3,0.0,0.0,15.0,0,0,9,1.0,35.0
7215,2001,7.0,monaco,True,0.0,False,0.0,False,montoya,Colombian,williams,7,21,6.0,0.0,7.0,18,1,3,1.3999999999999917,25.0
7210,2001,7.0,monaco,True,0.0,False,0.0,False,trulli,Italian,jordan,8,16,7.0,0.0,6.0,13,0,4,1.5,26.0
7198,2001,7.0,monaco,True,0.0,False,0.0,Auto%#,villeneuve,Canadian,bar,9,4,4.0,0.0,10.0,9,0,6,1.6999999999999886,30.0
7209,2001,7.0,Auto%#,True,0.0,False,,False,fisichella,Italian,benetton,10,15,1.0,0.0,14.0,1,0,8,1.7999999999999972,28.0
7200,2001,7.0,monaco,True,0.0,False,0.0,False,alesi,French,prost,11,6,0.0,0.0,16.0,0,0,10,1.7999999999999972,36.0
7214,2001,7.0,monaco,True,0.0,False,0.0,False,panis,French,bar,12,20,5.0,0.0,9.0,9,0,6,1.8999999999999917,34.0
,2001,7.0,monaco,True,0.0,False,0.0,False,frentzen,German,jordan,13,14,6.0,0.0,8.0,13,0,4,1.8999999999999917,34.0
7212,2001,7.0,monaco,True,0.0,False,0.0,False,rosa,,jaguar,14,18,0.0,0.0,0.0,0,0,9,2.5999999999999943,30.0
7204,2001,7.0,monaco,True,0.0,False,,False,raikkonen,Finnish,sauber,15,10,4.0,0.0,11.0,12,0,5,2.6999999999999886,21.0
7216,2001,7.0,monaco,True,0.0,False,0.0,False,heidfeld,German,sauber,16,22,8.0,0.0,5.0,12,,5,2.8999999999999915,24.0
7201,2001,7.0,monaco,True,0.0,False,0.0,False,button,British,benetton,17,,0.0,0.0,19.0,1,0,8,2.8999999999999915,21.0
7207,,7.0,monaco,True,0.0,False,0.0,False,alonso,Spanish,,18,13,0.0,0.0,21.0,0,0,11,3.3999999999999915,19.0
7202,2001,7.0,monaco,True,0.0,False,0.0,False,verstappen,Dutch,arrows,19,8,1.0,0.0,13.0,1,0,Auto%#,3.3999999999999915,29.0
7203,2001,7.0,monaco,True,0.0,False,0.0,False,bernoldi,Brazilian,arrows,20,9,0.0,0.0,20.0,1,0,7,3.899999999999992,22.0
7211,2001,,monaco,True,0.0,False,0.0,False,burti,Brazilian,prost,21,Auto%#,0.0,0.0,17.0,0,0,10,4.399999999999992,26.0
7206,2001,7.0,monaco,True,0.0,False,,False,,Auto%#,minardi,22,12,0.0,0.0,18.0,0,0,11,4.799999999999997,25.0
7218,2001,8.0,villeneuve,True,0.0,False,0.0,False,michael_schumacher,German,ferrari,1,2,52.0,4.0,1.0,76,4,1,0.0,32.0
7217,2001,8.0,villeneuve,True,0.0,False,0.0,False,ralf_schumacher,German,williams,2,1,12.0,1.0,4.0,18,1,3,0.5,25.0
7228,2001,8.0,villeneuve,True,0.0,False,0.0,False,coulthard,British,mclaren,3,12,40.0,2.0,2.0,44,2,2,0.6000000000000085,30.0
7227,2001,8.0,villeneuve,True,0.0,False,0.0,False,trulli,Italian,jordan,4,11,7.0,0.0,7.0,13,0,4,0.7000000000000028,26.0
7233,2001,8.0,villeneuve,True,0.0,False,0.0,False,barrichello,Brazilian,ferrari,5,17,24.0,0.0,3.0,76,4,1,1.0,29.0
7229,2001,8.0,villeneuve,True,0.0,False,0.0,False,panis,French,bar,6,13,5.0,0.0,10.0,12,0,5,1.0,34.0
7220,2001,8.0,villeneuve,True,0.0,False,0.0,,raikkonen,Finnish,sauber,7,4,4.0,0.0,12.0,12,0,6,,21.0
7219,2001,8.0,villeneuve,True,0.0,False,0.0,False,hakkinen,Finnish,mclaren,8,3,4.0,0.0,13.0,44,2,2,1.2000000000000028,32.0
7230,2001,8.0,villeneuve,True,0.0,False,0.0,False,,Canadian,bar,9,14,7.0,0.0,6.0,12,0,5,1.2000000000000028,30.0
7232,2001,8.0,villeneuve,,0.0,False,0.0,False,montoya,Colombian,Auto%#,10,16,6.0,0.0,8.0,18,1,3,1.2999999999999972,25.0
7236,2001,8.0,villeneuve,True,0.0,False,0.0,False,heidfeld,German,sauber,11,20,8.0,0.0,5.0,12,0,6,1.4000000000000057,24.0
7223,2001,8.0,villeneuve,True,0.0,False,0.0,False,zonta,Brazilian,jordan,12,7,0.0,0.0,0.0,13,0,4,1.5,25.0
7226,2001,8.0,villeneuve,True,0.0,False,0.0,False,verstappen,Dutch,arrows,13,10,1.0,0.0,14.0,1,0,8,2.1000000000000085,29.0
7222,2001,8.0,villeneuve,True,0.0,False,0.0,False,rosa,Spanish,jaguar,14,6,,0.0,0.0,4,0,7,2.200000000000003,30.0
7237,2001,8.0,villeneuve,True,0.0,False,0.0,False,irvine,British,jaguar,15,21,4.0,0.0,11.0,4,0,7,2.200000000000003,35.0
7221,2001,8.0,villeneuve,True,0.0,False,0.0,False,alesi,French,prost,16,5,1.0,0.0,15.0,1,0,10,2.4000000000000057,36.0
7231,2001,,Auto%#,True,0.0,False,0.0,False,bernoldi,Brazilian,arrows,17,15,0.0,0.0,19.0,1,0,8,2.799999999999997,22.0
7238,2001,8.0,villeneuve,True,0.0,False,0.0,False,fisichella,Italian,benetton,18,22,1.0,0.0,16.0,1,0,9,2.799999999999997,
7224,2001,8.0,villeneuve,True,0.0,False,0.0,False,,Brazilian,prost,19,,0.0,0.0,18.0,1,0,10,3.0,26.0
7234,2001,8.0,villeneuve,True,0.0,False,,False,button,British,benetton,20,18,0.0,0.0,17.0,1,0,9,3.200000000000003,21.0
7225,2001,8.0,villeneuve,True,0.0,False,0.0,False,marques,Brazilian,minardi,21,9,0.0,0.0,20.0,0,0,11,4.900000000000006,25.0
7239,2001,9.0,nurburgring,,0.0,False,0.0,False,michael_schumacher,German,ferrari,1,1,58.0,4.0,1.0,82,4,1,0.0,32.0
7242,2001,9.0,nurburgring,False,0.0,False,0.0,Auto%#,ralf_schumacher,German,williams,2,4,22.0,2.0,4.0,28,2,3,0.2000000000000028,25.0
7240,2001,9.0,nurburgring,False,0.0,False,0.0,False,montoya,Colombian,williams,3,2,6.0,0.0,10.0,28,2,3,0.5,25.0
7243,2001,9.0,nurburgring,False,0.0,False,0.0,False,barrichello,Brazilian,ferrari,4,5,24.0,0.0,,82,4,1,0.5999999999999943,29.0
7241,2001,9.0,nurburgring,False,0.0,False,0.0,False,coulthard,British,mclaren,5,3,40.0,2.0,2.0,48,2,2,0.7000000000000028,30.0
7244,2001,9.0,nurburgring,False,0.0,False,0.0,False,hakkinen,Finnish,mclaren,6,6,8.0,0.0,6.0,48,2,2,0.7999999999999972,32.0
7257,2001,9.0,nurburgring,False,,,0.0,False,trulli,Italian,jordan,7,19,7.0,0.0,9.0,13,0,5,1.0999999999999943,26.0
7256,2001,9.0,nurburgring,False,0.0,False,0.0,False,frentzen,German,jordan,8,18,6.0,0.0,11.0,13,0,5,1.4000000000000057,34.0
7248,2001,9.0,nurburgring,False,0.0,False,0.0,False,raikkonen,Finnish,sauber,9,10,7.0,0.0,8.0,15,0,4,1.4000000000000057,21.0
7255,2001,9.0,nurburgring,False,0.0,False,0.0,False,,German,sauber,10,17,8.0,0.0,5.0,15,0,4,1.4000000000000057,24.0
7247,2001,9.0,nurburgring,False,0.0,False,0.0,False,villeneuve,Canadian,bar,11,9,7.0,0.0,7.0,12,0,6,1.4000000000000057,30.0
7245,2001,9.0,nurburgring,False,0.0,False,0.0,False,irvine,British,jaguar,12,7,4.0,0.0,13.0,5,0,7,1.5999999999999943,35.0
7259,2001,,nurburgring,,0.0,False,0.0,False,panis,French,bar,13,21,5.0,0.0,12.0,12,0,6,1.9000000000000057,34.0
7253,2001,9.0,nurburgring,,0.0,False,0.0,False,alesi,French,prost,14,15,3.0,0.0,14.0,3,0,Auto%#,2.299999999999997,37.0
7249,2001,9.0,nurburgring,False,0.0,False,0.0,False,fisichella,Italian,benetton,15,11,1.0,0.0,16.0,1,0,10,2.4000000000000057,28.0
,2001,9.0,nurburgring,False,0.0,False,0.0,False,rosa,Spanish,jaguar,,8,1.0,0.0,17.0,5,0,7,2.5999999999999943,30.0
7250,2001,9.0,nurburgring,False,0.0,False,0.0,False,burti,Brazilian,prost,,12,0.0,0.0,20.0,3,0,8,,26.0
7258,2001,9.0,nurburgring,False,0.0,False,0.0,False,bernoldi,Brazilian,arrows,18,20,0.0,0.0,22.0,1,,9,3.200000000000003,22.0
7254,2001,9.0,nurburgring,False,0.0,False,0.0,,verstappen,Dutch,arrows,19,16,1.0,0.0,15.0,1,0,9,3.299999999999997,29.0
7251,2001,9.0,nurburgring,False,0.0,,0.0,False,button,British,benetton,20,13,0.0,0.0,18.0,1,0,10,3.5999999999999943,
7252,2001,9.0,nurburgring,,0.0,False,0.0,False,alonso,Spanish,minardi,21,,0.0,0.0,23.0,0,0,11,3.5999999999999943,19.0
7260,2001,9.0,nurburgring,False,0.0,False,0.0,False,marques,Brazilian,minardi,22,22,0.0,0.0,21.0,0,0,11,3.700000000000003,
7262,2001,10.0,magny_cours,True,0.0,False,0.0,False,ralf_schumacher,German,williams,1,2,25.0,2.0,4.0,37,2,3,0.0,26.0
7261,2001,10.0,magny_cours,True,0.0,False,0.0,False,michael_schumacher,German,ferrari,2,1,68.0,5.0,1.0,94,5,1,0.0,32.0
7264,2001,10.0,magny_cours,True,0.0,,0.0,False,,British,mclaren,3,4,44.0,2.0,2.0,53,2,2,0.2000000000000028,30.0
7282,2001,10.0,magny_cours,True,0.0,False,,False,hakkinen,Finnish,mclaren,4,22,,0.0,6.0,53,2,2,0.2999999999999971,32.0
7265,2001,10.0,magny_cours,True,0.0,False,0.0,False,trulli,Italian,jordan,Auto%#,5,7.0,0.0,10.0,13,0,,0.2999999999999971,26.0
7279,2001,10.0,magny_cours,True,0.0,False,0.0,False,montoya,Colombian,williams,6,19,12.0,0.0,5.0,37,2,3,0.5999999999999943,25.0
7268,2001,10.0,magny_cours,True,0.0,False,0.0,False,frentzen,German,jordan,7,8,6.0,0.0,11.0,13,0,5,0.7999999999999972,34.0
7263,2001,10.0,magny_cours,True,0.0,False,,False,barrichello,Brazilian,ferrari,8,3,,0.0,3.0,94,5,1,0.9000000000000057,29.0
7266,2001,10.0,magny_cours,True,0.0,False,0.0,False,heidfeld,German,sauber,9,6,8.0,0.0,7.0,15,0,4,1.0999999999999943,24.0
7281,2001,10.0,magny_cours,True,0.0,False,0.0,False,villeneuve,Canadian,bar,10,21,7.0,0.0,8.0,12,0,6,1.0999999999999943,30.0
7269,2001,10.0,magny_cours,True,0.0,False,0.0,False,panis,French,bar,11,,5.0,0.0,12.0,12,0,6,1.2000000000000028,34.0
7278,2001,10.0,magny_cours,True,0.0,False,0.0,False,irvine,British,jaguar,12,18,4.0,0.0,13.0,5,0,7,1.4000000000000057,35.0
7267,2001,10.0,magny_cours,True,0.0,False,0.0,False,raikkonen,Finnish,sauber,13,7,7.0,0.0,9.0,15,0,4,1.5,21.0
7274,2001,,magny_cours,True,,False,0.0,False,rosa,Spanish,jaguar,Auto%#,14,1.0,0.0,16.0,5,0,7,2.0,30.0
7270,2001,10.0,magny_cours,True,0.0,,0.0,False,burti,Brazilian,prost,15,10,0.0,0.0,20.0,3,0,8,2.0999999999999943,26.0
7271,2001,10.0,magny_cours,True,0.0,Auto%#,0.0,False,fisichella,Italian,benetton,16,11,1.0,0.0,,1,0,10,2.200000000000003,28.0
7276,2001,10.0,magny_cours,True,0.0,False,0.0,False,button,British,benetton,17,16,0.0,0.0,18.0,1,0,10,2.4000000000000057,21.0
7273,2001,10.0,magny_cours,True,0.0,False,0.0,False,verstappen,Dutch,arrows,18,,1.0,0.0,15.0,1,0,9,2.700000000000003,29.0
7272,2001,10.0,magny_cours,True,0.0,False,0.0,False,alesi,French,prost,19,12,3.0,0.0,14.0,3,0,8,2.799999999999997,37.0
7280,2001,10.0,magny_cours,True,0.0,Auto%#,0.0,False,bernoldi,Brazilian,arrows,20,20,0.0,0.0,22.0,1,0,9,2.799999999999997,22.0
7277,,10.0,magny_cours,True,0.0,False,0.0,False,alonso,Spanish,,21,17,0.0,0.0,23.0,0,0,11,3.0,19.0
7275,2001,10.0,magny_cours,True,0.0,,0.0,False,marques,Brazilian,minardi,22,15,0.0,,21.0,0,0,11,3.5,25.0
7284,2001,11.0,silverstone,False,0.0,False,0.0,False,michael_schumacher,German,ferrari,1,2,78.0,6.0,1.0,108,6,1,0.0,32.0
7283,2001,11.0,silverstone,False,0.0,False,0.0,False,hakkinen,Finnish,mclaren,2,1,9.0,0.0,7.0,56,2,2,0.0999999999999943,32.0
7301,2001,11.0,silverstone,False,0.0,False,0.0,False,,Auto%#,mclaren,3,19,47.0,2.0,2.0,56,2,2,0.5,30.0
7302,2001,11.0,silverstone,False,0.0,False,0.0,False,trulli,Italian,,4,20,9.0,0.0,8.0,15,0,5,0.5,27.0
7289,2001,11.0,silverstone,False,0.0,False,0.0,False,frentzen,German,jordan,5,7,6.0,0.0,11.0,15,0,5,0.7999999999999972,
7285,2001,11.0,silverstone,False,0.0,False,0.0,False,barrichello,Brazilian,ferrari,6,,30.0,0.0,4.0,108,6,1,1.2999999999999972,29.0
7287,2001,11.0,silverstone,False,0.0,False,0.0,False,raikkonen,Finnish,sauber,7,Auto%#,7.0,0.0,10.0,16,0,4,1.5999999999999943,21.0
7286,2001,11.0,silverstone,False,0.0,False,0.0,False,montoya,Colombian,williams,8,,12.0,0.0,5.0,43,2,3,,25.0
7288,2001,,silverstone,,0.0,False,0.0,False,heidfeld,German,sauber,Auto%#,6,9.0,0.0,6.0,16,0,4,1.7999999999999972,24.0
7299,2001,11.0,silverstone,False,0.0,False,0.0,False,ralf_schumacher,German,williams,10,17,31.0,,3.0,43,2,3,1.8999999999999917,26.0
7303,2001,11.0,silverstone,False,0.0,False,0.0,False,panis,French,bar,11,21,5.0,0.0,12.0,12,0,6,1.8999999999999917,34.0
7290,2001,11.0,silverstone,False,0.0,False,0.0,False,villeneuve,Canadian,Auto%#,12,8,,0.0,9.0,12,0,6,2.5,30.0
7294,2001,11.0,silverstone,False,0.0,False,0.0,False,rosa,Spanish,jaguar,13,12,1.0,0.0,16.0,5,0,7,2.8999999999999915,30.0
7293,2001,11.0,,False,0.0,Auto%#,0.0,False,alesi,French,prost,14,11,3.0,0.0,14.0,3,0,8,3.0,37.0
7291,2001,11.0,silverstone,False,0.0,False,0.0,False,irvine,Auto%#,jaguar,15,9,4.0,0.0,13.0,5,0,7,3.0,35.0
7300,2001,11.0,silverstone,False,0.0,False,0.0,False,burti,Brazilian,prost,16,18,0.0,0.0,20.0,3,0,8,3.299999999999997,26.0
7292,,,silverstone,False,0.0,False,0.0,False,verstappen,Dutch,arrows,17,10,1.0,0.0,15.0,1,0,9,3.6999999999999886,29.0
7297,2001,11.0,silverstone,False,0.0,False,0.0,False,,British,benetton,18,15,,0.0,18.0,1,0,10,3.6999999999999886,21.0
7295,2001,11.0,silverstone,False,0.0,False,0.0,,fisichella,Italian,benetton,19,13,1.0,0.0,17.0,1,0,10,3.899999999999992,28.0
7296,2001,11.0,silverstone,False,0.0,False,0.0,False,bernoldi,Brazilian,arrows,20,,0.0,0.0,22.0,1,0,9,4.199999999999989,22.0
7298,2001,11.0,silverstone,False,0.0,False,0.0,False,alonso,Spanish,minardi,21,16,0.0,0.0,23.0,0,0,11,4.399999999999992,19.0
7317,2001,12.0,hockenheimring,False,0.0,True,0.0,False,montoya,Colombian,williams,1,14,15.0,0.0,6.0,46,,3,0.0,25.0
7304,2001,12.0,hockenheimring,False,0.0,True,0.0,False,ralf_schumacher,German,,2,1,31.0,2.0,4.0,46,2,3,0.0,26.0
7322,2001,12.0,hockenheimring,False,0.0,True,0.0,False,hakkinen,Finnish,mclaren,3,,19.0,1.0,5.0,66,3,2,,32.0
7318,2001,,hockenheimring,False,0.0,True,0.0,False,michael_schumacher,German,ferrari,4,15,,6.0,1.0,118,6,1,0.8000000000000114,32.0
7315,2001,12.0,hockenheimring,False,0.0,True,0.0,False,coulthard,British,mclaren,5,12,47.0,2.0,2.0,66,3,2,1.5,30.0
7305,2001,12.0,hockenheimring,False,,True,0.0,False,barrichello,Brazilian,ferrari,6,Auto%#,34.0,0.0,3.0,118,6,1,1.6000000000000083,29.0
7324,2001,12.0,hockenheimring,False,0.0,True,0.0,False,heidfeld,German,sauber,7,21,10.0,,7.0,19,0,4,1.8000000000000114,24.0
7320,2001,12.0,hockenheimring,False,0.0,True,0.0,False,raikkonen,Finnish,sauber,8,17,9.0,0.0,8.0,19,0,4,2.0,21.0
7325,2001,12.0,hockenheimring,False,0.0,True,0.0,False,rosa,Spanish,jaguar,9,22,1.0,0.0,16.0,5,0,7,2.200000000000003,30.0
7314,2001,12.0,hockenheimring,False,0.0,True,0.0,False,trulli,Italian,jordan,10,11,9.0,0.0,9.0,15,0,5,2.200000000000003,27.0
7321,2001,12.0,hockenheimring,False,0.0,True,0.0,False,irvine,British,jaguar,11,18,,0.0,13.0,5,0,7,2.300000000000012,35.0
7306,2001,12.0,hockenheimring,False,,True,0.0,False,villeneuve,,bar,12,3,7.0,0.0,10.0,12,0,6,2.300000000000012,30.0
7310,2001,12.0,hockenheimring,False,0.0,True,0.0,False,panis,French,bar,13,7,5.0,0.0,12.0,12,0,Auto%#,2.5,34.0
7309,2001,12.0,hockenheimring,False,0.0,True,0.0,False,,French,prost,14,6,3.0,0.0,14.0,3,0,Auto%#,2.6000000000000085,37.0
,2001,12.0,hockenheimring,False,0.0,True,0.0,False,zonta,Brazilian,jordan,15,20,0.0,0.0,19.0,15,0,5,3.1000000000000085,25.0
7319,2001,12.0,hockenheimring,False,0.0,True,0.0,False,burti,Brazilian,prost,16,16,0.0,0.0,20.0,3,0,8,3.1000000000000085,26.0
7307,2001,12.0,hockenheimring,False,0.0,True,0.0,,fisichella,Italian,,17,Auto%#,1.0,0.0,17.0,1,0,10,3.200000000000003,28.0
7308,2001,12.0,hockenheimring,,0.0,True,0.0,False,button,British,benetton,18,Auto%#,0.0,0.0,18.0,,0,10,3.300000000000012,21.0
7311,2001,12.0,hockenheimring,False,0.0,True,0.0,False,bernoldi,Brazilian,arrows,19,8,0.0,0.0,22.0,1,0,9,3.6000000000000085,22.0
7312,,12.0,hockenheimring,False,0.0,True,,False,verstappen,Dutch,arrows,20,9,1.0,0.0,15.0,1,0,9,3.8000000000000114,29.0
7313,2001,12.0,hockenheimring,False,0.0,True,0.0,False,alonso,Spanish,minardi,21,10,0.0,0.0,23.0,0,0,11,3.8000000000000114,20.0
7316,2001,12.0,hockenheimring,False,0.0,True,0.0,False,marques,Brazilian,minardi,22,13,0.0,0.0,21.0,0,0,11,4.6000000000000085,25.0
7326,2001,13.0,hungaroring,False,0.0,True,0.0,Auto%#,michael_schumacher,German,ferrari,1,1,84.0,6.0,1.0,124,6,1,0.0,32.0
7328,2001,13.0,hungaroring,False,0.0,True,,True,coulthard,British,mclaren,Auto%#,3,,2.0,2.0,66,3,2,0.8000000000000114,30.0
7327,2001,13.0,hungaroring,False,0.0,True,0.0,True,barrichello,,ferrari,3,2,40.0,0.0,4.0,124,6,1,0.9000000000000057,29.0
7329,2001,13.0,,False,0.0,True,0.0,True,ralf_schumacher,German,williams,4,4,41.0,3.0,3.0,56,3,3,1.0,26.0
7342,2001,13.0,hungaroring,False,0.0,True,0.0,True,trulli,Italian,jordan,5,17,9.0,0.0,10.0,15,0,6,1.3000000000000114,27.0
7330,2001,13.0,Auto%#,False,0.0,True,0.0,True,hakkinen,Finnish,mclaren,6,5,19.0,1.0,5.0,66,3,2,1.3000000000000114,32.0
7331,2001,13.0,hungaroring,False,0.0,True,0.0,True,heidfeld,German,sauber,7,6,10.0,0.0,8.0,19,0,4,1.6000000000000083,24.0
7333,2001,13.0,hungaroring,False,0.0,True,0.0,True,montoya,Colombian,williams,Auto%#,8,15.0,0.0,6.0,56,3,3,1.8000000000000114,25.0
7332,2001,13.0,hungaroring,False,0.0,True,0.0,True,raikkonen,Finnish,sauber,9,7,9.0,0.0,9.0,19,0,4,1.8000000000000114,21.0
7334,2001,13.0,,False,,True,0.0,True,villeneuve,Canadian,bar,10,9,11.0,0.0,7.0,16,0,Auto%#,2.1000000000000085,30.0
7341,2001,13.0,hungaroring,False,0.0,True,0.0,True,panis,French,bar,11,16,5.0,0.0,12.0,16,0,5,2.300000000000012,34.0
7335,2001,13.0,hungaroring,False,0.0,True,0.0,True,alesi,French,jordan,12,10,4.0,0.0,15.0,15,0,6,2.4000000000000057,37.0
7336,2001,13.0,hungaroring,False,0.0,True,0.0,True,rosa,Spanish,jaguar,13,11,1.0,0.0,18.0,5,0,8,2.4000000000000057,30.0
7347,2001,13.0,hungaroring,False,0.0,True,0.0,True,irvine,British,jaguar,14,22,4.0,0.0,13.0,5,0,8,2.5,35.0
7338,2001,13.0,hungaroring,False,0.0,True,,True,fisichella,Italian,,15,13,4.0,0.0,,,0,7,2.5,28.0
7339,2001,13.0,hungaroring,False,0.0,True,0.0,True,,German,prost,16,14,6.0,0.0,11.0,4,0,9,3.1000000000000085,34.0
7344,2001,13.0,hungaroring,False,0.0,True,0.0,True,button,British,,17,19,2.0,0.0,16.0,6,0,7,3.4000000000000057,21.0
7343,2001,13.0,hungaroring,False,0.0,True,0.0,True,alonso,Spanish,minardi,Auto%#,18,0.0,0.0,23.0,0,0,11,3.5,20.0
7346,2001,13.0,hungaroring,False,0.0,True,0.0,True,burti,Brazilian,prost,19,21,0.0,0.0,20.0,4,0,9,4.1000000000000085,26.0
7345,2001,13.0,hungaroring,False,0.0,True,,True,bernoldi,Brazilian,arrows,20,20,0.0,0.0,21.0,1,0,10,4.200000000000003,22.0
7337,2001,13.0,hungaroring,False,0.0,True,0.0,True,verstappen,Dutch,arrows,21,12,1.0,0.0,17.0,1,0,10,4.300000000000011,29.0
7340,2001,13.0,hungaroring,False,0.0,True,0.0,True,marques,Brazilian,minardi,22,15,0.0,,22.0,0,0,11,5.0,25.0
7363,2001,14.0,spa,False,0.0,False,0.0,,montoya,Colombian,williams,,Auto%#,15.0,0.0,6.0,59,3,3,0.0,25.0
7354,2001,14.0,spa,False,0.0,False,0.0,False,ralf_schumacher,German,williams,2,7,44.0,3.0,4.0,59,3,3,0.9000000000000057,26.0
7348,2001,14.0,spa,False,0.0,False,0.0,False,michael_schumacher,German,ferrari,3,1,94.0,7.0,1.0,140,7,1,2.6000000000000085,32.0
7356,2001,14.0,spa,False,0.0,False,0.0,False,frentzen,German,,4,9,6.0,0.0,11.0,4,0,9,3.1000000000000085,34.0
7352,2001,14.0,,False,,False,0.0,False,barrichello,Brazilian,ferrari,5,5,46.0,0.0,3.0,140,7,1,4.0,29.0
7355,2001,14.0,spa,False,0.0,False,0.0,False,villeneuve,Canadian,bar,6,8,11.0,0.0,7.0,16,0,5,4.900000000000006,30.0
7351,2001,,spa,False,0.0,False,0.0,False,hakkinen,Finnish,mclaren,7,4,21.0,1.0,5.0,72,3,2,4.900000000000006,32.0
7350,2001,14.0,spa,False,0.0,False,0.0,False,fisichella,Italian,benetton,8,3,4.0,0.0,14.0,6,0,7,,28.0
7349,2001,14.0,spa,False,0.0,False,0.0,False,coulthard,British,mclaren,9,2,51.0,2.0,2.0,72,3,2,5.900000000000006,30.0
7364,2001,14.0,spa,False,0.0,False,0.0,False,rosa,Spanish,jaguar,10,17,1.0,0.0,18.0,5,0,8,6.400000000000006,30.0
7358,2001,14.0,spa,False,0.0,False,0.0,False,panis,French,bar,11,11,5.0,0.0,12.0,16,0,5,6.700000000000003,35.0
7366,2001,14.0,spa,False,0.0,False,0.0,False,,Finnish,sauber,12,19,9.0,0.0,9.0,20,0,4,7.0,21.0
7353,2001,14.0,spa,False,0.0,False,0.0,False,alesi,,jordan,13,6,4.0,0.0,15.0,15,0,6,7.0,37.0
7365,2001,14.0,spa,False,0.0,False,0.0,False,heidfeld,German,sauber,14,18,11.0,0.0,8.0,20,,4,7.200000000000003,24.0
7362,2001,14.0,spa,False,0.0,False,0.0,False,button,,benetton,15,15,2.0,0.0,16.0,6,0,7,7.5,21.0
7361,2001,14.0,spa,False,0.0,False,0.0,False,trulli,Italian,jordan,,14,9.0,0.0,10.0,15,0,6,7.5,27.0
7367,2001,14.0,spa,False,0.0,False,0.0,False,irvine,British,jaguar,17,20,4.0,0.0,13.0,5,0,8,7.600000000000008,35.0
,2001,14.0,spa,False,0.0,False,0.0,False,burti,Brazilian,,18,21,0.0,0.0,20.0,4,0,9,7.800000000000011,26.0
7357,2001,14.0,spa,False,0.0,False,0.0,Auto%#,verstappen,Dutch,arrows,19,10,1.0,0.0,17.0,1,0,10,9.900000000000006,29.0
7369,2001,14.0,spa,False,0.0,False,0.0,False,alonso,Spanish,minardi,20,22,0.0,0.0,23.0,0,0,11,10.5,20.0
7359,2001,14.0,,False,0.0,False,0.0,Auto%#,bernoldi,Brazilian,arrows,21,12,0.0,0.0,21.0,1,0,10,10.900000000000006,22.0
7360,2001,14.0,spa,False,0.0,False,0.0,False,marques,Brazilian,minardi,22,13,0.0,0.0,22.0,0,0,11,12.100000000000009,25.0
7370,2001,15.0,monza,False,0.0,False,0.0,False,montoya,Colombian,Auto%#,1,1,15.0,0.0,6.0,59,3,3,0.0,25.0
7371,2001,15.0,monza,False,0.0,False,0.0,Auto%#,barrichello,Brazilian,ferrari,2,,48.0,0.0,3.0,152,8,1,0.2999999999999971,29.0
7373,2001,15.0,monza,False,0.0,False,0.0,False,michael_schumacher,German,ferrari,3,4,,8.0,1.0,152,8,1,0.3999999999999915,32.0
7372,2001,15.0,monza,False,0.0,False,0.0,False,ralf_schumacher,German,williams,4,Auto%#,44.0,3.0,4.0,59,3,3,0.5999999999999943,26.0
7391,2001,15.0,monza,False,0.0,False,0.0,False,trulli,Italian,jordan,5,Auto%#,9.0,0.0,10.0,16,0,6,0.8999999999999915,27.0
7389,2001,15.0,monza,False,,False,0.0,False,coulthard,British,mclaren,6,20,57.0,2.0,2.0,81,3,2,0.8999999999999915,30.0
7387,2001,15.0,monza,False,0.0,False,0.0,False,hakkinen,Finnish,mclaren,7,18,24.0,1.0,5.0,81,3,,1.2000000000000028,32.0
7380,2001,15.0,monza,False,0.0,False,0.0,False,heidfeld,,sauber,8,,11.0,0.0,8.0,20,0,4,1.2000000000000028,24.0
7376,2001,15.0,monza,False,,False,0.0,False,raikkonen,Finnish,sauber,9,7,9.0,0.0,9.0,20,0,4,1.3999999999999917,21.0
7374,2001,15.0,monza,False,0.0,False,0.0,False,rosa,Spanish,jaguar,10,5,1.0,0.0,18.0,5,0,8,1.5,30.0
7390,2001,15.0,monza,False,0.0,False,0.0,False,button,British,benetton,11,21,2.0,0.0,16.0,10,0,7,1.7000000000000028,21.0
7385,2001,15.0,monza,False,0.0,False,0.0,False,,German,prost,12,16,6.0,0.0,12.0,4,0,9,1.7000000000000028,34.0
7388,2001,15.0,monza,False,0.0,False,0.0,False,irvine,British,jaguar,13,19,4.0,0.0,15.0,5,0,8,1.7999999999999972,35.0
7379,2001,15.0,,False,0.0,False,0.0,False,fisichella,Italian,benetton,14,10,8.0,0.0,11.0,10,0,7,1.8999999999999917,28.0
,2001,15.0,monza,False,0.0,False,0.0,False,villeneuve,Canadian,bar,15,6,11.0,0.0,7.0,16,0,5,2.0,30.0
7377,2001,15.0,,False,0.0,False,0.0,False,alesi,French,jordan,16,8,5.0,0.0,14.0,16,0,6,2.0,37.0
7378,2001,15.0,monza,False,0.0,False,0.0,False,panis,French,bar,17,9,5.0,0.0,13.0,,0,5,2.5,35.0
7383,2001,15.0,monza,False,0.0,False,0.0,False,bernoldi,Brazilian,arrows,18,14,0.0,0.0,21.0,1,0,10,3.200000000000003,22.0
7386,2001,15.0,monza,False,,False,0.0,False,verstappen,Dutch,arrows,19,17,1.0,0.0,17.0,1,0,10,,29.0
7381,2001,15.0,monza,False,0.0,False,0.0,False,enge,Czech,prost,20,12,0.0,0.0,0.0,4,0,9,3.799999999999997,25.0
7382,2001,15.0,monza,False,0.0,False,0.0,False,,Spanish,minardi,21,13,0.0,0.0,23.0,0,0,11,4.0,20.0
7384,2001,15.0,monza,False,0.0,False,0.0,False,yoong,Malaysian,minardi,22,,0.0,0.0,0.0,0,0,11,5.299999999999997,25.0
7393,2001,16.0,indianapolis,False,0.0,,0.0,False,michael_schumacher,German,Auto%#,1,2,107.0,8.0,1.0,161,8,1,0.0,32.0
7411,2001,16.0,indianapolis,False,0.0,False,0.0,False,ralf_schumacher,German,williams,2,20,48.0,3.0,4.0,73,4,3,0.2999999999999971,26.0
7409,2001,16.0,indianapolis,False,0.0,False,0.0,False,montoya,Colombian,williams,3,18,25.0,1.0,5.0,73,4,3,0.5999999999999943,26.0
7392,2001,16.0,indianapolis,False,0.0,False,0.0,False,hakkinen,Finnish,,4,1,24.0,1.0,6.0,81,3,2,0.5999999999999943,33.0
7406,2001,16.0,indianapolis,False,0.0,False,0.0,False,barrichello,Brazilian,Auto%#,5,15,54.0,0.0,3.0,161,8,1,,29.0
7397,2001,16.0,indianapolis,False,,False,,False,heidfeld,German,,,6,11.0,0.0,8.0,20,0,4,0.7000000000000028,24.0
7394,2001,16.0,indianapolis,False,0.0,,0.0,False,coulthard,British,mclaren,7,3,57.0,2.0,2.0,81,3,2,0.7999999999999972,30.0
7395,2001,16.0,indianapolis,False,0.0,False,0.0,False,trulli,Italian,jordan,8,,,0.0,10.0,16,0,6,0.8999999999999915,27.0
7398,2001,16.0,indianapolis,False,0.0,False,0.0,False,alesi,French,jordan,,7,5.0,0.0,14.0,16,0,6,0.8999999999999915,37.0
7400,2001,16.0,indianapolis,False,0.0,False,0.0,False,button,British,benetton,10,9,2.0,0.0,17.0,10,0,7,1.0999999999999943,21.0
7413,2001,16.0,indianapolis,False,0.0,False,0.0,False,raikkonen,,sauber,,22,9.0,,9.0,20,0,4,1.2000000000000028,21.0
7399,2001,16.0,indianapolis,False,0.0,Auto%#,0.0,False,fisichella,Italian,benetton,,8,8.0,0.0,11.0,10,0,7,1.2000000000000028,28.0
7402,2001,16.0,indianapolis,False,0.0,False,0.0,False,panis,French,bar,13,11,5.0,0.0,13.0,17,0,5,1.3999999999999917,35.0
7396,2001,16.0,indianapolis,False,0.0,False,0.0,False,irvine,British,jaguar,14,5,4.0,0.0,15.0,7,0,8,1.5,35.0
7401,2001,16.0,indianapolis,False,0.0,False,0.0,False,frentzen,German,prost,15,10,6.0,0.0,12.0,4,0,9,1.5999999999999943,34.0
7403,2001,16.0,indianapolis,False,0.0,False,0.0,False,rosa,Spanish,jaguar,16,12,3.0,0.0,16.0,7,0,,2.0,30.0
7412,2001,16.0,indianapolis,False,0.0,False,0.0,False,alonso,Spanish,minardi,17,21,0.0,0.0,23.0,0,0,11,2.299999999999997,
7407,2001,16.0,indianapolis,,0.0,False,0.0,False,villeneuve,Canadian,bar,18,16,12.0,0.0,7.0,17,0,5,2.299999999999997,30.0
7404,2001,16.0,indianapolis,False,0.0,False,0.0,False,bernoldi,Brazilian,arrows,19,,0.0,0.0,21.0,1,0,,2.3999999999999915,22.0
7408,2001,16.0,indianapolis,False,0.0,False,0.0,False,verstappen,Dutch,arrows,20,,1.0,0.0,18.0,1,0,10,2.3999999999999915,29.0
7405,2001,16.0,Auto%#,False,0.0,False,0.0,False,enge,Czech,prost,21,14,0.0,0.0,24.0,4,0,9,2.5,25.0
7410,2001,16.0,indianapolis,False,0.0,False,0.0,False,yoong,Malaysian,minardi,22,19,0.0,0.0,0.0,0,0,11,3.5,25.0
7414,2001,17.0,suzuka,False,0.0,False,0.0,False,michael_schumacher,German,ferrari,1,1,113.0,8.0,1.0,167,8,1,0.0,32.0
7415,2001,17.0,suzuka,False,0.0,False,0.0,False,montoya,Colombian,williams,2,2,25.0,1.0,6.0,73,4,3,0.7000000000000028,26.0
7419,2001,17.0,suzuka,False,0.0,False,0.0,False,ralf_schumacher,German,williams,3,6,48.0,3.0,4.0,73,4,3,0.7999999999999972,26.0
7418,2001,17.0,suzuka,False,0.0,False,0.0,False,barrichello,Brazilian,ferrari,4,5,54.0,0.0,3.0,167,8,1,0.7999999999999972,29.0
7417,2001,17.0,Auto%#,False,0.0,False,0.0,False,hakkinen,Finnish,mclaren,5,4,34.0,2.0,5.0,95,4,2,1.2000000000000028,33.0
7430,2001,17.0,suzuka,False,0.0,False,0.0,False,,Italian,benetton,6,17,8.0,0.0,11.0,10,0,,1.2999999999999972,28.0
7416,2001,17.0,suzuka,False,0.0,False,0.0,Auto%#,coulthard,British,mclaren,7,3,61.0,2.0,2.0,95,4,2,1.4000000000000057,30.0
7421,2001,17.0,suzuka,False,0.0,False,0.0,False,trulli,Auto%#,jordan,8,8,12.0,0.0,9.0,19,0,5,1.5,27.0
7420,,17.0,suzuka,False,0.0,False,0.0,False,button,British,benetton,9,7,2.0,0.0,17.0,10,0,7,1.9000000000000057,21.0
7422,2001,17.0,suzuka,False,0.0,False,0.0,False,heidfeld,German,sauber,10,9,12.0,0.0,,21,0,4,,24.0
7435,2001,17.0,suzuka,False,0.0,False,0.0,False,alesi,French,jordan,11,22,5.0,0.0,15.0,19,0,5,1.9000000000000057,37.0
7434,2001,17.0,suzuka,False,0.0,False,0.0,False,raikkonen,Finnish,sauber,12,21,9.0,0.0,10.0,21,0,4,2.0999999999999943,21.0
7433,2001,17.0,suzuka,False,0.0,False,0.0,False,irvine,British,jaguar,13,20,6.0,0.0,12.0,9,0,8,2.4000000000000057,35.0
7423,2001,17.0,suzuka,False,0.0,False,0.0,False,villeneuve,Canadian,bar,14,10,12.0,0.0,7.0,17,0,6,2.5999999999999943,30.0
7425,2001,17.0,suzuka,,0.0,False,0.0,False,frentzen,German,Auto%#,15,12,6.0,0.0,13.0,4,0,,2.5999999999999943,34.0
7431,2001,17.0,suzuka,False,0.0,False,0.0,False,rosa,Spanish,jaguar,16,18,3.0,0.0,16.0,9,0,8,3.0999999999999943,30.0
7426,2001,17.0,suzuka,,0.0,False,0.0,False,panis,French,bar,17,13,5.0,0.0,14.0,17,0,6,3.299999999999997,35.0
7424,2001,17.0,suzuka,False,0.0,False,0.0,False,alonso,Spanish,minardi,18,11,0.0,0.0,23.0,0,0,11,3.9000000000000057,20.0
7432,2001,17.0,suzuka,False,0.0,False,0.0,False,enge,Czech,prost,Auto%#,19,0.0,0.0,24.0,4,0,9,3.9000000000000057,25.0
7427,2001,17.0,suzuka,False,0.0,False,0.0,False,bernoldi,Brazilian,arrows,20,14,0.0,0.0,21.0,1,0,10,4.400000000000006,22.0
7428,2001,17.0,suzuka,False,0.0,False,0.0,False,verstappen,Dutch,arrows,21,15,1.0,0.0,18.0,1,0,10,4.5,29.0
7429,2001,17.0,suzuka,False,0.0,False,0.0,False,yoong,,minardi,22,16,0.0,0.0,0.0,0,0,11,5.700000000000003,25.0
7450,2002,1.0,albert_park,True,0.0,False,0.0,True,barrichello,Auto%#,ferrari,1,15,0.0,0.0,0.0,0,0,0,0.0,29.0
7436,2002,1.0,albert_park,True,0.0,False,0.0,True,michael_schumacher,German,ferrari,2,1,0.0,0.0,0.0,0,0,0,0.0,33.0
7451,2002,1.0,albert_park,True,0.0,False,0.0,True,ralf_schumacher,German,williams,3,16,0.0,0.0,0.0,0,0,0,0.5,26.0
7444,2002,1.0,albert_park,True,0.0,False,0.0,True,coulthard,British,mclaren,4,9,0.0,,0.0,,0,0,0.6000000000000085,30.0
7438,2002,1.0,albert_park,True,0.0,False,0.0,True,raikkonen,Finnish,mclaren,5,3,0.0,0.0,0.0,0,0,0,1.4000000000000057,22.0
7437,2002,1.0,albert_park,True,0.0,False,0.0,True,montoya,Colombian,williams,6,2,0.0,0.0,0.0,0,0,0,1.4000000000000057,26.0
7449,,1.0,albert_park,True,0.0,False,0.0,True,trulli,Italian,renault,7,14,0.0,0.0,0.0,0,0,0,1.9000000000000057,27.0
7452,2002,1.0,albert_park,True,0.0,False,0.0,True,fisichella,Italian,jordan,8,17,0.0,0.0,0.0,0,0,0,2.1000000000000085,29.0
7453,2002,1.0,albert_park,True,,False,0.0,True,massa,Brazilian,sauber,9,18,0.0,0.0,,0,0,0,2.200000000000003,20.0
7454,2002,1.0,albert_park,True,0.0,False,0.0,True,heidfeld,German,sauber,10,19,0.0,0.0,0.0,0,0,0,2.4000000000000057,24.0
7455,2002,1.0,albert_park,True,,False,,True,button,British,renault,11,20,0.0,0.0,0.0,0,,0,2.6000000000000085,22.0
7456,2002,1.0,albert_park,True,0.0,False,0.0,True,panis,French,bar,12,21,0.0,0.0,0.0,0,,0,2.6000000000000085,35.0
,2002,,albert_park,True,0.0,False,0.0,True,villeneuve,Canadian,bar,13,10,0.0,0.0,0.0,0,0,0,2.9000000000000057,30.0
7441,2002,1.0,albert_park,,0.0,False,0.0,True,salo,Finnish,,14,6,0.0,0.0,0.0,0,0,0,3.4000000000000057,35.0
7446,2002,1.0,,,0.0,False,0.0,True,frentzen,German,arrows,15,11,0.0,0.0,0.0,0,0,0,3.700000000000003,34.0
7457,2002,1.0,albert_park,True,0.0,False,0.0,True,mcnish,British,toyota,16,22,0.0,0.0,0.0,0,0,0,3.799999999999997,32.0
7447,2002,1.0,albert_park,True,0.0,False,0.0,True,bernoldi,Brazilian,arrows,17,12,0.0,,0.0,0,0,,3.9000000000000057,23.0
7440,2002,1.0,albert_park,True,0.0,False,0.0,True,webber,Australian,minardi,18,Auto%#,0.0,0.0,0.0,0,0,0,4.299999999999997,25.0
7439,2002,1.0,albert_park,True,0.0,Auto%#,0.0,True,irvine,British,jaguar,19,4,0.0,0.0,0.0,0,0,0,,36.0
7443,2002,1.0,Auto%#,True,0.0,False,0.0,True,rosa,Spanish,jaguar,20,8,0.0,0.0,,0,0,0,4.400000000000006,31.0
7442,2002,1.0,albert_park,True,0.0,False,0.0,True,yoong,Malaysian,minardi,21,7,0.0,0.0,0.0,0,0,Auto%#,5.700000000000003,25.0
7448,2002,1.0,albert_park,True,0.0,False,0.0,True,sato,Japanese,jordan,22,13,0.0,0.0,0.0,0,0,,27.60000000000001,25.0
7460,2002,2.0,sepang,True,0.0,True,0.0,False,michael_schumacher,German,ferrari,1,3,,1.0,1.0,10,1,1,0.0,33.0
7459,2002,2.0,sepang,True,0.0,True,0.0,False,montoya,Colombian,williams,2,2,,0.0,2.0,6,0,2,0.2000000000000028,26.0
7471,2002,2.0,sepang,True,0.0,True,0.0,False,barrichello,Brazilian,ferrari,3,14,0.0,0.0,0.0,10,1,1,0.6000000000000085,29.0
7458,2002,2.0,sepang,True,0.0,True,0.0,False,ralf_schumacher,German,williams,4,1,0.0,0.0,0.0,6,,2,0.7000000000000028,26.0
7475,2002,2.0,sepang,True,,True,0.0,False,raikkonen,Finnish,mclaren,5,18,4.0,0.0,3.0,4,0,3,1.2000000000000028,22.0
7477,2002,2.0,sepang,True,0.0,True,0.0,False,coulthard,,mclaren,6,20,0.0,0.0,0.0,4,0,3,1.2000000000000028,30.0
7462,2002,2.0,sepang,True,,True,0.0,False,heidfeld,German,sauber,7,5,0.0,,0.0,0,0,0,1.9000000000000057,24.0
7461,2002,,sepang,True,0.0,True,0.0,False,button,British,renault,8,4,0.0,0.0,0.0,0,0,0,1.9000000000000057,22.0
7470,2002,2.0,sepang,True,0.0,True,0.0,False,fisichella,Italian,jordan,9,13,0.0,0.0,0.0,0,0,0,2.200000000000003,29.0
7469,2002,2.0,sepang,True,0.0,True,0.0,False,salo,Finnish,toyota,10,12,1.0,0.0,6.0,1,0,6,2.4000000000000057,35.0
7468,2002,2.0,sepang,True,0.0,True,0.0,False,frentzen,German,arrows,11,11,0.0,0.0,0.0,0,0,0,2.6000000000000085,34.0
7479,2002,2.0,sepang,True,0.0,True,0.0,False,trulli,Italian,renault,12,22,0.0,0.0,0.0,0,0,0,2.6000000000000085,27.0
7465,2002,2.0,sepang,True,0.0,True,0.0,False,villeneuve,Canadian,bar,13,8,0.0,0.0,0.0,0,0,,2.700000000000003,30.0
,2002,2.0,sepang,True,,True,0.0,False,massa,Brazilian,sauber,14,6,0.0,0.0,0.0,0,0,0,,20.0
7466,2002,2.0,sepang,True,0.0,Auto%#,0.0,False,sato,Japanese,jordan,15,9,0.0,0.0,0.0,0,0,0,2.799999999999997,25.0
7476,2002,,sepang,True,0.0,True,0.0,False,bernoldi,Brazilian,arrows,16,19,0.0,0.0,0.0,0,0,0,3.0,23.0
7467,2002,2.0,sepang,True,0.0,True,0.0,False,rosa,Spanish,jaguar,17,10,0.0,0.0,8.0,3,0,4,3.1000000000000085,31.0
7478,2002,2.0,sepang,True,0.0,True,0.0,False,panis,French,bar,18,21,0.0,0.0,0.0,0,0,0,3.1000000000000085,35.0
7464,2002,2.0,sepang,True,0.0,True,0.0,False,mcnish,British,toyota,19,7,0.0,0.0,0.0,1,0,6,3.700000000000003,32.0
7473,2002,2.0,sepang,True,0.0,True,0.0,False,irvine,British,jaguar,20,16,3.0,0.0,4.0,3,0,4,3.799999999999997,36.0
7472,2002,2.0,sepang,True,0.0,True,0.0,False,webber,Australian,minardi,21,15,2.0,0.0,5.0,2,0,5,4.200000000000003,25.0
7474,2002,2.0,sepang,,0.0,True,0.0,False,yoong,Malaysian,minardi,22,17,0.0,0.0,7.0,2,0,5,4.900000000000006,
7484,2002,3.0,interlagos,False,0.0,False,0.0,False,montoya,Colombian,williams,1,5,12.0,0.0,2.0,22,1,1,0.0,26.0
7480,2002,3.0,interlagos,False,0.0,False,,False,michael_schumacher,German,ferrari,Auto%#,1,14.0,1.0,1.0,14,1,2,0.1000000000000085,33.0
7481,2002,3.0,interlagos,False,0.0,False,0.0,,ralf_schumacher,German,williams,3,2,,1.0,3.0,22,1,1,0.2000000000000028,26.0
7482,2002,3.0,interlagos,False,0.0,False,0.0,False,coulthard,British,mclaren,4,3,,0.0,,4,0,3,0.5,31.0
,2002,3.0,interlagos,False,0.0,False,0.0,False,raikkonen,Finnish,mclaren,5,12,4.0,0.0,4.0,4,0,3,0.5,22.0
7494,2002,3.0,interlagos,False,0.0,False,0.0,False,trulli,Italian,renault,6,15,0.0,0.0,0.0,3,0,5,0.5,27.0
7483,2002,3.0,interlagos,False,0.0,False,0.0,False,button,British,renault,7,4,3.0,0.0,5.0,3,0,5,0.6000000000000085,22.0
,2002,3.0,interlagos,False,0.0,False,0.0,False,barrichello,Brazilian,ferrari,8,,0.0,0.0,,14,1,2,,29.0
7493,2002,3.0,interlagos,False,0.0,False,0.0,False,heidfeld,German,sauber,9,14,2.0,0.0,7.0,3,0,6,1.1000000000000083,24.0
7485,2002,3.0,interlagos,False,0.0,False,0.0,False,salo,Finnish,toyota,10,6,1.0,0.0,9.0,1,0,8,1.3000000000000114,35.0
7487,2002,3.0,interlagos,False,0.0,False,0.0,False,rosa,Spanish,jaguar,11,8,0.0,0.0,13.0,3,0,4,1.4000000000000057,31.0
7495,2002,3.0,interlagos,False,0.0,False,0.0,False,massa,Brazilian,sauber,12,16,1.0,0.0,10.0,3,0,6,1.4000000000000057,20.0
7486,2002,3.0,interlagos,False,0.0,False,0.0,False,irvine,British,jaguar,13,7,3.0,0.0,6.0,3,0,4,1.4000000000000057,36.0
7501,2002,3.0,,False,0.0,False,0.0,False,fisichella,Italian,jordan,14,22,0.0,,17.0,0,0,10,1.6000000000000083,29.0
7489,2002,3.0,interlagos,False,0.0,False,0.0,False,villeneuve,Canadian,bar,15,10,0.0,0.0,14.0,0,0,9,1.7000000000000028,30.0
7496,2002,3.0,interlagos,False,0.0,False,0.0,False,mcnish,British,toyota,16,17,0.0,0.0,11.0,1,0,8,1.9000000000000057,32.0
7497,2002,3.0,interlagos,False,0.0,False,,False,panis,French,bar,17,18,,0.0,0.0,0,0,,1.9000000000000057,35.0
7498,2002,3.0,interlagos,False,0.0,False,0.0,False,frentzen,German,arrows,18,19,0.0,0.0,16.0,0,0,11,2.0,
7488,2002,3.0,interlagos,False,0.0,False,0.0,False,sato,Japanese,jordan,19,9,0.0,0.0,,0,0,10,2.200000000000003,25.0
7490,2002,3.0,interlagos,False,0.0,False,0.0,False,webber,Australian,minardi,20,11,2.0,0.0,8.0,2,0,7,2.200000000000003,
7499,2002,3.0,interlagos,False,0.0,False,0.0,False,bernoldi,Brazilian,arrows,21,20,0.0,0.0,0.0,0,0,11,2.300000000000012,23.0
7492,2002,3.0,interlagos,False,0.0,False,,False,yoong,Malaysian,minardi,22,13,0.0,0.0,12.0,2,0,7,3.6000000000000085,
7502,2002,4.0,imola,False,0.0,False,0.0,False,michael_schumacher,German,ferrari,1,1,24.0,2.0,1.0,24,2,2,0.0,33.0
7503,2002,4.0,imola,False,0.0,False,0.0,False,barrichello,Auto%#,ferrari,2,2,0.0,0.0,,24,2,2,0.1000000000000085,29.0
7504,2002,4.0,imola,False,0.0,False,0.0,False,ralf_schumacher,,williams,3,3,16.0,1.0,2.0,30,1,1,0.4000000000000057,26.0
7505,2002,4.0,imola,False,0.0,False,0.0,False,montoya,Colombian,williams,4,4,14.0,0.0,3.0,30,1,1,0.5,26.0
7515,2002,4.0,imola,False,,False,0.0,False,raikkonen,Finnish,mclaren,5,14,4.0,0.0,5.0,8,0,3,1.0,22.0
7507,2002,4.0,imola,False,0.0,False,0.0,False,coulthard,British,mclaren,6,6,4.0,0.0,6.0,8,0,3,1.4000000000000057,31.0
,2002,4.0,imola,False,0.0,False,0.0,False,heidfeld,German,,7,10,2.0,0.0,9.0,3,0,6,1.7000000000000028,24.0
7510,2002,4.0,imola,False,,False,,False,trulli,Italian,renault,8,9,0.0,0.0,,6,0,4,1.7000000000000028,
7506,2002,4.0,imola,False,0.0,False,0.0,False,button,British,renault,9,5,6.0,0.0,4.0,6,0,4,1.8000000000000114,22.0
7508,2002,4.0,imola,False,0.0,False,0.0,False,villeneuve,Canadian,bar,10,7,0.0,0.0,15.0,0,0,9,2.0,31.0
7509,2002,4.0,imola,False,0.0,False,0.0,False,massa,Brazilian,sauber,11,8,1.0,0.0,11.0,3,0,Auto%#,2.6000000000000085,20.0
7516,2002,4.0,imola,False,0.0,False,0.0,False,panis,French,bar,12,15,0.0,0.0,0.0,0,0,9,2.700000000000003,35.0
7518,2002,4.0,imola,False,0.0,False,0.0,False,frentzen,German,arrows,13,18,0.0,0.0,17.0,0,0,11,2.800000000000012,34.0
7520,2002,4.0,imola,False,0.0,False,0.0,False,sato,Japanese,jordan,14,20,0.0,0.0,16.0,0,0,10,3.0,25.0
7519,2002,4.0,imola,False,0.0,False,0.0,False,fisichella,Italian,jordan,15,19,0.0,0.0,18.0,0,0,10,3.200000000000003,29.0
7517,2002,4.0,imola,False,0.0,False,0.0,False,salo,Finnish,toyota,16,17,2.0,0.0,10.0,2,0,8,3.200000000000003,35.0
7521,2002,4.0,imola,False,0.0,False,0.0,False,mcnish,British,toyota,17,21,0.0,0.0,13.0,2,0,8,3.200000000000003,32.0
7514,2002,4.0,imola,False,0.0,False,0.0,False,irvine,British,jaguar,18,13,3.0,,7.0,3,0,5,3.5,36.0
7512,2002,4.0,imola,False,0.0,False,0.0,Auto%#,webber,,minardi,Auto%#,Auto%#,2.0,0.0,8.0,2,0,7,3.700000000000003,25.0
7513,2002,4.0,imola,False,0.0,False,0.0,False,bernoldi,Brazilian,arrows,20,12,0.0,0.0,0.0,0,0,11,3.700000000000003,23.0
7522,2002,5.0,catalunya,False,0.0,False,0.0,False,michael_schumacher,Auto%#,ferrari,Auto%#,1,34.0,3.0,1.0,40,3,1,0.0,33.0
7540,2002,5.0,catalunya,False,0.0,Auto%#,0.0,False,barrichello,Brazilian,ferrari,2,,6.0,0.0,5.0,40,3,1,0.2999999999999971,29.0
7532,2002,5.0,catalunya,False,0.0,False,0.0,False,ralf_schumacher,German,williams,3,11,20.0,1.0,2.0,37,1,2,0.8999999999999915,26.0
7523,2002,5.0,catalunya,False,0.0,False,0.0,False,montoya,Colombian,williams,4,2,17.0,0.0,3.0,37,1,2,1.0,26.0
7538,2002,5.0,catalunya,False,0.0,False,0.0,False,raikkonen,Finnish,mclaren,5,18,4.0,0.0,7.0,9,0,3,1.0999999999999943,22.0
7533,2002,5.0,catalunya,False,,False,0.0,False,button,British,renault,6,12,8.0,0.0,4.0,8,0,4,1.1999999999999886,22.0
7524,2002,5.0,catalunya,False,0.0,False,0.0,False,coulthard,British,mclaren,7,3,,0.0,6.0,9,0,3,1.2999999999999972,31.0
7525,2002,5.0,catalunya,False,0.0,False,0.0,False,heidfeld,German,sauber,8,4,2.0,0.0,9.0,3,0,6,1.5,24.0
7531,2002,5.0,catalunya,False,0.0,False,0.0,False,trulli,Italian,renault,9,10,0.0,0.0,18.0,8,0,4,1.5,27.0
7527,2002,5.0,catalunya,False,0.0,False,0.0,False,frentzen,German,arrows,10,6,0.0,0.0,,0,0,11,,34.0
7526,2002,5.0,catalunya,False,0.0,Auto%#,0.0,False,massa,Brazilian,sauber,11,5,1.0,0.0,12.0,3,0,6,1.6999999999999886,21.0
7537,2002,5.0,catalunya,False,0.0,Auto%#,0.0,False,fisichella,Auto%#,jordan,12,17,0.0,0.0,20.0,0,0,10,1.8999999999999917,29.0
7534,2002,5.0,catalunya,False,0.0,False,0.0,,panis,French,bar,13,13,0.0,0.0,0.0,0,0,9,2.0999999999999943,35.0
7535,2002,5.0,catalunya,False,0.0,False,0.0,,bernoldi,Brazilian,arrows,14,15,0.0,0.0,0.0,0,0,11,2.0999999999999943,23.0
7528,2002,5.0,catalunya,False,0.0,False,0.0,False,villeneuve,Canadian,bar,15,7,0.0,0.0,,0,0,9,2.3999999999999915,31.0
7539,2002,5.0,catalunya,False,0.0,False,0.0,False,rosa,Spanish,jaguar,16,19,0.0,0.0,16.0,3,0,,2.5,31.0
7530,2002,5.0,catalunya,False,0.0,False,0.0,False,salo,Finnish,toyota,17,9,2.0,0.0,11.0,2,0,8,2.5,35.0
7536,2002,5.0,catalunya,False,0.0,False,0.0,False,sato,Japanese,jordan,18,16,0.0,0.0,17.0,0,0,Auto%#,2.5999999999999943,25.0
7529,2002,5.0,catalunya,,0.0,False,0.0,False,mcnish,British,toyota,19,8,0.0,0.0,15.0,2,0,8,2.5999999999999943,32.0
7543,2002,6.0,osterreichring,False,0.0,False,0.0,False,barrichello,Brazilian,ferrari,1,2,6.0,0.0,6.0,50,4,1,0.0,29.0
7545,2002,6.0,osterreichring,False,0.0,False,0.0,False,ralf_schumacher,German,williams,2,4,20.0,1.0,3.0,43,1,2,0.3000000000000113,26.0
7542,2002,6.0,osterreichring,False,0.0,False,0.0,False,michael_schumacher,German,ferrari,3,1,44.0,4.0,1.0,50,4,1,0.6000000000000085,33.0
7544,2002,6.0,osterreichring,False,0.0,False,0.0,False,montoya,Colombian,williams,4,3,23.0,0.0,2.0,,1,2,1.0,26.0
7557,2002,6.0,osterreichring,False,0.0,False,,False,heidfeld,German,,5,16,,0.0,7.0,8,0,5,1.0,25.0
7561,2002,6.0,osterreichring,False,0.0,False,0.0,False,raikkonen,Finnish,,6,20,4.0,0.0,8.0,13,0,3,1.1000000000000083,22.0
7560,2002,6.0,osterreichring,False,0.0,False,0.0,False,massa,Brazilian,sauber,7,19,3.0,0.0,10.0,8,0,5,1.1000000000000083,21.0
7547,2002,6.0,osterreichring,,0.0,False,0.0,False,coulthard,British,mclaren,8,6,9.0,0.0,4.0,13,0,3,1.2000000000000028,31.0
7559,2002,6.0,osterreichring,False,0.0,False,0.0,False,panis,French,bar,9,18,0.0,0.0,0.0,0,0,10,1.5,35.0
7549,2002,6.0,osterreichring,False,0.0,False,0.0,False,salo,Finnish,toyota,10,8,2.0,0.0,12.0,2,0,8,1.6000000000000083,35.0
7552,2002,6.0,osterreichring,False,0.0,False,0.0,False,frentzen,German,arrows,11,11,1.0,0.0,13.0,1,0,9,1.6000000000000083,34.0
7562,2002,6.0,osterreichring,False,0.0,False,0.0,False,bernoldi,Brazilian,arrows,12,21,0.0,0.0,0.0,1,0,9,1.6000000000000083,23.0
7548,2002,6.0,osterreichring,False,0.0,False,0.0,False,button,British,renault,13,7,8.0,,5.0,8,0,4,1.7000000000000028,22.0
7550,2002,6.0,osterreichring,False,0.0,False,0.0,False,mcnish,British,toyota,Auto%#,9,0.0,0.0,15.0,2,0,8,1.7000000000000028,32.0
7546,2002,6.0,,False,0.0,False,0.0,False,fisichella,Italian,jordan,15,5,0.0,,20.0,0,0,11,1.8000000000000114,29.0
7554,,6.0,osterreichring,False,0.0,False,0.0,False,trulli,Italian,renault,16,13,0.0,0.0,19.0,8,0,4,1.9000000000000057,27.0
7551,2002,6.0,osterreichring,False,0.0,False,0.0,False,villeneuve,Canadian,bar,17,10,0.0,0.0,14.0,0,0,10,2.0,31.0
7558,2002,6.0,osterreichring,False,0.0,False,0.0,False,,Japanese,jordan,18,17,0.0,0.0,18.0,0,0,11,2.0,25.0
7563,2002,6.0,osterreichring,False,0.0,False,0.0,False,rosa,Spanish,jaguar,19,22,0.0,0.0,17.0,3,0,6,2.4000000000000057,31.0
7556,2002,6.0,osterreichring,False,0.0,False,0.0,False,irvine,British,jaguar,20,15,3.0,0.0,9.0,3,0,6,2.6000000000000085,36.0
7553,2002,6.0,osterreichring,False,0.0,False,0.0,False,webber,Australian,minardi,21,12,2.0,0.0,11.0,2,0,7,3.300000000000012,25.0
7555,2002,6.0,osterreichring,False,0.0,False,0.0,False,yoong,Malaysian,minardi,Auto%#,14,0.0,0.0,16.0,2,0,7,4.200000000000003,25.0
7580,2002,7.0,monaco,False,0.0,False,0.0,False,montoya,Colombian,williams,1,17,27.0,0.0,2.0,50,1,2,0.0,26.0
7564,2002,7.0,monaco,False,0.0,,0.0,False,coulthard,British,mclaren,2,1,10.0,0.0,5.0,14,0,3,0.3999999999999915,31.0
7565,2002,7.0,monaco,False,0.0,False,0.0,False,michael_schumacher,German,ferrari,3,2,54.0,5.0,1.0,66,5,1,0.3999999999999915,33.0
7566,2002,7.0,monaco,False,0.0,False,0.0,False,ralf_schumacher,German,williams,4,3,23.0,,3.0,50,1,2,0.5999999999999943,26.0
7570,2002,7.0,monaco,False,0.0,False,0.0,False,barrichello,Brazilian,ferrari,5,7,12.0,0.0,4.0,,5,1,0.7000000000000028,30.0
7582,2002,7.0,monaco,False,0.0,False,0.0,False,raikkonen,Finnish,mclaren,6,19,4.0,0.0,8.0,14,0,3,1.0,22.0
7567,2002,7.0,monaco,False,0.0,False,0.0,False,trulli,Italian,renault,7,4,0.0,0.0,20.0,8,0,4,1.0,27.0
7579,2002,7.0,monaco,False,0.0,False,0.0,False,button,British,renault,,16,8.0,0.0,6.0,8,0,4,,22.0
7576,2002,7.0,monaco,,0.0,False,0.0,False,salo,Finnish,toyota,9,13,2.0,0.0,13.0,2,0,9,1.5,35.0
7585,2002,7.0,monaco,False,0.0,False,0.0,False,mcnish,British,toyota,10,22,0.0,0.0,,2,0,9,1.5999999999999943,32.0
7568,2002,7.0,monaco,False,0.0,False,0.0,False,fisichella,Italian,jordan,11,5,2.0,0.0,12.0,2,,8,1.5999999999999943,29.0
7569,2002,7.0,monaco,False,0.0,,0.0,False,frentzen,German,,12,6,1.0,0.0,14.0,1,0,Auto%#,1.8999999999999917,35.0
7577,2002,7.0,monaco,False,0.0,False,0.0,False,massa,Brazilian,sauber,13,14,3.0,0.0,10.0,8,0,5,2.299999999999997,21.0
7581,2002,7.0,monaco,False,0.0,False,0.0,False,villeneuve,Canadian,bar,Auto%#,18,0.0,0.0,15.0,0,0,11,2.5999999999999943,31.0
7571,2002,7.0,monaco,False,0.0,False,0.0,False,heidfeld,German,sauber,15,8,5.0,0.0,7.0,8,0,5,2.700000000000003,25.0
7584,2002,7.0,monaco,False,0.0,False,0.0,False,sato,Japanese,jordan,16,21,0.0,0.0,19.0,2,0,8,2.799999999999997,25.0
7573,2002,7.0,monaco,False,0.0,False,0.0,False,rosa,Spanish,jaguar,17,10,0.0,0.0,18.0,3,0,6,2.799999999999997,31.0
7578,2002,7.0,monaco,False,0.0,False,0.0,False,panis,French,bar,18,15,0.0,0.0,0.0,0,0,11,2.8999999999999915,35.0
7572,2002,7.0,monaco,False,0.0,False,0.0,False,irvine,British,jaguar,19,9,3.0,0.0,9.0,3,0,6,3.0,36.0
7574,2002,7.0,monaco,False,0.0,False,0.0,False,webber,Australian,minardi,20,11,2.0,0.0,,2,0,7,3.0999999999999943,25.0
7575,2002,7.0,monaco,False,0.0,False,,False,bernoldi,Brazilian,arrows,21,12,0.0,0.0,0.0,1,0,10,3.3999999999999915,23.0
7583,2002,7.0,,False,0.0,False,0.0,False,,Malaysian,minardi,22,20,0.0,0.0,17.0,2,0,7,4.899999999999992,25.0
7601,,8.0,villeneuve,True,0.0,False,0.0,False,montoya,Colombian,williams,1,16,27.0,0.0,3.0,54,1,2,0.0,26.0
7586,2002,8.0,villeneuve,True,0.0,False,0.0,False,michael_schumacher,German,ferrari,2,Auto%#,60.0,5.0,1.0,72,5,1,0.2000000000000028,33.0
7588,2002,8.0,villeneuve,True,0.0,False,0.0,False,barrichello,Brazilian,,3,3,12.0,0.0,,72,5,1,0.5,30.0
7592,2002,8.0,villeneuve,True,0.0,Auto%#,0.0,False,ralf_schumacher,German,williams,4,7,27.0,1.0,2.0,54,1,2,0.5,26.0
7589,2002,8.0,villeneuve,True,0.0,Auto%#,0.0,False,raikkonen,Finnish,mclaren,5,4,4.0,0.0,8.0,24,1,3,1.1000000000000083,22.0
7590,,8.0,villeneuve,True,0.0,False,0.0,False,fisichella,Italian,jordan,6,5,4.0,,9.0,4,0,6,,29.0
7597,2002,8.0,villeneuve,True,,False,0.0,False,heidfeld,German,sauber,7,12,5.0,,7.0,8,0,5,1.2999999999999972,25.0
7587,2002,8.0,villeneuve,True,,False,0.0,False,,British,,8,2,20.0,1.0,4.0,24,1,3,1.6000000000000083,31.0
7607,2002,8.0,villeneuve,True,0.0,False,0.0,Auto%#,villeneuve,Canadian,bar,9,22,0.0,0.0,16.0,,0,11,1.7999999999999972,31.0
7591,2002,8.0,villeneuve,True,0.0,False,0.0,False,trulli,Italian,renault,10,6,3.0,0.0,11.0,11,0,4,1.9000000000000057,27.0
7593,2002,8.0,villeneuve,True,0.0,Auto%#,0.0,False,panis,French,bar,11,8,0.0,0.0,0.0,0,0,11,1.9000000000000057,35.0
7594,2002,8.0,villeneuve,True,0.0,False,0.0,False,massa,Brazilian,sauber,12,9,3.0,0.0,12.0,8,0,,2.0,21.0
7600,2002,8.0,villeneuve,True,0.0,False,0.0,False,button,British,renault,13,15,8.0,0.0,6.0,11,,4,2.1000000000000085,22.0
7603,2002,8.0,villeneuve,True,0.0,False,0.0,False,irvine,British,jaguar,14,18,3.0,0.0,10.0,3,0,7,2.1000000000000085,36.0
7595,2002,8.0,villeneuve,True,0.0,False,0.0,False,sato,Japanese,jordan,15,10,0.0,0.0,20.0,4,0,6,2.1000000000000085,25.0
7605,2002,8.0,villeneuve,True,0.0,False,0.0,False,rosa,Spanish,Auto%#,16,,0.0,0.0,19.0,3,0,7,2.299999999999997,31.0
7606,2002,8.0,villeneuve,True,0.0,False,0.0,False,bernoldi,Brazilian,arrows,17,21,0.0,0.0,21.0,2,0,10,2.299999999999997,23.0
7604,2002,8.0,villeneuve,True,0.0,False,0.0,Auto%#,salo,Finnish,toyota,18,Auto%#,2.0,0.0,14.0,2,0,9,2.299999999999997,
7598,2002,8.0,villeneuve,True,0.0,False,0.0,False,frentzen,German,arrows,19,13,2.0,0.0,15.0,2,0,10,2.299999999999997,35.0
7602,2002,8.0,villeneuve,True,0.0,False,0.0,False,mcnish,British,toyota,Auto%#,17,0.0,0.0,17.0,2,0,9,2.5,32.0
7596,2002,8.0,villeneuve,True,0.0,False,0.0,False,webber,Australian,Auto%#,21,11,2.0,0.0,13.0,2,0,8,2.700000000000003,25.0
7599,2002,8.0,villeneuve,True,0.0,False,0.0,False,yoong,Malaysian,,22,14,0.0,0.0,,2,0,8,,25.0
7627,2002,9.0,nurburgring,False,0.0,False,0.0,False,montoya,Colombian,williams,1,20,27.0,0.0,3.0,54,1,2,0.0,26.0
7611,2002,9.0,nurburgring,False,0.0,,0.0,False,ralf_schumacher,German,williams,2,4,27.0,1.0,2.0,54,1,2,0.0,26.0
7609,2002,9.0,nurburgring,False,0.0,False,0.0,False,,German,ferrari,3,2,70.0,6.0,1.0,86,6,1,0.0999999999999943,33.0
7608,2002,9.0,nurburgring,False,0.0,False,0.0,,barrichello,Brazilian,ferrari,4,1,16.0,0.0,5.0,86,6,1,0.5,30.0
7628,2002,9.0,nurburgring,False,0.0,False,0.0,False,coulthard,British,mclaren,5,21,26.0,1.0,4.0,33,1,3,0.6999999999999886,31.0
7610,2002,9.0,nurburgring,False,0.0,False,0.0,False,raikkonen,,mclaren,6,3,7.0,0.0,7.0,33,1,3,0.6999999999999886,22.0
7615,2002,9.0,nurburgring,False,0.0,False,0.0,False,trulli,Italian,renault,7,8,4.0,0.0,10.0,12,0,4,1.0,27.0
7612,2002,9.0,Auto%#,False,0.0,False,0.0,False,button,,renault,8,Auto%#,8.0,0.0,6.0,12,0,4,1.1999999999999886,22.0
7614,2002,9.0,nurburgring,,0.0,False,0.0,False,heidfeld,German,sauber,9,7,5.0,0.0,9.0,8,0,5,1.2999999999999972,25.0
7624,2002,9.0,nurburgring,False,0.0,False,0.0,False,salo,Finnish,toyota,10,17,2.0,0.0,14.0,2,0,9,1.5,35.0
7613,2002,9.0,nurburgring,False,0.0,False,0.0,,massa,Brazilian,sauber,11,6,3.0,,12.0,8,0,,1.7999999999999972,21.0
7616,2002,9.0,nurburgring,False,0.0,False,0.0,False,panis,,bar,12,9,0.0,0.0,20.0,0,0,11,2.0,35.0
7621,2002,9.0,nurburgring,False,0.0,False,0.0,False,mcnish,British,toyota,13,14,0.0,0.0,,2,0,9,2.0,32.0
7623,2002,9.0,nurburgring,False,0.0,False,0.0,False,sato,Japanese,jordan,14,16,0.0,0.0,21.0,,0,6,2.0999999999999943,25.0
7620,2002,9.0,nurburgring,False,0.0,,0.0,False,frentzen,German,arrows,15,13,2.0,0.0,15.0,2,0,10,2.1999999999999886,35.0
7617,2002,9.0,nurburgring,False,0.0,False,0.0,False,rosa,Spanish,jaguar,Auto%#,10,0.0,0.0,19.0,3,0,7,2.3999999999999915,31.0
7626,2002,9.0,nurburgring,False,0.0,False,0.0,False,irvine,British,jaguar,17,19,3.0,0.0,11.0,3,0,7,2.5999999999999943,36.0
7629,2002,9.0,nurburgring,False,0.0,,0.0,False,fisichella,Italian,jordan,18,22,6.0,0.0,8.0,6,0,Auto%#,2.6999999999999886,29.0
7619,2002,9.0,nurburgring,False,0.0,False,0.0,False,villeneuve,Canadian,bar,19,12,0.0,0.0,16.0,0,0,11,3.0999999999999943,31.0
7622,2002,9.0,nurburgring,False,0.0,False,0.0,False,webber,Australian,minardi,20,15,2.0,0.0,13.0,2,0,8,3.0999999999999943,25.0
7618,2002,9.0,nurburgring,False,0.0,False,,False,bernoldi,Brazilian,arrows,21,11,0.0,0.0,22.0,2,0,10,3.5,23.0
7625,2002,9.0,nurburgring,False,0.0,False,0.0,False,yoong,Malaysian,minardi,22,18,0.0,0.0,18.0,2,0,8,4.399999999999992,25.0
7632,2002,10.0,silverstone,False,0.0,False,,False,montoya,Colombian,williams,1,3,27.0,0.0,3.0,57,1,2,0.0,26.0
7631,2002,10.0,silverstone,False,0.0,False,0.0,False,barrichello,Brazilian,ferrari,,Auto%#,26.0,1.0,4.0,102,7,1,0.0,30.0
7630,2002,10.0,silverstone,False,,False,,False,michael_schumacher,German,ferrari,3,1,76.0,6.0,1.0,102,7,,0.0,33.0
7637,2002,10.0,silverstone,False,0.0,False,,False,ralf_schumacher,German,williams,4,8,30.0,1.0,2.0,57,1,2,0.2999999999999971,27.0
7643,,10.0,silverstone,False,0.0,False,0.0,False,raikkonen,Finnish,mclaren,5,14,11.0,0.0,6.0,37,1,3,1.0999999999999943,22.0
7639,2002,10.0,silverstone,False,0.0,False,0.0,False,coulthard,British,mclaren,6,10,26.0,1.0,5.0,37,1,3,1.2999999999999972,31.0
7644,2002,10.0,silverstone,False,0.0,False,0.0,False,,Italian,renault,7,15,4.0,0.0,10.0,14,0,4,1.5,27.0
7648,2002,10.0,silverstone,False,0.0,False,0.0,False,,Finnish,toyota,8,19,2.0,0.0,14.0,2,0,,2.0,35.0
7633,2002,10.0,silverstone,False,0.0,False,0.0,False,villeneuve,Canadian,Auto%#,9,4,0.0,0.0,16.0,0,0,11,2.0999999999999943,31.0
7635,2002,,silverstone,False,0.0,False,,False,heidfeld,German,sauber,10,6,5.0,0.0,9.0,9,0,5,2.200000000000003,25.0
7638,2002,10.0,silverstone,False,0.0,False,0.0,False,massa,Brazilian,sauber,11,9,4.0,0.0,11.0,9,0,5,2.200000000000003,
7641,2002,10.0,silverstone,False,0.0,False,0.0,False,button,British,renault,12,12,10.0,0.0,7.0,14,0,4,2.200000000000003,22.0
7634,2002,10.0,silverstone,False,0.0,False,0.0,False,panis,French,bar,13,5,,0.0,20.0,0,0,11,2.299999999999997,35.0
7642,2002,10.0,silverstone,False,,False,0.0,False,sato,Japanese,jordan,Auto%#,13,0.0,0.0,21.0,6,0,6,2.299999999999997,25.0
7650,2002,10.0,silverstone,False,0.0,False,0.0,False,mcnish,British,toyota,15,21,,0.0,17.0,2,0,9,2.4000000000000057,
7647,2002,10.0,silverstone,False,0.0,False,0.0,False,frentzen,German,arrows,16,18,2.0,0.0,15.0,2,0,10,2.4000000000000057,35.0
7636,2002,10.0,silverstone,False,0.0,False,0.0,False,fisichella,Italian,jordan,17,7,6.0,0.0,8.0,6,0,6,2.5999999999999943,29.0
7645,2002,10.0,silverstone,False,0.0,False,0.0,False,bernoldi,Auto%#,arrows,,16,0.0,0.0,22.0,2,0,10,2.799999999999997,23.0
7646,2002,10.0,silverstone,False,0.0,False,0.0,False,irvine,British,jaguar,Auto%#,17,3.0,,12.0,3,0,7,2.9000000000000057,36.0
7649,2002,10.0,silverstone,False,0.0,False,0.0,False,webber,Australian,minardi,20,20,2.0,0.0,13.0,2,0,8,3.299999999999997,25.0
7640,2002,10.0,silverstone,False,0.0,False,0.0,False,rosa,Spanish,jaguar,21,11,0.0,,19.0,3,0,7,4.400000000000006,31.0
7654,2002,11.0,magny_cours,True,0.0,Auto%#,0.0,False,montoya,Colombian,williams,1,4,31.0,0.0,3.0,61,1,2,0.0,26.0
7651,2002,11.0,magny_cours,True,0.0,False,0.0,False,michael_schumacher,German,ferrari,2,1,86.0,7.0,1.0,118,8,1,0.0,33.0
7669,2002,11.0,magny_cours,True,0.0,False,0.0,False,barrichello,Brazilian,ferrari,3,19,,1.0,2.0,118,8,1,0.2000000000000028,30.0
7652,2002,11.0,magny_cours,True,0.0,False,0.0,False,raikkonen,Finnish,mclaren,4,2,11.0,0.0,6.0,37,1,3,0.2000000000000028,22.0
7655,2002,11.0,magny_cours,True,0.0,False,0.0,False,ralf_schumacher,German,williams,5,,30.0,1.0,4.0,61,1,2,0.4000000000000057,27.0
7653,2002,11.0,magny_cours,,0.0,False,0.0,False,coulthard,British,mclaren,6,3,26.0,1.0,5.0,37,1,3,0.5,31.0
7656,2002,11.0,magny_cours,True,0.0,,0.0,False,button,British,renault,7,Auto%#,10.0,0.0,7.0,14,0,4,0.7999999999999972,22.0
7663,2002,11.0,magny_cours,True,0.0,False,0.0,False,trulli,Italian,renault,8,13,,0.0,10.0,14,0,4,1.0,28.0
,2002,11.0,magny_cours,True,0.0,False,0.0,False,irvine,British,jaguar,9,12,3.0,0.0,13.0,3,0,,1.2000000000000028,36.0
7657,2002,11.0,magny_cours,True,0.0,False,0.0,False,heidfeld,German,sauber,10,7,6.0,,8.0,10,0,5,1.4000000000000057,25.0
7667,2002,11.0,magny_cours,True,0.0,,0.0,False,panis,French,bar,11,17,2.0,0.0,14.0,5,0,7,1.5,35.0
7664,2002,11.0,magny_cours,True,0.0,False,0.0,False,massa,Brazilian,sauber,12,14,4.0,0.0,,,0,5,1.5,21.0
7666,2002,11.0,magny_cours,True,0.0,False,0.0,Auto%#,villeneuve,Canadian,bar,13,16,3.0,0.0,12.0,5,0,7,1.5,31.0
7668,2002,11.0,magny_cours,True,0.0,False,0.0,False,sato,Japanese,jordan,14,18,0.0,0.0,21.0,6,0,6,1.5,25.0
,2002,11.0,magny_cours,True,0.0,False,0.0,False,rosa,,jaguar,15,9,0.0,0.0,20.0,3,0,8,1.7000000000000028,31.0
7665,2002,11.0,magny_cours,True,0.0,False,0.0,False,salo,Finnish,toyota,16,15,2.0,0.0,16.0,2,0,10,1.7999999999999972,35.0
7661,2002,11.0,magny_cours,True,0.0,False,0.0,False,,,toyota,17,11,0.0,0.0,18.0,2,0,10,1.9000000000000057,32.0
7658,,11.0,magny_cours,True,0.0,False,0.0,False,webber,Australian,,18,8,2.0,0.0,15.0,2,0,9,2.799999999999997,25.0
7660,2002,11.0,magny_cours,True,0.0,False,0.0,False,yoong,Malaysian,minardi,19,10,0.0,0.0,19.0,2,0,9,4.799999999999997,26.0
7670,2002,12.0,hockenheimring,,0.0,False,0.0,False,michael_schumacher,German,ferrari,1,1,96.0,8.0,1.0,128,9,1,0.0,33.0
7672,2002,12.0,hockenheimring,False,0.0,False,0.0,False,ralf_schumacher,German,williams,2,3,32.0,1.0,4.0,66,1,2,0.1999999999999886,27.0
7673,2002,12.0,hockenheimring,,0.0,False,0.0,False,barrichello,Brazilian,ferrari,3,4,32.0,1.0,3.0,128,9,1,0.2999999999999971,30.0
7671,2002,12.0,hockenheimring,False,0.0,False,0.0,False,montoya,Colombian,williams,4,2,34.0,0.0,2.0,66,,2,0.6999999999999886,26.0
7680,2002,12.0,hockenheimring,False,0.0,False,0.0,False,raikkonen,Finnish,mclaren,5,11,17.0,0.0,6.0,47,1,3,1.1999999999999886,22.0
7679,2002,12.0,hockenheimring,False,0.0,False,0.0,False,fisichella,Italian,jordan,,10,6.0,0.0,9.0,6,0,6,1.2999999999999972,29.0
7683,2002,12.0,hockenheimring,False,0.0,False,0.0,False,,French,bar,7,14,2.0,0.0,14.0,5,0,7,1.5,35.0
7684,2002,12.0,hockenheimring,False,0.0,False,0.0,False,trulli,Italian,renault,8,15,4.0,0.0,10.0,15,0,4,1.5,28.0
7674,2002,12.0,hockenheimring,False,,False,0.0,False,coulthard,,mclaren,9,5,30.0,1.0,5.0,47,1,3,1.5,31.0
7675,2002,,hockenheimring,False,0.0,False,0.0,False,heidfeld,German,sauber,10,6,6.0,0.0,8.0,10,0,5,1.5999999999999943,25.0
7685,2002,12.0,hockenheimring,False,0.0,False,0.0,False,villeneuve,Canadian,bar,11,16,,0.0,12.0,5,0,7,1.6999999999999886,31.0
7677,2002,12.0,hockenheimring,False,0.0,False,0.0,,sato,Japanese,jordan,,8,0.0,0.0,21.0,6,0,6,1.6999999999999886,25.0
,2002,,,False,0.0,False,0.0,False,button,British,renault,13,17,11.0,0.0,7.0,15,0,4,1.8999999999999917,22.0
,2002,12.0,hockenheimring,False,0.0,False,0.0,False,massa,Brazilian,sauber,14,7,4.0,0.0,11.0,10,0,5,2.0,21.0
7689,2002,12.0,hockenheimring,False,0.0,False,0.0,False,frentzen,German,arrows,15,20,2.0,0.0,17.0,2,0,Auto%#,2.0999999999999943,35.0
7681,2002,12.0,hockenheimring,False,0.0,,0.0,False,irvine,British,jaguar,16,12,3.0,0.0,13.0,3,0,8,2.0999999999999943,36.0
7687,2002,12.0,hockenheimring,False,0.0,False,0.0,False,mcnish,British,toyota,17,18,0.0,0.0,18.0,2,0,10,2.1999999999999886,32.0
7682,2002,12.0,,False,0.0,False,0.0,False,bernoldi,Brazilian,arrows,18,13,0.0,0.0,22.0,2,0,11,2.1999999999999886,23.0
7678,2002,12.0,hockenheimring,False,0.0,False,,False,salo,Finnish,toyota,19,9,2.0,0.0,16.0,2,,10,2.299999999999997,35.0
7690,2002,12.0,hockenheimring,False,0.0,False,0.0,False,,Spanish,jaguar,,21,0.0,0.0,20.0,3,0,8,2.6999999999999886,31.0
7688,2002,12.0,hockenheimring,False,0.0,,0.0,False,webber,Australian,minardi,21,19,2.0,0.0,15.0,2,0,9,3.5999999999999943,25.0
7691,2002,13.0,hungaroring,True,0.0,False,0.0,False,barrichello,Brazilian,ferrari,1,1,35.0,1.0,4.0,141,10,1,0.0,30.0
7692,2002,13.0,hungaroring,True,0.0,False,0.0,False,michael_schumacher,German,ferrari,2,2,106.0,9.0,1.0,141,10,1,0.1000000000000085,33.0
7693,2002,13.0,hungaroring,True,0.0,False,0.0,False,ralf_schumacher,German,williams,3,3,36.0,1.0,3.0,76,1,2,0.4000000000000057,27.0
7701,2002,13.0,hungaroring,True,0.0,False,0.0,False,montoya,Colombian,williams,4,11,40.0,0.0,2.0,76,1,2,1.4000000000000057,26.0
7696,2002,13.0,hungaroring,True,0.0,False,0.0,False,fisichella,Auto%#,jordan,5,6,6.0,0.0,9.0,6,0,6,1.6000000000000083,29.0
,2002,13.0,hungaroring,True,,False,0.0,False,trulli,Italian,renault,6,8,4.0,0.0,10.0,15,0,4,1.7000000000000028,28.0
7697,2002,13.0,hungaroring,True,0.0,False,0.0,False,massa,Brazilian,sauber,7,7,4.0,0.0,11.0,11,0,5,1.7000000000000028,21.0
7699,2002,13.0,hungaroring,True,0.0,False,0.0,False,heidfeld,German,sauber,8,9,7.0,0.0,8.0,11,0,5,1.7999999999999972,25.0
7708,2002,13.0,hungaroring,True,0.0,False,0.0,False,button,British,renault,9,Auto%#,11.0,0.0,7.0,15,0,4,1.9000000000000057,22.0
7695,2002,13.0,hungaroring,True,0.0,False,0.0,False,coulthard,British,mclaren,10,5,32.0,1.0,5.0,49,,3,1.9000000000000057,31.0
7694,2002,13.0,hungaroring,True,0.0,False,0.0,False,raikkonen,Finnish,mclaren,11,4,17.0,0.0,6.0,49,1,3,1.9000000000000057,22.0
7702,2002,13.0,hungaroring,True,0.0,False,0.0,False,panis,French,bar,12,12,2.0,0.0,14.0,5,0,7,2.299999999999997,35.0
7710,2002,13.0,hungaroring,True,0.0,False,0.0,False,villeneuve,Canadian,bar,13,20,3.0,0.0,12.0,5,0,7,2.299999999999997,31.0
7700,2002,13.0,hungaroring,True,0.0,False,0.0,False,sato,Japanese,jordan,Auto%#,10,0.0,0.0,21.0,6,0,6,2.5,25.0
7703,2002,13.0,hungaroring,True,0.0,False,0.0,False,rosa,Spanish,jaguar,15,13,0.0,0.0,20.0,3,0,8,2.6000000000000085,31.0
7709,2002,13.0,hungaroring,True,0.0,False,0.0,False,irvine,British,jaguar,16,19,3.0,0.0,13.0,3,0,8,3.1000000000000085,36.0
7705,2002,13.0,hungaroring,True,0.0,False,0.0,False,salo,Finnish,toyota,17,15,2.0,0.0,16.0,2,0,10,,35.0
7704,2002,13.0,hungaroring,True,0.0,False,0.0,False,mcnish,British,toyota,18,14,0.0,0.0,18.0,2,0,10,3.299999999999997,32.0
7706,2002,13.0,hungaroring,True,0.0,False,0.0,False,webber,Australian,minardi,19,Auto%#,2.0,0.0,15.0,2,0,9,4.1000000000000085,25.0
7707,2002,13.0,hungaroring,True,0.0,False,0.0,False,davidson,British,minardi,20,17,0.0,0.0,0.0,2,0,9,4.700000000000003,23.0
7711,2002,14.0,,False,0.0,False,0.0,False,michael_schumacher,German,ferrari,1,1,112.0,9.0,1.0,157,11,1,0.0,33.0
7726,2002,14.0,spa,False,0.0,False,0.0,False,raikkonen,Finnish,mclaren,2,16,20.0,0.0,6.0,54,1,3,0.5,22.0
7712,2002,14.0,spa,False,0.0,False,0.0,False,barrichello,Brazilian,ferrari,3,2,45.0,2.0,2.0,157,11,1,0.5999999999999943,30.0
7715,2002,,spa,False,0.0,False,0.0,False,ralf_schumacher,German,williams,4,5,40.0,1.0,3.0,80,1,2,0.5999999999999943,27.0
7713,2002,14.0,spa,False,0.0,False,0.0,False,montoya,Colombian,williams,5,3,40.0,0.0,4.0,80,1,2,0.8999999999999915,26.0
7714,2002,14.0,spa,False,0.0,False,0.0,False,coulthard,British,mclaren,6,4,34.0,1.0,5.0,54,1,3,1.0999999999999943,31.0
7727,2002,14.0,spa,False,0.0,False,0.0,False,trulli,Italian,renault,7,17,4.0,0.0,10.0,15,0,4,1.7000000000000028,28.0
7716,2002,14.0,spa,False,0.0,False,0.0,False,irvine,British,jaguar,8,6,3.0,0.0,13.0,3,0,8,2.200000000000003,36.0
7717,2002,14.0,spa,False,0.0,Auto%#,0.0,False,salo,Finnish,toyota,9,7,2.0,0.0,16.0,2,0,10,2.200000000000003,35.0
7729,2002,14.0,spa,,0.0,False,0.0,False,button,British,renault,10,19,11.0,0.0,7.0,15,0,4,2.299999999999997,22.0
7724,2002,14.0,spa,False,0.0,False,0.0,False,rosa,Spanish,jaguar,,14,0.0,0.0,,3,0,8,2.3999999999999915,31.0
7718,2002,14.0,spa,False,0.0,False,0.0,False,villeneuve,Canadian,bar,12,8,3.0,0.0,12.0,5,0,7,2.700000000000003,31.0
7719,2002,14.0,spa,False,0.0,False,0.0,False,mcnish,British,toyota,13,9,0.0,0.0,18.0,2,0,10,2.799999999999997,32.0
7723,2002,14.0,spa,False,0.0,False,0.0,False,fisichella,,jordan,14,13,7.0,0.0,9.0,7,0,6,2.799999999999997,29.0
7722,2002,14.0,spa,False,0.0,False,0.0,False,panis,French,bar,15,12,2.0,0.0,14.0,5,0,7,2.8999999999999915,35.0
7721,2002,14.0,spa,False,0.0,False,0.0,False,sato,Japanese,jordan,16,11,0.0,0.0,21.0,7,0,6,3.200000000000003,25.0
7725,2002,14.0,Auto%#,False,0.0,False,0.0,False,massa,Brazilian,sauber,17,15,4.0,0.0,11.0,11,0,5,3.200000000000003,21.0
7720,2002,14.0,spa,False,0.0,False,0.0,False,heidfeld,German,sauber,18,10,7.0,0.0,8.0,11,0,5,3.5999999999999943,25.0
7730,2002,14.0,spa,False,0.0,False,0.0,False,webber,Australian,minardi,19,20,2.0,0.0,15.0,2,0,9,3.899999999999992,26.0
7728,2002,14.0,spa,False,0.0,False,0.0,False,davidson,Auto%#,minardi,20,18,0.0,0.0,0.0,2,0,9,4.5,
7744,2002,15.0,,False,0.0,True,,False,montoya,Colombian,williams,1,14,44.0,0.0,3.0,86,1,Auto%#,0.0,26.0
7732,2002,15.0,monza,False,0.0,True,0.0,,michael_schumacher,German,ferrari,2,2,122.0,10.0,1.0,173,12,1,0.2000000000000028,33.0
7750,2002,15.0,monza,False,0.0,True,0.0,False,ralf_schumacher,German,williams,3,20,42.0,1.0,4.0,86,1,2,,27.0
7731,2002,15.0,monza,False,0.0,True,0.0,False,barrichello,,ferrari,4,1,51.0,2.0,2.0,173,12,1,0.4000000000000057,30.0
7733,2002,15.0,monza,False,0.0,True,0.0,False,irvine,British,jaguar,5,3,4.0,0.0,10.0,4,0,8,1.2999999999999972,36.0
7745,2002,15.0,monza,False,0.0,True,0.0,False,raikkonen,Finnish,mclaren,6,15,20.0,0.0,6.0,57,1,3,1.4000000000000057,22.0
7737,2002,15.0,monza,False,0.0,True,0.0,False,coulthard,British,mclaren,7,7,37.0,1.0,5.0,57,1,3,1.5,31.0
7748,2002,15.0,monza,False,0.0,True,0.0,False,rosa,Spanish,jaguar,8,18,0.0,0.0,20.0,4,,8,1.7000000000000028,31.0
7739,2002,15.0,monza,False,0.0,True,,False,villeneuve,Canadian,Auto%#,9,9,3.0,0.0,13.0,5,0,7,1.7999999999999972,31.0
7741,2002,15.0,monza,False,0.0,,0.0,False,salo,Finnish,toyota,10,11,2.0,0.0,,,0,10,2.0,35.0
7734,2002,15.0,monza,False,,True,0.0,False,trulli,Italian,renault,11,4,,0.0,11.0,15,,4,2.1000000000000085,28.0
7738,2002,15.0,monza,False,0.0,True,0.0,False,fisichella,Italian,jordan,12,8,7.0,0.0,9.0,7,0,6,2.200000000000003,29.0
7749,2002,15.0,monza,False,0.0,True,0.0,False,mcnish,British,toyota,13,19,0.0,0.0,18.0,2,0,10,2.200000000000003,32.0
7747,2002,15.0,monza,False,0.0,True,0.0,False,massa,Brazilian,sauber,14,17,4.0,0.0,12.0,11,0,5,2.299999999999997,21.0
7740,2002,15.0,monza,False,0.0,True,0.0,False,heidfeld,German,sauber,15,10,7.0,0.0,8.0,11,0,5,2.299999999999997,25.0
7736,2002,15.0,monza,False,0.0,True,0.0,False,panis,French,bar,16,6,2.0,0.0,14.0,5,0,7,2.299999999999997,36.0
7735,2002,15.0,monza,False,,True,0.0,False,button,,renault,17,5,11.0,0.0,7.0,15,0,4,2.4000000000000057,22.0
7742,2002,15.0,monza,False,0.0,True,0.0,False,sato,Japanese,jordan,18,12,0.0,0.0,21.0,7,0,6,2.9000000000000057,25.0
7746,2002,15.0,monza,False,0.0,True,0.0,False,webber,Australian,minardi,19,16,2.0,0.0,15.0,2,0,9,3.5,26.0
,2002,15.0,monza,False,0.0,True,0.0,False,yoong,Malaysian,minardi,20,13,0.0,0.0,19.0,2,0,9,4.799999999999997,26.0
7752,2002,16.0,indianapolis,,0.0,False,0.0,False,michael_schumacher,German,ferrari,1,2,128.0,10.0,1.0,189,13,1,0.0,33.0
7751,2002,16.0,indianapolis,True,0.0,False,0.0,,barrichello,Brazilian,ferrari,2,1,61.0,,2.0,189,13,1,0.2999999999999971,30.0
7753,2002,16.0,indianapolis,True,0.0,False,0.0,False,coulthard,British,mclaren,3,3,37.0,1.0,5.0,57,1,3,0.6000000000000085,31.0
7754,2002,16.0,indianapolis,True,0.0,False,0.0,False,,Colombian,williams,,Auto%#,44.0,0.0,3.0,86,1,2,0.6000000000000085,27.0
7766,2002,16.0,indianapolis,True,0.0,False,0.0,False,ralf_schumacher,German,williams,5,16,42.0,1.0,,86,1,2,0.7999999999999972,27.0
7767,2002,16.0,indianapolis,True,0.0,False,0.0,False,raikkonen,Finnish,mclaren,6,17,20.0,0.0,6.0,57,1,3,0.7999999999999972,22.0
7756,2002,16.0,indianapolis,True,,False,0.0,False,villeneuve,Canadian,bar,7,6,3.0,0.0,13.0,6,0,8,0.9000000000000057,
7755,2002,16.0,indianapolis,True,0.0,False,0.0,False,trulli,Italian,renault,8,5,7.0,0.0,9.0,20,0,4,1.1000000000000083,28.0
7757,2002,16.0,indianapolis,True,0.0,False,0.0,,fisichella,Italian,jordan,9,7,7.0,,11.0,7,0,7,1.1000000000000083,29.0
7759,2002,16.0,indianapolis,True,0.0,False,0.0,False,heidfeld,German,sauber,10,9,7.0,0.0,10.0,11,0,5,1.2000000000000028,25.0
,2002,16.0,indianapolis,True,0.0,False,0.0,,frentzen,German,sauber,11,13,2.0,0.0,17.0,11,0,5,1.2999999999999972,35.0
7762,2002,16.0,indianapolis,True,0.0,,0.0,False,panis,French,bar,12,12,3.0,0.0,14.0,6,0,8,1.4000000000000057,36.0
,,16.0,indianapolis,True,0.0,False,0.0,False,irvine,,jaguar,13,10,8.0,0.0,8.0,8,0,6,1.5,36.0
7758,,16.0,indianapolis,True,0.0,False,0.0,False,,British,renault,14,8,13.0,0.0,7.0,20,0,4,1.6000000000000083,22.0
7761,2002,16.0,indianapolis,True,0.0,False,0.0,False,sato,Japanese,jordan,15,11,0.0,0.0,21.0,7,0,7,1.7999999999999972,25.0
7765,2002,16.0,indianapolis,True,0.0,False,0.0,False,mcnish,British,toyota,16,15,0.0,0.0,18.0,2,0,10,1.9000000000000057,32.0
7770,2002,16.0,indianapolis,True,0.0,False,0.0,False,rosa,,jaguar,17,20,0.0,0.0,20.0,8,0,6,1.9000000000000057,31.0
7769,2002,16.0,indianapolis,True,0.0,False,0.0,False,webber,Australian,minardi,18,19,2.0,0.0,15.0,2,0,,2.299999999999997,26.0
7764,2002,,indianapolis,True,0.0,False,0.0,False,salo,Finnish,toyota,19,14,2.0,0.0,16.0,,0,10,2.4000000000000057,35.0
7768,2002,16.0,indianapolis,,0.0,False,0.0,False,yoong,Malaysian,minardi,20,,0.0,0.0,,2,0,9,,26.0
7771,2002,17.0,suzuka,False,,False,0.0,False,michael_schumacher,German,ferrari,1,1,134.0,10.0,1.0,205,14,1,0.0,33.0
7772,2002,17.0,suzuka,False,0.0,False,0.0,False,barrichello,Brazilian,ferrari,2,2,71.0,4.0,2.0,205,14,1,0.4000000000000057,30.0
7787,2002,17.0,suzuka,False,0.0,False,0.0,False,coulthard,British,mclaren,3,18,41.0,1.0,5.0,61,1,3,,31.0
7773,2002,17.0,suzuka,False,0.0,False,0.0,False,raikkonen,Finnish,mclaren,4,3,20.0,0.0,6.0,61,1,3,0.9000000000000057,22.0
7781,2002,17.0,suzuka,False,0.0,False,0.0,False,ralf_schumacher,German,williams,5,11,42.0,1.0,4.0,89,1,2,1.1000000000000083,27.0
7774,2002,17.0,suzuka,False,0.0,False,0.0,False,montoya,Colombian,williams,Auto%#,,47.0,0.0,3.0,89,1,2,1.2000000000000028,27.0
7775,2002,17.0,suzuka,False,0.0,False,0.0,False,sato,Japanese,jordan,7,5,0.0,0.0,21.0,7,0,8,1.7999999999999972,25.0
7783,2002,17.0,suzuka,False,0.0,False,0.0,False,fisichella,Italian,jordan,8,13,7.0,0.0,11.0,7,0,8,2.0,29.0
7785,2002,17.0,suzuka,False,0.0,False,0.0,False,villeneuve,Canadian,bar,9,15,4.0,,12.0,7,0,7,2.0,31.0
7776,2002,17.0,suzuka,False,0.0,False,0.0,False,,British,renault,10,6,13.0,0.0,7.0,22,0,4,2.1000000000000085,22.0
7784,2002,17.0,suzuka,False,0.0,False,0.0,False,trulli,Italian,renault,11,Auto%#,9.0,0.0,,22,0,4,2.200000000000003,28.0
7777,2002,17.0,suzuka,False,0.0,False,0.0,False,heidfeld,German,sauber,12,7,7.0,0.0,10.0,11,0,5,2.299999999999997,25.0
7778,2002,17.0,suzuka,False,0.0,False,0.0,False,salo,Finnish,toyota,13,8,2.0,0.0,16.0,2,0,10,2.4000000000000057,35.0
7779,2002,17.0,suzuka,False,0.0,False,0.0,False,irvine,British,jaguar,14,9,8.0,0.0,9.0,8,0,6,2.6000000000000085,36.0
7788,2002,17.0,suzuka,False,0.0,False,0.0,False,massa,Brazilian,sauber,,19,4.0,0.0,13.0,11,0,5,2.700000000000003,21.0
7786,2002,17.0,suzuka,False,0.0,False,0.0,False,panis,French,bar,16,17,3.0,0.0,14.0,7,0,7,2.9000000000000057,36.0
7782,2002,17.0,suzuka,False,0.0,False,0.0,False,rosa,Spanish,jaguar,17,12,0.0,0.0,20.0,8,0,6,2.9000000000000057,31.0
7789,2002,17.0,suzuka,False,0.0,False,0.0,False,mcnish,British,toyota,18,20,0.0,0.0,18.0,2,0,10,4.700000000000003,32.0
7780,2002,17.0,suzuka,False,0.0,False,0.0,False,webber,Australian,minardi,19,10,2.0,0.0,15.0,2,0,9,5.0,26.0
7793,2003,1.0,albert_park,True,0.0,True,1.0,False,michael_schumacher,German,ferrari,1,4,0.0,0.0,0.0,0,,0,0.0,34.0
7809,2003,1.0,albert_park,,0.0,True,1.0,False,barrichello,Auto%#,ferrari,2,20,0.0,0.0,0.0,0,0,0,0.2000000000000028,30.0
7791,,1.0,albert_park,True,0.0,True,1.0,False,montoya,Colombian,williams,3,2,0.0,0.0,0.0,0,0,0,0.8999999999999915,27.0
7795,2003,1.0,albert_park,True,0.0,True,1.0,False,frentzen,German,sauber,4,6,0.0,0.0,0.0,0,0,0,1.0999999999999943,35.0
7803,2003,1.0,albert_park,True,0.0,True,1.0,False,panis,French,toyota,5,14,0.0,0.0,0.0,0,0,0,1.0999999999999943,36.0
7798,2003,1.0,albert_park,True,0.0,True,1.0,,villeneuve,Canadian,bar,6,9,0.0,0.0,0.0,0,0,0,1.2000000000000028,31.0
7804,2003,1.0,albert_park,True,0.0,True,1.0,False,heidfeld,German,sauber,7,15,0.0,0.0,0.0,0,0,0,1.2999999999999972,25.0
7799,2003,1.0,albert_park,True,0.0,True,1.0,False,button,British,bar,8,10,0.0,0.0,0.0,0,0,0,1.5,23.0
7797,2003,1.0,albert_park,True,0.0,True,1.0,False,ralf_schumacher,German,williams,9,8,0.0,0.0,0.0,0,0,0,1.5999999999999943,27.0
7796,2003,1.0,albert_park,True,0.0,True,,False,alonso,Spanish,renault,10,7,0.0,0.0,0.0,0,0,0,1.7000000000000028,21.0
7790,2003,1.0,albert_park,True,0.0,True,1.0,False,coulthard,Auto%#,mclaren,Auto%#,1,0.0,0.0,0.0,0,0,0,1.8999999999999917,31.0
7794,2003,1.0,albert_park,True,,True,,False,trulli,Italian,renault,12,5,0.0,,0.0,0,0,0,1.8999999999999917,28.0
7801,2003,1.0,albert_park,True,0.0,True,,False,fisichella,Italian,jordan,13,12,0.0,0.0,0.0,0,0,0,2.0999999999999943,30.0
7806,2003,1.0,albert_park,True,0.0,True,1.0,False,webber,Australian,jaguar,14,17,0.0,0.0,0.0,0,0,0,2.200000000000003,26.0
7792,2003,1.0,albert_park,True,0.0,True,1.0,False,raikkonen,Finnish,mclaren,15,,0.0,0.0,0.0,0,0,0,2.299999999999997,23.0
7807,2003,1.0,albert_park,True,0.0,True,1.0,False,matta,Brazilian,toyota,16,18,0.0,0.0,0.0,0,0,0,2.299999999999997,29.0
7808,2003,1.0,,True,0.0,True,1.0,False,firman,Irish,jordan,17,19,0.0,0.0,0.0,0,0,0,4.0,27.0
7802,2003,1.0,albert_park,True,0.0,True,1.0,False,pizzonia,Brazilian,jaguar,18,13,0.0,0.0,0.0,0,0,0,4.5,22.0
7812,2003,2.0,sepang,False,0.0,False,0.0,False,alonso,Spanish,Auto%#,Auto%#,,2.0,0.0,7.0,6,0,3,,21.0
7814,,2.0,sepang,False,0.0,False,0.0,False,trulli,Italian,renault,2,,4.0,0.0,5.0,6,0,3,0.2000000000000028,28.0
7815,2003,2.0,sepang,False,0.0,False,0.0,False,michael_schumacher,German,ferrari,3,6,5.0,0.0,4.0,5,0,4,0.4000000000000057,
7827,2003,2.0,sepang,False,0.0,False,0.0,False,coulthard,British,mclaren,,18,10.0,1.0,1.0,16,1,1,0.5,31.0
7811,2003,2.0,sepang,False,0.0,False,0.0,False,barrichello,Brazilian,ferrari,5,2,0.0,0.0,0.0,5,0,4,0.5999999999999943,30.0
7817,2003,2.0,sepang,False,0.0,False,0.0,False,heidfeld,German,sauber,6,8,0.0,0.0,0.0,3,0,5,0.7999999999999972,25.0
7810,2003,2.0,sepang,False,0.0,False,0.0,False,raikkonen,Finnish,mclaren,7,1,6.0,0.0,,16,1,1,0.9000000000000057,23.0
7821,2003,2.0,sepang,False,0.0,False,0.0,False,montoya,Colombian,williams,8,12,8.0,0.0,2.0,,0,2,1.0,27.0
7816,2003,2.0,sepang,False,0.0,False,0.0,False,button,British,bar,9,7,0.0,0.0,10.0,0,0,,1.0999999999999943,23.0
7826,2003,2.0,sepang,False,0.0,False,,False,panis,French,toyota,10,17,0.0,0.0,0.0,0,,0,1.0999999999999943,36.0
7820,2003,2.0,sepang,False,0.0,False,0.0,False,matta,Brazilian,toyota,11,11,0.0,0.0,0.0,0,0,0,1.0999999999999943,29.0
7829,2003,2.0,sepang,,0.0,False,,False,villeneuve,Canadian,bar,12,20,0.0,0.0,9.0,0,0,6,1.2999999999999972,31.0
7818,2003,2.0,sepang,False,0.0,False,0.0,False,frentzen,German,sauber,13,,3.0,0.0,6.0,3,0,5,1.2999999999999972,35.0
,2003,2.0,sepang,False,0.0,False,0.0,False,fisichella,Italian,jordan,14,19,0.0,0.0,0.0,0,0,0,1.4000000000000057,30.0
7823,2003,2.0,sepang,False,0.0,False,0.0,False,pizzonia,Brazilian,jaguar,15,14,0.0,0.0,0.0,0,0,0,1.5,22.0
7825,2003,2.0,sepang,False,,False,0.0,False,webber,Australian,jaguar,16,16,0.0,0.0,0.0,0,0,0,1.5999999999999943,26.0
7813,2003,2.0,sepang,False,0.0,False,0.0,False,ralf_schumacher,German,williams,17,4,1.0,0.0,8.0,9,,2,1.7999999999999972,27.0
7822,2003,2.0,sepang,False,0.0,False,0.0,False,verstappen,Dutch,minardi,18,13,0.0,0.0,11.0,0,0,7,3.4000000000000057,31.0
7824,2003,2.0,sepang,False,0.0,False,0.0,False,wilson,British,minardi,19,15,0.0,0.0,0.0,0,0,7,3.5999999999999943,24.0
7819,2003,2.0,sepang,False,0.0,False,0.0,False,firman,,jordan,20,10,0.0,0.0,0.0,0,0,0,3.9000000000000057,27.0
7840,2003,,interlagos,False,0.0,False,0.0,False,barrichello,Brazilian,ferrari,1,11,8.0,0.0,4.0,16,0,2,0.0,30.0
7833,2003,3.0,interlagos,False,0.0,False,,False,coulthard,British,mclaren,2,4,10.0,1.0,2.0,26,2,1,0.0,32.0
7838,2003,3.0,,False,0.0,False,0.0,Auto%#,webber,Australian,jaguar,3,9,0.0,0.0,0.0,0,0,0,0.1000000000000085,
7831,2003,3.0,interlagos,False,0.0,False,0.0,Auto%#,raikkonen,Finnish,mclaren,4,2,16.0,1.0,1.0,26,2,1,0.1000000000000085,23.0
7837,,3.0,interlagos,False,0.0,False,0.0,False,trulli,Italian,Auto%#,5,8,8.0,0.0,7.0,16,0,3,0.2000000000000028,28.0
7836,2003,3.0,interlagos,False,0.0,False,0.0,False,ralf_schumacher,German,williams,6,7,6.0,0.0,8.0,14,0,4,0.2999999999999971,27.0
7843,,3.0,interlagos,False,0.0,False,0.0,False,michael_schumacher,German,ferrari,7,14,8.0,0.0,,16,0,2,0.2999999999999971,34.0
7830,2003,3.0,,False,0.0,False,0.0,False,fisichella,Italian,jordan,8,1,0.0,0.0,0.0,0,0,7,0.4000000000000057,30.0
7844,2003,3.0,interlagos,False,0.0,False,0.0,False,montoya,Colombian,williams,9,15,8.0,0.0,3.0,14,0,4,0.4000000000000057,27.0
7832,2003,3.0,interlagos,False,,False,0.0,False,alonso,Spanish,renault,10,3,8.0,0.0,5.0,16,0,3,0.6000000000000085,21.0
7841,2003,3.0,interlagos,False,0.0,False,0.0,False,button,British,bar,11,12,2.0,0.0,10.0,2,0,6,0.7000000000000028,23.0
7849,2003,3.0,interlagos,False,0.0,False,0.0,False,heidfeld,German,sauber,12,20,1.0,,11.0,4,0,5,0.7999999999999972,
7835,2003,3.0,interlagos,False,0.0,False,0.0,False,villeneuve,Canadian,bar,13,6,0.0,0.0,12.0,2,0,,0.9000000000000057,31.0
7834,2003,3.0,interlagos,False,0.0,False,0.0,False,frentzen,German,sauber,14,5,3.0,0.0,9.0,4,0,5,1.0,35.0
7846,2003,3.0,interlagos,False,0.0,False,0.0,False,panis,French,toyota,15,17,0.0,0.0,0.0,0,0,9,1.0,36.0
7847,2003,3.0,interlagos,False,0.0,False,0.0,False,firman,Irish,jordan,16,18,0.0,0.0,13.0,0,0,7,1.4000000000000057,27.0
7845,2003,3.0,interlagos,False,0.0,Auto%#,0.0,False,pizzonia,Brazilian,jaguar,17,16,0.0,0.0,0.0,0,0,0,1.5,22.0
7839,2003,3.0,interlagos,False,0.0,False,0.0,False,matta,Brazilian,toyota,,10,,0.0,15.0,0,0,9,1.7999999999999972,29.0
7842,2003,3.0,interlagos,False,0.0,False,0.0,False,verstappen,Dutch,minardi,19,13,0.0,0.0,14.0,0,0,8,2.700000000000003,31.0
7848,2003,3.0,interlagos,False,0.0,False,0.0,False,wilson,British,minardi,20,19,0.0,0.0,0.0,0,0,8,2.799999999999997,24.0
7850,2003,4.0,imola,False,0.0,False,0.0,True,michael_schumacher,German,ferrari,1,1,8.0,0.0,8.0,16,0,3,0.0,34.0
7853,2003,4.0,imola,False,0.0,False,,True,ralf_schumacher,German,williams,2,,8.0,0.0,9.0,16,0,4,0.0,27.0
7852,2003,4.0,imola,False,0.0,False,0.0,True,barrichello,Brazilian,ferrari,3,3,8.0,0.0,7.0,16,0,3,0.2999999999999971,30.0
7856,2003,4.0,imola,False,0.0,False,0.0,True,montoya,Colombian,williams,4,7,8.0,0.0,6.0,16,0,Auto%#,0.5,27.0
7865,2003,4.0,imola,False,0.0,False,0.0,True,webber,Australian,jaguar,5,16,0.0,0.0,14.0,0,0,8,0.7000000000000028,
7851,2003,4.0,imola,False,0.0,Auto%#,0.0,True,raikkonen,Finnish,mclaren,6,2,24.0,1.0,1.0,39,2,1,0.7999999999999972,23.0
7868,2003,4.0,imola,False,0.0,False,0.0,True,villeneuve,Canadian,bar,7,20,3.0,0.0,11.0,5,0,7,0.9000000000000057,32.0
,2003,4.0,imola,False,0.0,False,0.0,True,alonso,Spanish,renault,8,6,14.0,0.0,3.0,23,0,2,0.9000000000000057,21.0
7857,2003,4.0,imola,False,0.0,False,0.0,True,button,British,bar,9,8,2.0,0.0,12.0,5,0,7,1.1000000000000083,23.0
7858,2003,4.0,imola,False,0.0,False,0.0,True,panis,French,toyota,10,9,0.0,0.0,0.0,0,0,9,1.2000000000000028,36.0
7859,2003,4.0,imola,False,0.0,False,0.0,True,heidfeld,German,sauber,11,10,1.0,0.0,13.0,8,0,6,1.4000000000000057,25.0
7854,2003,4.0,imola,False,0.0,False,0.0,True,coulthard,British,mclaren,12,5,15.0,1.0,2.0,39,2,1,,32.0
7861,2003,4.0,imola,False,0.0,False,0.0,True,matta,Brazilian,toyota,13,,0.0,0.0,15.0,0,0,9,1.5,29.0
,2003,4.0,Auto%#,False,0.0,False,0.0,True,frentzen,German,sauber,14,11,7.0,0.0,10.0,8,0,6,1.6000000000000083,35.0
7863,2003,4.0,imola,,0.0,False,0.0,True,pizzonia,Brazilian,jaguar,15,14,0.0,0.0,0.0,0,0,8,1.7999999999999972,
7862,2003,4.0,imola,False,0.0,False,0.0,True,trulli,Italian,renault,16,13,9.0,0.0,5.0,23,0,2,1.9000000000000057,28.0
7864,2003,4.0,imola,False,0.0,False,0.0,True,fisichella,Italian,jordan,17,15,10.0,1.0,4.0,10,1,5,2.0,30.0
,2003,4.0,imola,False,0.0,False,0.0,True,wilson,British,minardi,18,19,0.0,0.0,0.0,0,0,10,3.5,24.0
7866,2003,4.0,imola,False,0.0,False,,True,firman,Irish,jordan,19,17,0.0,0.0,16.0,10,1,5,4.1000000000000085,27.0
7869,2003,5.0,catalunya,,0.0,False,,False,michael_schumacher,German,ferrari,1,1,18.0,1.0,3.0,32,1,2,0.0,34.0
7871,,5.0,catalunya,True,0.0,False,0.0,False,barrichello,Brazilian,ferrari,2,3,14.0,0.0,5.0,32,1,2,0.2000000000000028,30.0
7870,2003,5.0,catalunya,True,0.0,False,0.0,False,alonso,,renault,3,2,17.0,0.0,4.0,26,0,3,0.4000000000000057,21.0
7886,2003,5.0,catalunya,True,0.0,False,0.0,False,trulli,Italian,renault,4,18,9.0,0.0,9.0,26,0,3,0.7999999999999972,28.0
7877,2003,5.0,catalunya,True,0.0,False,0.0,False,button,British,bar,5,9,3.0,0.0,12.0,6,0,7,0.9000000000000057,23.0
7882,2003,5.0,catalunya,True,0.0,False,0.0,False,panis,French,toyota,6,14,0.0,0.0,14.0,0,0,Auto%#,1.0,36.0
7873,2003,5.0,catalunya,True,0.0,False,0.0,False,ralf_schumacher,German,williams,7,5,13.0,0.0,6.0,23,0,4,1.2000000000000028,27.0
7884,2003,5.0,catalunya,,0.0,False,0.0,False,coulthard,British,mclaren,8,16,19.0,1.0,2.0,51,2,1,1.2999999999999972,32.0
7872,2003,5.0,catalunya,True,0.0,False,0.0,False,montoya,Colombian,williams,9,4,10.0,0.0,8.0,23,0,4,1.6000000000000083,27.0
7883,2003,5.0,catalunya,True,0.0,False,0.0,False,frentzen,German,sauber,10,15,7.0,0.0,10.0,8,0,6,1.6000000000000083,35.0
7885,2003,5.0,catalunya,True,0.0,,0.0,False,villeneuve,Canadian,bar,11,17,3.0,0.0,11.0,6,0,7,1.7999999999999972,32.0
7875,2003,5.0,catalunya,True,0.0,False,,False,webber,Australian,jaguar,12,7,0.0,0.0,15.0,0,0,9,1.7999999999999972,26.0
7874,2003,5.0,catalunya,True,0.0,False,0.0,False,matta,Brazilian,toyota,13,6,0.0,0.0,,0,0,8,1.7999999999999972,29.0
7878,2003,5.0,catalunya,True,0.0,False,0.0,False,heidfeld,German,sauber,14,10,1.0,0.0,13.0,8,0,6,1.7999999999999972,25.0
7876,2003,5.0,catalunya,,0.0,Auto%#,0.0,False,firman,Irish,jordan,15,8,0.0,0.0,17.0,10,1,,2.4000000000000057,27.0
7887,2003,5.0,catalunya,True,0.0,False,0.0,False,pizzonia,Brazilian,jaguar,16,19,,0.0,19.0,0,0,9,2.5,22.0
7881,2003,5.0,catalunya,True,0.0,False,0.0,False,fisichella,Auto%#,jordan,17,13,10.0,1.0,7.0,10,1,5,3.200000000000003,30.0
7879,2003,5.0,catalunya,True,0.0,,0.0,False,wilson,British,minardi,18,11,0.0,,,0,0,10,4.299999999999997,24.0
7880,2003,5.0,catalunya,True,0.0,False,0.0,False,,Dutch,minardi,,12,0.0,0.0,18.0,0,0,10,4.400000000000006,31.0
7889,2003,6.0,osterreichring,False,0.0,Auto%#,1.0,True,michael_schumacher,German,ferrari,1,1,28.0,,2.0,48,2,2,0.0,34.0
7890,2003,6.0,osterreichring,False,0.0,False,1.0,True,raikkonen,Finnish,mclaren,2,2,32.0,1.0,1.0,51,2,1,0.1000000000000085,23.0
7905,2003,6.0,osterreichring,False,0.0,False,1.0,True,montoya,Colombian,williams,3,17,15.0,0.0,7.0,32,0,4,,27.0
7903,2003,6.0,osterreichring,False,0.0,False,1.0,True,heidfeld,German,sauber,4,15,1.0,0.0,15.0,8,0,6,0.6000000000000085,26.0
7891,2003,6.0,osterreichring,False,0.0,False,1.0,True,barrichello,Brazilian,ferrari,,,20.0,0.0,4.0,48,2,2,0.7000000000000028,30.0
7896,2003,6.0,osterreichring,False,0.0,False,1.0,True,trulli,Italian,renault,6,8,9.0,0.0,9.0,34,0,3,0.8000000000000114,28.0
7892,2003,,osterreichring,False,0.0,False,1.0,True,button,British,bar,7,4,3.0,0.0,13.0,6,0,7,0.8000000000000114,23.0
7897,2003,6.0,,False,0.0,False,1.0,True,,Brazilian,jaguar,8,9,0.0,0.0,20.0,2,0,9,0.9000000000000057,22.0
7902,2003,6.0,osterreichring,False,0.0,False,1.0,True,fisichella,Italian,jordan,9,14,10.0,1.0,8.0,11,1,,1.0,30.0
7894,2003,6.0,osterreichring,False,0.0,,1.0,True,ralf_schumacher,German,williams,10,6,17.0,0.0,6.0,32,0,4,1.2000000000000028,27.0
7906,2003,6.0,osterreichring,False,,False,1.0,True,panis,French,toyota,Auto%#,18,0.0,0.0,,3,0,8,1.3000000000000114,36.0
7900,2003,,osterreichring,False,0.0,False,1.0,True,villeneuve,Canadian,bar,12,12,3.0,0.0,11.0,6,0,7,1.5,32.0
7898,2003,6.0,osterreichring,False,0.0,False,1.0,True,matta,Brazilian,toyota,13,10,3.0,0.0,12.0,3,0,8,1.7000000000000028,29.0
7893,2003,6.0,osterreichring,False,0.0,False,,True,coulthard,British,mclaren,14,5,19.0,1.0,5.0,51,2,1,1.8000000000000114,32.0
7908,2003,6.0,osterreichring,False,0.0,False,1.0,Auto%#,frentzen,German,sauber,15,20,7.0,0.0,10.0,8,0,6,2.200000000000003,36.0
7899,2003,6.0,osterreichring,False,0.0,False,1.0,True,firman,Irish,jordan,16,11,1.0,0.0,16.0,11,1,5,2.4000000000000057,27.0
7895,2003,6.0,osterreichring,False,0.0,False,1.0,True,webber,Australian,jaguar,17,7,2.0,0.0,14.0,2,0,,2.6000000000000085,26.0
7901,2003,6.0,osterreichring,False,0.0,False,1.0,True,wilson,British,minardi,18,13,0.0,0.0,19.0,,0,10,5.400000000000006,24.0
7904,2003,6.0,osterreichring,False,0.0,False,1.0,True,alonso,Spanish,renault,,16,25.0,0.0,3.0,34,0,3,11.0,21.0
7912,2003,7.0,monaco,True,0.0,False,0.0,False,ralf_schumacher,German,williams,1,4,20.0,0.0,6.0,35,0,4,0.0,27.0
7910,2003,7.0,monaco,True,0.0,False,0.0,False,raikkonen,Finnish,,2,2,40.0,1.0,1.0,63,2,2,0.0,23.0
7909,2003,7.0,monaco,True,0.0,False,0.0,False,montoya,Colombian,williams,3,1,15.0,0.0,7.0,35,0,Auto%#,0.1000000000000085,27.0
7914,2003,,monaco,True,0.0,False,0.0,False,trulli,Italian,renault,4,6,10.0,0.0,9.0,35,0,3,0.2000000000000028,28.0
7911,2003,7.0,monaco,True,0.0,False,,False,michael_schumacher,German,ferrari,5,3,38.0,3.0,2.0,64,3,1,0.2999999999999971,34.0
7915,2003,7.0,monaco,True,0.0,False,0.0,False,coulthard,British,mclaren,6,7,23.0,1.0,5.0,63,2,2,0.4000000000000057,32.0
7916,2003,7.0,monaco,True,0.0,False,0.0,False,barrichello,Brazilian,ferrari,7,8,26.0,0.0,3.0,64,3,1,0.5,31.0
7913,2003,7.0,monaco,True,0.0,,0.0,False,alonso,Spanish,renault,8,5,25.0,0.0,4.0,35,0,3,0.6000000000000085,21.0
7925,2003,7.0,monaco,True,0.0,Auto%#,0.0,False,webber,Australian,jaguar,9,17,,0.0,12.0,4,0,8,0.9000000000000057,26.0
7917,2003,7.0,monaco,True,0.0,False,0.0,False,matta,Brazilian,toyota,10,9,3.0,0.0,14.0,3,0,9,1.4000000000000057,29.0
7922,2003,7.0,monaco,True,0.0,False,0.0,False,villeneuve,Canadian,bar,11,14,3.0,0.0,13.0,11,0,6,1.5,32.0
7918,2003,7.0,monaco,True,0.0,False,0.0,False,fisichella,Italian,jordan,12,10,10.0,1.0,8.0,11,1,5,1.7000000000000028,30.0
7926,2003,7.0,monaco,True,0.0,False,0.0,False,pizzonia,Brazilian,jaguar,13,18,,0.0,17.0,4,0,8,1.7999999999999972,22.0
7919,2003,,monaco,True,0.0,False,0.0,False,heidfeld,German,sauber,14,11,1.0,0.0,15.0,8,0,7,1.9000000000000057,26.0
7927,2003,7.0,monaco,True,0.0,False,0.0,False,frentzen,German,sauber,15,19,7.0,0.0,11.0,8,,7,2.1000000000000085,36.0
7920,2003,,monaco,True,0.0,False,0.0,False,firman,Irish,jordan,16,12,1.0,0.0,16.0,11,1,5,2.200000000000003,28.0
7921,2003,7.0,monaco,True,0.0,,0.0,False,panis,French,toyota,17,13,0.0,0.0,18.0,3,0,,2.200000000000003,36.0
7924,2003,7.0,monaco,True,0.0,False,0.0,False,verstappen,Dutch,minardi,18,16,0.0,0.0,19.0,0,0,10,3.4000000000000057,31.0
7923,2003,7.0,monaco,True,0.0,False,0.0,False,wilson,British,minardi,19,15,0.0,0.0,20.0,0,0,10,4.799999999999997,24.0
7929,2003,8.0,villeneuve,True,,False,0.0,True,ralf_schumacher,German,williams,1,2,25.0,0.0,7.0,50,1,3,0.0,27.0
7930,2003,8.0,villeneuve,True,0.0,False,,True,montoya,Colombian,,2,3,25.0,1.0,5.0,50,1,3,0.4000000000000057,27.0
7928,2003,8.0,villeneuve,,0.0,False,,,michael_schumacher,German,ferrari,3,1,44.0,3.0,2.0,71,3,2,0.5,34.0
7931,2003,8.0,villeneuve,True,0.0,False,0.0,True,alonso,Spanish,renault,4,4,29.0,0.0,3.0,42,0,4,0.5,21.0
7932,2003,8.0,villeneuve,True,0.0,False,0.0,True,barrichello,Brazilian,ferrari,5,5,27.0,0.0,4.0,71,3,2,0.5999999999999943,31.0
,2003,8.0,villeneuve,True,0.0,False,0.0,True,webber,Australian,jaguar,6,7,4.0,0.0,12.0,4,0,8,0.7000000000000028,26.0
7935,2003,8.0,villeneuve,True,0.0,False,0.0,True,panis,French,,7,8,0.0,0.0,17.0,3,0,9,1.0999999999999943,36.0
7943,2003,8.0,,True,0.0,False,0.0,True,trulli,Italian,renault,8,16,13.0,0.0,8.0,42,0,4,1.2000000000000028,28.0
7938,2003,8.0,villeneuve,True,0.0,False,0.0,True,matta,Brazilian,toyota,9,11,3.0,0.0,13.0,3,0,9,1.2999999999999972,29.0
7947,2003,8.0,villeneuve,True,0.0,False,0.0,True,frentzen,German,sauber,10,20,7.0,0.0,11.0,8,0,Auto%#,1.4000000000000057,36.0
7941,2003,8.0,villeneuve,True,0.0,False,0.0,True,coulthard,British,mclaren,11,14,25.0,1.0,6.0,73,2,1,1.5,32.0
7942,2003,8.0,villeneuve,True,0.0,False,0.0,True,heidfeld,German,sauber,12,15,1.0,0.0,15.0,8,0,7,1.5999999999999943,26.0
7937,2003,8.0,villeneuve,True,,False,0.0,True,pizzonia,Brazilian,jaguar,13,10,0.0,0.0,18.0,4,0,8,1.7999999999999972,22.0
7946,2003,8.0,villeneuve,True,0.0,False,0.0,True,villeneuve,Canadian,bar,14,19,3.0,0.0,14.0,11,0,6,1.7999999999999972,32.0
7936,2003,8.0,villeneuve,True,0.0,False,0.0,True,verstappen,Dutch,minardi,15,9,0.0,0.0,19.0,0,0,10,2.5,31.0
7944,2003,8.0,villeneuve,True,0.0,,0.0,True,fisichella,,jordan,16,17,10.0,1.0,9.0,11,1,5,2.5,30.0
7940,2003,8.0,Auto%#,True,0.0,False,0.0,True,button,British,bar,17,13,8.0,0.0,10.0,11,0,6,2.700000000000003,23.0
7939,2003,8.0,villeneuve,True,0.0,False,0.0,True,wilson,British,minardi,18,12,0.0,0.0,20.0,0,0,10,3.0999999999999943,24.0
7945,2003,8.0,villeneuve,True,,False,0.0,True,firman,Irish,jordan,19,18,1.0,0.0,16.0,11,1,5,3.200000000000003,28.0
7967,2003,9.0,nurburgring,False,0.0,False,0.0,True,raikkonen,Finnish,mclaren,,20,51.0,1.0,2.0,76,2,2,0.0,23.0
7952,2003,9.0,nurburgring,False,0.0,False,0.0,True,michael_schumacher,German,ferrari,2,5,54.0,4.0,1.0,85,4,1,0.0999999999999943,34.0
7948,2003,9.0,nurburgring,False,0.0,False,0.0,True,ralf_schumacher,German,williams,3,1,33.0,0.0,4.0,64,1,3,0.0999999999999943,27.0
7949,2003,9.0,nurburgring,False,0.0,False,0.0,,montoya,Colombian,,4,2,31.0,1.0,5.0,64,1,3,0.2999999999999971,27.0
7950,2003,9.0,nurburgring,False,0.0,False,0.0,True,barrichello,Brazilian,ferrari,5,3,31.0,0.0,6.0,85,4,1,0.2999999999999971,31.0
7965,2003,9.0,nurburgring,False,0.0,False,0.0,True,,Italian,renault,Auto%#,18,13.0,0.0,8.0,47,0,4,0.5,28.0
7966,2003,9.0,nurburgring,False,,False,0.0,True,panis,French,toyota,7,19,1.0,0.0,15.0,4,0,9,0.9000000000000057,36.0
7951,2003,9.0,nurburgring,False,0.0,False,0.0,True,alonso,Spanish,renault,8,4,34.0,0.0,3.0,47,0,4,0.9000000000000057,21.0
7962,2003,9.0,nurburgring,False,0.0,False,0.0,True,coulthard,British,mclaren,9,15,25.0,1.0,7.0,76,2,2,1.2000000000000028,32.0
7963,2003,9.0,nurburgring,False,,False,0.0,True,matta,Brazilian,toyota,10,16,3.0,0.0,13.0,4,0,9,1.4000000000000057,29.0
7953,2003,9.0,nurburgring,False,0.0,False,0.0,True,webber,Australian,jaguar,11,6,6.0,,12.0,6,0,8,1.5999999999999943,26.0
7954,2003,9.0,nurburgring,False,,,0.0,True,button,,bar,12,7,8.0,0.0,10.0,11,0,6,1.9000000000000057,23.0
7959,2003,9.0,nurburgring,False,0.0,False,0.0,True,fisichella,Italian,jordan,13,12,10.0,1.0,9.0,11,1,5,2.0999999999999943,30.0
7958,2003,9.0,nurburgring,False,0.0,False,0.0,True,firman,Irish,jordan,14,11,1.0,0.0,17.0,11,1,5,2.299999999999997,28.0
7956,2003,9.0,nurburgring,,,False,0.0,True,frentzen,German,sauber,15,9,7.0,0.0,11.0,8,0,7,2.5,36.0
7957,2003,9.0,nurburgring,False,0.0,False,0.0,Auto%#,pizzonia,Brazilian,jaguar,16,10,0.0,0.0,18.0,6,0,8,2.700000000000003,22.0
7964,,9.0,nurburgring,False,0.0,False,0.0,True,villeneuve,Canadian,bar,17,17,3.0,0.0,14.0,11,0,6,3.0999999999999943,32.0
7961,2003,9.0,nurburgring,False,,False,0.0,True,verstappen,Dutch,minardi,18,14,0.0,0.0,19.0,0,0,10,4.799999999999997,31.0
7960,2003,9.0,nurburgring,False,0.0,False,0.0,True,wilson,British,minardi,19,13,0.0,0.0,20.0,0,0,10,5.0,24.0
7968,2003,10.0,magny_cours,False,0.0,False,,False,ralf_schumacher,German,williams,1,1,43.0,1.0,3.0,82,2,2,0.0,28.0
7969,2003,10.0,magny_cours,False,0.0,False,0.0,False,montoya,Colombian,williams,2,2,39.0,1.0,4.0,82,2,2,0.0999999999999943,27.0
7970,2003,10.0,magny_cours,False,0.0,False,,False,michael_schumacher,German,ferrari,3,3,58.0,4.0,,95,4,1,0.5,34.0
7971,2003,10.0,magny_cours,False,0.0,False,0.0,False,raikkonen,Finnish,mclaren,4,4,51.0,1.0,2.0,76,2,3,0.5,23.0
7972,2003,10.0,magny_cours,False,0.0,False,0.0,False,coulthard,British,Auto%#,5,5,25.0,1.0,7.0,76,2,,0.5999999999999943,32.0
7984,2003,10.0,magny_cours,False,0.0,False,0.0,False,trulli,Italian,renault,,17,13.0,0.0,8.0,52,0,4,1.0,28.0
7985,2003,10.0,magny_cours,False,,False,0.0,False,alonso,Spanish,renault,7,18,39.0,0.0,5.0,52,0,4,1.0999999999999943,21.0
7974,2003,10.0,magny_cours,False,0.0,False,0.0,False,barrichello,Brazilian,ferrari,8,7,37.0,0.0,6.0,95,4,1,1.2000000000000028,31.0
7973,2003,10.0,magny_cours,False,0.0,False,0.0,False,webber,Australian,jaguar,,6,9.0,0.0,11.0,9,0,8,1.2999999999999972,26.0
7975,2003,10.0,magny_cours,False,0.0,False,0.0,False,panis,French,toyota,10,8,1.0,0.0,16.0,4,0,9,1.2999999999999972,36.0
7977,2003,10.0,magny_cours,False,0.0,False,0.0,False,pizzonia,Brazilian,jaguar,11,10,0.0,0.0,18.0,9,0,8,2.0,22.0
7976,2003,10.0,magny_cours,False,0.0,False,0.0,False,villeneuve,Canadian,bar,12,9,3.0,0.0,14.0,13,0,5,2.0,32.0
7978,2003,10.0,magny_cours,False,0.0,False,0.0,False,matta,Brazilian,toyota,13,11,3.0,0.0,13.0,4,0,9,2.0999999999999943,29.0
7987,2003,10.0,magny_cours,False,0.0,False,0.0,False,button,British,bar,14,20,10.0,0.0,10.0,13,0,5,2.0999999999999943,23.0
7980,,10.0,magny_cours,False,0.0,False,0.0,False,heidfeld,German,sauber,15,13,2.0,0.0,15.0,9,0,7,2.4000000000000057,26.0
7979,2003,10.0,magny_cours,False,0.0,False,,False,frentzen,German,sauber,16,12,7.0,0.0,12.0,9,0,7,2.5999999999999943,36.0
7986,2003,10.0,magny_cours,False,0.0,False,0.0,False,fisichella,Italian,jordan,17,19,10.0,1.0,9.0,11,1,6,3.4000000000000057,30.0
7982,2003,10.0,magny_cours,False,0.0,False,0.0,False,firman,Irish,jordan,18,15,1.0,0.0,17.0,11,1,6,3.5,28.0
7983,2003,10.0,magny_cours,False,0.0,False,0.0,False,verstappen,Dutch,minardi,19,16,0.0,0.0,19.0,0,0,10,3.700000000000003,31.0
7981,2003,10.0,magny_cours,False,0.0,False,0.0,False,wilson,British,minardi,20,14,0.0,0.0,20.0,0,0,10,4.599999999999994,24.0
7988,2003,11.0,silverstone,True,0.0,False,0.0,True,barrichello,Brazilian,ferrari,1,1,39.0,0.0,5.0,103,,Auto%#,0.0,31.0
7993,2003,11.0,silverstone,True,0.0,False,0.0,True,trulli,Italian,renault,2,6,13.0,0.0,8.0,52,0,4,0.2000000000000028,29.0
7990,2003,11.0,silverstone,True,0.0,False,0.0,Auto%#,raikkonen,Finnish,mclaren,3,3,56.0,1.0,2.0,85,2,,0.5,23.0
7996,2003,11.0,silverstone,True,,False,0.0,Auto%#,ralf_schumacher,German,williams,4,9,53.0,2.0,3.0,100,3,2,0.5,28.0
7991,2003,11.0,silverstone,True,0.0,False,0.0,True,michael_schumacher,German,ferrari,5,4,64.0,4.0,1.0,103,4,1,0.7000000000000028,34.0
7994,2003,11.0,silverstone,True,0.0,False,0.0,True,matta,Brazilian,toyota,6,7,3.0,0.0,14.0,5,0,9,0.8999999999999915,29.0
7989,2003,11.0,silverstone,True,0.0,False,0.0,True,montoya,Colombian,Auto%#,7,2,47.0,1.0,4.0,100,3,2,1.0,27.0
8005,2003,11.0,silverstone,True,0.0,,0.0,True,alonso,Spanish,renault,8,18,39.0,0.0,6.0,52,0,4,1.2000000000000028,21.0
7997,2003,,silverstone,True,0.0,False,0.0,True,villeneuve,Canadian,bar,9,10,3.0,0.0,13.0,13,0,5,1.3999999999999917,32.0
8007,,11.0,silverstone,True,0.0,False,0.0,True,pizzonia,Brazilian,jaguar,10,20,0.0,0.0,18.0,12,0,6,1.3999999999999917,22.0
8001,2003,11.0,silverstone,True,0.0,False,0.0,True,webber,Auto%#,jaguar,11,14,12.0,0.0,9.0,12,0,6,1.3999999999999917,26.0
7992,2003,11.0,silverstone,True,0.0,False,0.0,True,coulthard,British,mclaren,12,5,29.0,1.0,,85,2,3,1.5999999999999943,32.0
7998,2003,11.0,silverstone,True,0.0,False,0.0,True,panis,French,toyota,13,11,2.0,0.0,15.0,5,0,9,1.7999999999999972,36.0
7999,2003,11.0,silverstone,True,0.0,False,0.0,True,frentzen,German,sauber,14,12,7.0,0.0,12.0,9,0,8,,36.0
8006,2003,11.0,silverstone,True,0.0,False,0.0,True,fisichella,Italian,jordan,15,19,10.0,1.0,10.0,11,1,7,2.3999999999999915,30.0
,2003,11.0,silverstone,True,0.0,False,0.0,True,heidfeld,German,sauber,16,17,2.0,0.0,16.0,9,0,8,2.5999999999999943,26.0
8000,2003,11.0,silverstone,True,0.0,False,0.0,True,firman,Irish,jordan,17,13,1.0,0.0,17.0,11,1,7,3.200000000000003,28.0
8003,2003,11.0,silverstone,True,0.0,False,0.0,True,wilson,British,minardi,18,16,0.0,0.0,20.0,0,0,10,4.299999999999997,24.0
8002,2003,,silverstone,True,0.0,False,0.0,True,verstappen,Dutch,minardi,19,Auto%#,0.0,0.0,19.0,0,0,10,4.599999999999994,31.0
8008,2003,12.0,hockenheimring,True,0.0,False,0.0,False,montoya,Colombian,williams,1,1,55.0,1.0,,108,3,2,0.0,27.0
8023,2003,,hockenheimring,True,0.0,False,0.0,False,ralf_schumacher,German,williams,2,16,53.0,2.0,4.0,108,3,2,0.0,28.0
8025,2003,12.0,hockenheimring,True,0.0,False,0.0,False,barrichello,Brazilian,ferrari,3,18,49.0,1.0,5.0,,5,1,0.2999999999999971,31.0
8010,2003,12.0,hockenheimring,True,0.0,False,0.0,False,trulli,Italian,renault,4,3,16.0,0.0,8.0,55,0,4,0.5,29.0
8026,2003,,hockenheimring,True,0.0,False,0.0,False,raikkonen,Finnish,mclaren,5,19,62.0,1.0,2.0,95,2,3,0.7000000000000028,23.0
8014,2003,12.0,hockenheimring,True,0.0,False,0.0,False,michael_schumacher,German,ferrari,,7,69.0,4.0,1.0,,5,1,0.7000000000000028,34.0
8012,2003,12.0,hockenheimring,True,0.0,False,0.0,False,panis,French,toyota,7,Auto%#,2.0,0.0,15.0,7,0,9,0.7999999999999972,36.0
8011,2003,12.0,hockenheimring,True,0.0,False,0.0,,alonso,Spanish,renault,8,4,39.0,0.0,6.0,55,0,,1.2999999999999972,22.0
8013,2003,12.0,hockenheimring,True,0.0,False,0.0,False,matta,Brazilian,toyota,9,6,5.0,0.0,13.0,7,0,9,1.2999999999999972,29.0
8009,2003,12.0,hockenheimring,True,0.0,False,0.0,False,coulthard,British,mclaren,10,2,33.0,1.0,7.0,95,2,3,1.5,32.0
8019,2003,12.0,hockenheimring,True,0.0,False,,False,webber,Australian,jaguar,Auto%#,11,12.0,0.0,9.0,12,0,6,1.5999999999999943,26.0
8016,2003,12.0,hockenheimring,True,0.0,False,0.0,False,villeneuve,Canadian,bar,13,9,3.0,0.0,14.0,14,0,5,1.8999999999999917,32.0
8017,,12.0,hockenheimring,True,0.0,False,0.0,False,fisichella,Italian,jordan,13,13,10.0,1.0,11.0,11,1,Auto%#,1.8999999999999917,30.0
8024,2003,12.0,hockenheimring,True,0.0,False,0.0,False,frentzen,,sauber,Auto%#,17,7.0,0.0,12.0,9,0,8,2.0,36.0
8018,2003,12.0,hockenheimring,True,0.0,False,0.0,False,heidfeld,German,sauber,15,10,2.0,0.0,16.0,9,0,8,,26.0
8022,2003,,hockenheimring,,0.0,False,0.0,False,wilson,British,jaguar,16,15,0.0,0.0,20.0,12,0,6,2.799999999999997,25.0
8015,2003,12.0,hockenheimring,True,0.0,False,0.0,False,button,British,bar,17,8,11.0,0.0,10.0,14,0,5,2.8999999999999915,23.0
8027,2003,12.0,hockenheimring,True,0.0,False,0.0,False,firman,Irish,jordan,18,20,1.0,0.0,17.0,11,1,7,3.0999999999999943,28.0
8021,2003,12.0,hockenheimring,True,0.0,False,0.0,False,verstappen,Dutch,minardi,19,14,0.0,0.0,19.0,0,0,10,3.799999999999997,31.0
8020,2003,12.0,hockenheimring,True,,False,0.0,False,kiesa,Danish,minardi,,12,0.0,0.0,0.0,0,0,10,4.0,25.0
8028,2003,13.0,hungaroring,False,0.0,True,0.0,False,alonso,Spanish,renault,1,1,44.0,0.0,6.0,66,0,Auto%#,0.0,22.0
8031,2003,,hungaroring,False,0.0,True,0.0,False,ralf_schumacher,,williams,2,Auto%#,53.0,2.0,4.0,118,4,2,0.2000000000000028,28.0
8033,2003,13.0,hungaroring,False,0.0,True,0.0,False,webber,Australian,jaguar,3,6,12.0,0.0,10.0,12,0,7,,26.0
8030,2003,13.0,hungaroring,False,,True,0.0,False,,Colombian,williams,4,3,65.0,2.0,2.0,118,4,2,0.5,27.0
8046,2003,13.0,hungaroring,False,0.0,True,,False,barrichello,Brazilian,ferrari,5,19,49.0,1.0,5.0,120,5,,0.5,
8034,2003,13.0,hungaroring,False,0.0,True,0.0,False,trulli,Italian,renault,6,7,22.0,0.0,8.0,66,0,4,0.8999999999999915,29.0
8029,2003,13.0,hungaroring,False,0.0,True,0.0,False,raikkonen,Finnish,mclaren,Auto%#,2,62.0,1.0,3.0,103,2,3,1.0,23.0
8035,2003,13.0,hungaroring,,0.0,True,0.0,,michael_schumacher,German,,8,8,71.0,4.0,1.0,120,5,1,1.0999999999999943,34.0
8032,2003,13.0,Auto%#,False,0.0,True,0.0,False,coulthard,British,mclaren,9,5,41.0,1.0,7.0,103,2,3,1.3999999999999917,32.0
8044,2003,13.0,hungaroring,False,0.0,True,0.0,False,panis,French,toyota,10,17,6.0,0.0,,14,0,6,1.7000000000000028,36.0
8036,2003,13.0,hungaroring,False,0.0,True,0.0,False,heidfeld,German,sauber,11,9,2.0,0.0,16.0,9,0,Auto%#,1.8999999999999917,26.0
8042,2003,13.0,hungaroring,False,0.0,True,,False,wilson,British,jaguar,12,15,0.0,0.0,20.0,12,0,7,2.0,25.0
8045,2003,13.0,hungaroring,False,0.0,True,0.0,False,fisichella,Italian,jordan,13,18,10.0,1.0,11.0,11,1,8,2.0,30.0
8037,2003,13.0,hungaroring,False,0.0,True,0.0,False,button,,bar,14,10,12.0,0.0,,15,0,5,2.0999999999999943,23.0
8038,2003,13.0,hungaroring,False,0.0,True,0.0,False,matta,Auto%#,toyota,15,11,8.0,0.0,12.0,14,0,6,2.299999999999997,29.0
8047,2003,13.0,hungaroring,False,0.0,True,,False,villeneuve,Canadian,,16,20,3.0,0.0,15.0,15,0,5,2.3999999999999915,32.0
8041,2003,13.0,hungaroring,False,0.0,True,0.0,False,frentzen,German,sauber,17,14,7.0,0.0,13.0,9,0,9,2.8999999999999915,36.0
8039,2003,13.0,hungaroring,False,0.0,True,0.0,False,verstappen,Dutch,minardi,18,12,0.0,0.0,19.0,0,0,10,,31.0
8043,2003,13.0,hungaroring,False,0.0,True,0.0,False,baumgartner,Hungarian,jordan,19,16,0.0,0.0,0.0,11,1,8,5.0,22.0
8040,2003,13.0,hungaroring,False,0.0,True,0.0,False,kiesa,Danish,minardi,20,13,0.0,0.0,21.0,0,0,10,7.200000000000003,25.0
8048,2003,14.0,monza,True,0.0,False,0.0,False,michael_schumacher,German,ferrari,1,1,72.0,4.0,1.0,121,5,2,0.0,34.0
8049,2003,14.0,monza,True,0.0,False,0.0,False,montoya,Colombian,williams,2,2,71.0,2.0,2.0,129,4,1,0.0,27.0
8050,2003,14.0,monza,True,0.0,False,0.0,False,barrichello,Brazilian,ferrari,3,3,49.0,1.0,6.0,121,5,2,0.2000000000000028,31.0
8051,2003,14.0,monza,True,0.0,False,0.0,False,raikkonen,Finnish,Auto%#,4,4,70.0,1.0,3.0,115,2,3,0.5,23.0
8052,2003,14.0,monza,True,0.0,False,0.0,False,gene,Spanish,williams,5,5,0.0,0.0,0.0,129,4,1,0.7999999999999972,29.0
8067,2003,14.0,monza,True,0.0,False,0.0,False,trulli,Italian,renault,6,20,24.0,0.0,8.0,78,1,,0.9000000000000057,29.0
8064,2003,14.0,monza,True,0.0,False,0.0,False,button,British,bar,7,17,12.0,0.0,10.0,15,0,5,1.2999999999999972,23.0
8061,2003,14.0,,True,0.0,False,0.0,False,coulthard,British,mclaren,8,14,45.0,1.0,7.0,115,2,3,1.5,32.0
8062,2003,14.0,monza,True,0.0,False,0.0,False,panis,French,toyota,9,15,6.0,0.0,14.0,14,0,7,1.5,37.0
8053,2003,14.0,monza,True,0.0,False,0.0,False,villeneuve,Canadian,bar,10,6,3.0,0.0,,15,0,5,1.7000000000000028,32.0
8054,2003,14.0,monza,True,0.0,False,0.0,False,webber,,jaguar,11,7,15.0,0.0,9.0,15,0,6,1.7999999999999972,27.0
8065,2003,14.0,monza,True,0.0,False,,False,matta,Brazilian,toyota,12,18,8.0,0.0,12.0,14,0,7,1.9000000000000057,29.0
8057,2003,14.0,monza,True,0.0,False,0.0,False,fisichella,Italian,jordan,13,10,10.0,1.0,11.0,11,1,8,2.0,30.0
8060,2003,14.0,monza,True,0.0,False,0.0,False,frentzen,German,sauber,14,13,7.0,0.0,13.0,9,0,9,2.200000000000003,36.0
8066,2003,14.0,monza,True,0.0,False,0.0,False,wilson,British,jaguar,15,19,0.0,0.0,20.0,15,0,6,2.5,25.0
8056,2003,14.0,monza,True,0.0,False,0.0,False,heidfeld,German,sauber,16,,2.0,0.0,16.0,9,0,9,2.799999999999997,26.0
8063,2003,14.0,monza,,0.0,False,0.0,False,verstappen,Dutch,minardi,17,16,0.0,0.0,19.0,0,0,10,4.099999999999994,31.0
8058,2003,14.0,monza,True,0.0,False,0.0,False,baumgartner,Hungarian,jordan,18,,0.0,0.0,0.0,11,1,8,4.900000000000006,22.0
8059,2003,14.0,monza,True,0.0,False,0.0,False,kiesa,Danish,minardi,19,12,0.0,0.0,21.0,0,0,10,5.799999999999997,25.0
8055,2003,14.0,monza,True,0.0,Auto%#,0.0,False,alonso,Spanish,renault,20,8,54.0,1.0,5.0,78,1,4,19.40000000000001,22.0
8069,2003,15.0,indianapolis,False,,False,1.0,False,raikkonen,Finnish,mclaren,1,2,75.0,,3.0,120,2,,0.0,23.0
8087,2003,15.0,indianapolis,False,0.0,False,1.0,False,barrichello,Auto%#,ferrari,2,20,55.0,1.0,5.0,137,6,2,0.0999999999999943,31.0
8084,2003,15.0,indianapolis,False,0.0,False,1.0,False,panis,French,toyota,3,17,6.0,0.0,14.0,14,0,7,0.2000000000000028,37.0
8073,2003,15.0,indianapolis,False,0.0,False,1.0,False,montoya,Colombian,williams,4,6,79.0,,2.0,141,4,1,0.2000000000000028,28.0
8086,2003,15.0,indianapolis,False,0.0,False,1.0,False,ralf_schumacher,German,williams,5,19,,2.0,4.0,141,4,1,0.3999999999999915,28.0
8082,2003,15.0,indianapolis,False,0.0,False,1.0,Auto%#,alonso,Spanish,renault,6,15,55.0,1.0,6.0,79,1,4,0.3999999999999915,22.0
8068,2003,15.0,indianapolis,False,0.0,False,1.0,False,michael_schumacher,German,ferrari,7,1,82.0,5.0,1.0,137,6,2,0.5,34.0
8081,2003,15.0,indianapolis,False,0.0,False,1.0,False,,British,mclaren,8,14,45.0,1.0,7.0,120,2,3,0.5999999999999943,32.0
8076,2003,15.0,indianapolis,False,0.0,False,1.0,False,matta,Brazilian,,9,9,8.0,0.0,,14,0,7,0.5999999999999943,30.0
8071,2003,15.0,indianapolis,False,0.0,False,1.0,False,trulli,Auto%#,renault,10,4,24.0,0.0,8.0,79,1,4,0.8999999999999915,29.0
8083,2003,15.0,indianapolis,False,0.0,False,1.0,False,button,British,bar,11,16,12.0,0.0,10.0,18,0,5,1.0,23.0
8079,2003,15.0,indianapolis,False,0.0,False,1.0,False,villeneuve,,bar,12,12,6.0,0.0,15.0,18,0,5,1.2999999999999972,32.0
8072,2003,15.0,indianapolis,False,0.0,False,1.0,False,heidfeld,German,sauber,13,5,2.0,0.0,17.0,9,0,9,1.3999999999999917,26.0
8085,2003,15.0,indianapolis,False,0.0,False,1.0,False,webber,,jaguar,14,18,17.0,0.0,9.0,17,0,6,1.5999999999999943,27.0
8070,2003,15.0,indianapolis,False,0.0,False,1.0,False,frentzen,German,sauber,15,3,7.0,0.0,13.0,9,0,9,1.7000000000000028,36.0
8075,2003,15.0,indianapolis,False,0.0,False,1.0,False,,,jaguar,16,8,0.0,0.0,21.0,17,0,6,1.8999999999999917,25.0
8074,2003,15.0,indianapolis,False,0.0,False,1.0,False,fisichella,Italian,jordan,,7,10.0,1.0,11.0,11,1,8,2.0999999999999943,30.0
8080,2003,15.0,indianapolis,False,0.0,False,1.0,False,firman,Irish,jordan,18,13,1.0,0.0,18.0,11,1,8,2.299999999999997,
8077,2003,15.0,indianapolis,False,0.0,False,1.0,False,verstappen,Dutch,minardi,19,10,0.0,0.0,20.0,0,0,10,3.700000000000003,31.0
8078,2003,15.0,indianapolis,False,0.0,False,1.0,False,kiesa,Danish,minardi,20,11,0.0,0.0,23.0,0,0,10,3.899999999999992,25.0
8088,2003,16.0,suzuka,False,0.0,False,0.0,False,barrichello,Brazilian,ferrari,1,1,55.0,1.0,5.0,147,7,1,0.0,31.0
8107,2003,16.0,suzuka,False,0.0,False,0.0,False,montoya,Colombian,williams,2,20,82.0,2.0,,144,4,2,0.7000000000000028,28.0
8094,2003,16.0,suzuka,False,0.0,False,0.0,False,matta,Brazilian,toyota,3,7,8.0,0.0,13.0,14,0,8,0.7000000000000028,30.0
8097,2003,16.0,suzuka,False,0.0,False,0.0,False,panis,French,toyota,4,10,6.0,0.0,15.0,14,0,8,1.2000000000000028,37.0
8105,2003,16.0,suzuka,False,0.0,False,0.0,False,alonso,Spanish,renault,5,18,55.0,1.0,6.0,84,1,4,1.2999999999999972,22.0
8098,2003,16.0,suzuka,False,0.0,False,,False,webber,Australian,jaguar,6,,17.0,0.0,9.0,18,0,7,1.3999999999999917,27.0
8090,2003,,suzuka,False,0.0,False,0.0,Auto%#,coulthard,Auto%#,mclaren,7,3,45.0,1.0,7.0,128,2,3,1.3999999999999917,32.0
8089,2003,16.0,suzuka,False,0.0,False,0.0,False,raikkonen,Finnish,mclaren,8,2,83.0,1.0,2.0,128,2,3,1.5999999999999943,23.0
8091,2003,16.0,suzuka,False,0.0,False,0.0,False,button,British,bar,9,4,12.0,0.0,12.0,18,0,6,1.7999999999999972,23.0
8100,2003,16.0,suzuka,False,0.0,False,,False,wilson,British,jaguar,10,13,1.0,0.0,19.0,18,0,7,1.8999999999999917,25.0
8096,2003,16.0,suzuka,False,0.0,False,0.0,False,,German,sauber,11,9,6.0,0.0,14.0,19,0,5,1.8999999999999917,26.0
8106,2003,16.0,suzuka,False,0.0,False,0.0,False,frentzen,German,sauber,12,19,13.0,0.0,10.0,19,0,5,2.200000000000003,36.0
8093,2003,,suzuka,False,0.0,False,0.0,False,sato,Japanese,bar,13,6,0.0,0.0,0.0,18,,6,2.200000000000003,26.0
8095,2003,16.0,suzuka,False,0.0,Auto%#,0.0,False,michael_schumacher,German,ferrari,Auto%#,8,92.0,6.0,1.0,147,7,1,2.5999999999999943,34.0
8101,2003,16.0,suzuka,False,0.0,False,0.0,False,firman,,jordan,15,14,1.0,0.0,,13,1,9,3.0999999999999943,28.0
8104,2003,16.0,suzuka,False,0.0,False,0.0,False,fisichella,Italian,jordan,16,17,12.0,1.0,11.0,13,1,9,3.200000000000003,
8102,2003,16.0,suzuka,False,0.0,False,0.0,False,verstappen,Dutch,minardi,17,15,0.0,0.0,21.0,0,0,10,3.299999999999997,31.0
8103,2003,16.0,Auto%#,False,0.0,Auto%#,0.0,False,kiesa,,minardi,18,16,0.0,0.0,22.0,,0,10,5.5,25.0
8108,2004,,albert_park,False,0.0,True,0.0,Auto%#,,German,ferrari,1,1,0.0,0.0,0.0,0,0,0,0.0,35.0
,2004,1.0,albert_park,False,0.0,True,0.0,False,barrichello,Brazilian,ferrari,2,2,0.0,,0.0,0,0,0,0.0999999999999943,31.0
8112,2004,1.0,albert_park,False,0.0,True,0.0,False,montoya,Colombian,williams,3,5,0.0,0.0,0.0,0,0,0,0.5999999999999943,28.0
8113,2004,1.0,albert_park,False,0.0,True,0.0,False,button,British,bar,4,6,0.0,0.0,0.0,0,0,0,0.5999999999999943,24.0
8110,2004,1.0,albert_park,False,0.0,Auto%#,0.0,False,alonso,Spanish,renault,5,3,0.0,0.0,0.0,0,0,0,1.2999999999999972,22.0
8125,2004,1.0,albert_park,False,0.0,,0.0,False,webber,Australian,jaguar,6,18,0.0,0.0,0.0,0,0,0,1.3999999999999917,27.0
8116,2004,1.0,albert_park,False,0.0,True,0.0,False,sato,Japanese,bar,7,,0.0,0.0,0.0,0,0,0,1.5,27.0
8111,2004,,albert_park,False,0.0,True,0.0,False,,German,williams,8,4,,0.0,0.0,0,0,0,1.5,28.0
8114,2004,1.0,albert_park,False,0.0,True,0.0,False,trulli,,renault,,7,0.0,0.0,0.0,0,0,0,1.8999999999999917,29.0
8127,2004,1.0,albert_park,False,0.0,True,0.0,False,raikkonen,Finnish,mclaren,10,20,0.0,0.0,,0,0,0,1.8999999999999917,24.0
8122,2004,1.0,albert_park,False,0.0,True,0.0,False,massa,Brazilian,sauber,11,15,0.0,0.0,0.0,0,0,0,2.6999999999999886,22.0
8115,,1.0,albert_park,False,,True,0.0,False,coulthard,British,mclaren,12,8,0.0,0.0,0.0,0,0,0,2.8999999999999915,32.0
8119,2004,1.0,albert_park,False,0.0,True,0.0,False,matta,Brazilian,toyota,13,12,0.0,0.0,,0,0,0,3.3999999999999915,30.0
8117,2004,1.0,albert_park,False,0.0,True,0.0,False,fisichella,Italian,sauber,14,Auto%#,0.0,0.0,0.0,0,0,0,3.3999999999999915,31.0
8123,2004,1.0,albert_park,False,0.0,True,0.0,False,heidfeld,,jordan,15,16,0.0,0.0,0.0,0,0,0,3.799999999999997,26.0
,2004,1.0,,False,,Auto%#,0.0,False,pantano,,jordan,16,14,0.0,0.0,,0,0,0,5.699999999999989,25.0
8126,2004,1.0,albert_park,False,,True,0.0,False,baumgartner,Hungarian,minardi,17,19,0.0,0.0,0.0,0,,0,6.299999999999997,23.0
8128,2004,2.0,sepang,False,0.0,False,1.0,False,michael_schumacher,German,ferrari,1,1,10.0,1.0,1.0,18,1,1,0.0,35.0
8147,2004,2.0,sepang,False,0.0,False,1.0,False,webber,Australian,jaguar,2,20,0.0,0.0,0.0,0,0,7,0.6000000000000085,27.0
8131,2004,2.0,sepang,False,0.0,False,,False,barrichello,Brazilian,ferrari,3,4,8.0,0.0,2.0,18,1,Auto%#,0.7000000000000028,31.0
8129,2004,2.0,sepang,False,0.0,False,1.0,False,montoya,Colombian,williams,4,2,4.0,0.0,5.0,9,0,2,1.0,28.0
8144,2004,2.0,sepang,False,0.0,False,1.0,False,raikkonen,Finnish,mclaren,5,17,0.0,0.0,0.0,1,0,5,1.1000000000000083,24.0
8130,2004,2.0,sepang,False,0.0,False,1.0,False,button,British,bar,6,3,3.0,0.0,,3,0,4,1.1000000000000083,24.0
8146,2004,2.0,sepang,False,0.0,False,1.0,False,ralf_schumacher,German,williams,7,19,5.0,0.0,4.0,9,0,2,1.1000000000000083,28.0
8132,2004,2.0,sepang,False,0.0,False,1.0,,trulli,Italian,renault,8,5,2.0,0.0,7.0,8,0,3,1.3000000000000114,29.0
8133,2004,2.0,sepang,False,0.0,False,1.0,False,coulthard,British,mclaren,9,6,1.0,0.0,8.0,1,0,5,1.5,32.0
8136,2004,2.0,sepang,False,0.0,False,1.0,False,matta,Brazilian,toyota,10,9,0.0,0.0,12.0,0,0,8,1.8000000000000114,30.0
8135,2004,2.0,sepang,False,0.0,False,1.0,False,massa,Brazilian,sauber,11,8,0.0,0.0,0.0,0,0,6,1.9000000000000057,22.0
8138,2004,,sepang,False,0.0,False,1.0,False,fisichella,Italian,sauber,12,11,0.0,0.0,10.0,0,0,6,2.0,31.0
8137,2004,2.0,sepang,False,0.0,False,1.0,False,klien,Austrian,jaguar,13,10,0.0,0.0,11.0,0,0,7,2.1000000000000085,21.0
8139,2004,2.0,sepang,False,0.0,False,1.0,False,panis,French,toyota,14,12,0.0,0.0,13.0,0,0,8,,37.0
8145,2004,2.0,sepang,False,0.0,False,1.0,False,heidfeld,German,jordan,15,18,0.0,0.0,,0,0,9,3.5,26.0
8141,2004,2.0,sepang,False,0.0,False,,False,,Italian,minardi,16,14,0.0,0.0,,,0,0,5.5,22.0
8143,2004,2.0,sepang,False,0.0,Auto%#,1.0,False,baumgartner,Hungarian,minardi,17,16,0.0,0.0,0.0,0,0,0,6.200000000000003,23.0
8140,2004,2.0,sepang,False,0.0,False,1.0,False,pantano,Italian,jordan,18,13,0.0,,14.0,0,0,9,6.800000000000011,25.0
8148,2004,3.0,bahrain,False,0.0,True,0.0,True,michael_schumacher,German,ferrari,1,1,20.0,2.0,1.0,33,2,1,0.0,35.0
8149,2004,3.0,bahrain,False,0.0,True,0.0,True,barrichello,Brazilian,ferrari,2,2,,0.0,2.0,33,2,1,0.4000000000000057,31.0
8160,2004,3.0,bahrain,False,0.0,True,0.0,True,montoya,Colombian,williams,3,13,12.0,0.0,3.0,17,0,2,0.5,28.0
8154,2004,3.0,Auto%#,False,0.0,True,0.0,True,ralf_schumacher,German,williams,4,7,5.0,0.0,7.0,17,0,2,0.5,28.0
8152,2004,3.0,bahrain,False,0.0,True,0.0,True,,Japanese,bar,5,5,0.0,0.0,11.0,9,0,4,0.7000000000000028,27.0
8150,2004,3.0,bahrain,False,0.0,True,0.0,Auto%#,button,British,bar,6,3,9.0,0.0,4.0,9,0,4,0.8000000000000114,24.0
8151,2004,3.0,bahrain,False,0.0,True,0.0,True,trulli,Italian,renault,7,,6.0,0.0,6.0,14,0,3,0.9000000000000057,29.0
8156,2004,3.0,bahrain,False,0.0,True,0.0,True,panis,French,toyota,8,9,0.0,0.0,14.0,0,0,7,1.6000000000000083,
8157,2004,3.0,bahrain,False,0.0,True,0.0,True,matta,Brazilian,Auto%#,9,10,0.0,0.0,10.0,0,0,7,1.6000000000000083,30.0
8165,2004,3.0,,False,0.0,True,0.0,True,coulthard,British,mclaren,10,18,4.0,0.0,8.0,4,0,5,1.6000000000000083,33.0
8158,2004,3.0,bahrain,False,0.0,True,0.0,True,fisichella,Italian,sauber,11,11,0.0,0.0,12.0,1,0,6,1.6000000000000083,31.0
8161,2004,3.0,bahrain,False,0.0,True,0.0,True,klien,,,12,14,0.0,0.0,13.0,0,0,8,2.200000000000003,21.0
8159,2004,3.0,bahrain,False,0.0,True,0.0,True,massa,Brazilian,sauber,13,12,1.0,0.0,9.0,1,0,6,2.4000000000000057,22.0
,2004,3.0,Auto%#,False,0.0,True,0.0,True,webber,Australian,jaguar,14,8,0.0,0.0,0.0,0,0,8,2.5,27.0
8163,2004,3.0,bahrain,False,0.0,True,0.0,,pantano,Italian,jordan,15,16,0.0,0.0,15.0,0,0,9,4.0,25.0
8153,2004,3.0,bahrain,False,0.0,True,0.0,True,alonso,Spanish,renault,16,6,8.0,0.0,5.0,14,0,3,4.0,22.0
8164,2004,3.0,bahrain,False,0.0,True,,True,bruni,Italian,minardi,17,17,0.0,0.0,,0,0,10,4.5,22.0
8162,2004,3.0,bahrain,False,0.0,True,0.0,True,heidfeld,German,jordan,18,15,0.0,0.0,,0,0,9,3.4000000000000057,26.0
8166,2004,3.0,bahrain,False,0.0,True,0.0,True,baumgartner,Hungarian,minardi,20,19,0.0,0.0,17.0,0,0,,5.700000000000003,23.0
,2004,4.0,imola,False,0.0,False,0.0,False,button,,bar,1,2,15.0,0.0,3.0,19,0,4,0.0,24.0
8168,2004,4.0,imola,False,0.0,False,0.0,False,michael_schumacher,German,ferrari,2,1,30.0,3.0,1.0,51,3,1,0.2000000000000028,35.0
8170,2004,4.0,imola,False,0.0,False,0.0,Auto%#,montoya,Colombian,williams,3,3,12.0,,4.0,19,0,3,0.4000000000000057,28.0
8173,2004,4.0,,False,0.0,False,0.0,,barrichello,Brazilian,ferrari,4,6,21.0,0.0,2.0,51,3,1,0.7000000000000028,31.0
8174,2004,4.0,imola,False,0.0,False,0.0,False,ralf_schumacher,German,williams,5,7,7.0,0.0,7.0,19,0,3,0.7000000000000028,28.0
,2004,4.0,imola,False,0.0,False,0.0,False,alonso,Spanish,renault,6,4,11.0,0.0,5.0,,,2,1.1000000000000083,22.0
8183,2004,4.0,imola,,0.0,False,0.0,False,sato,Japanese,bar,7,16,4.0,0.0,,19,0,4,1.1000000000000083,27.0
8180,2004,4.0,imola,False,0.0,False,0.0,False,webber,Australian,jaguar,8,13,1.0,0.0,11.0,1,0,7,1.1000000000000083,27.0
8172,2004,,imola,False,0.0,False,,False,trulli,Italian,renault,9,5,11.0,0.0,6.0,22,0,2,1.2000000000000028,29.0
,2004,4.0,imola,False,0.0,False,0.0,False,matta,Brazilian,toyota,10,18,0.0,0.0,12.0,0,0,8,1.2999999999999972,30.0
8179,2004,4.0,imola,False,,False,0.0,False,coulthard,British,mclaren,,12,4.0,0.0,9.0,4,0,5,1.2999999999999972,33.0
8177,2004,4.0,imola,False,0.0,False,0.0,False,massa,Brazilian,sauber,12,10,1.0,0.0,10.0,1,0,,1.7000000000000028,23.0
8178,2004,4.0,imola,False,0.0,False,0.0,False,panis,French,toyota,13,,0.0,0.0,,0,0,8,1.7999999999999972,37.0
8181,2004,4.0,imola,False,0.0,False,0.0,False,klien,Austrian,jaguar,14,14,0.0,0.0,15.0,1,0,7,,21.0
8187,2004,4.0,imola,False,0.0,False,0.0,Auto%#,pantano,Italian,jordan,15,,0.0,0.0,16.0,0,0,9,3.6000000000000085,25.0
8184,2004,4.0,imola,False,0.0,False,0.0,False,heidfeld,Auto%#,,16,17,0.0,0.0,18.0,0,0,9,3.700000000000003,26.0
8186,2004,4.0,imola,False,0.0,False,0.0,False,bruni,Italian,minardi,17,19,0.0,0.0,17.0,0,0,10,7.1000000000000085,22.0
8182,2004,4.0,imola,False,0.0,False,0.0,False,baumgartner,Hungarian,minardi,19,15,0.0,0.0,19.0,0,0,10,26.5,23.0
8188,2004,5.0,catalunya,True,0.0,False,0.0,False,michael_schumacher,German,ferrari,1,1,40.0,4.0,1.0,64,4,1,0.0,35.0
8202,2004,5.0,catalunya,True,0.0,False,0.0,False,montoya,Colombian,williams,2,15,18.0,0.0,4.0,27,0,4,0.5999999999999943,28.0
,2004,5.0,catalunya,True,0.0,False,0.0,False,sato,Japanese,bar,3,5,4.0,0.0,8.0,27,0,3,0.7999999999999972,27.0
8190,2004,5.0,catalunya,True,0.0,False,0.0,False,trulli,Italian,renault,4,3,15.0,0.0,6.0,31,0,2,1.0999999999999943,29.0
8189,,,catalunya,True,0.0,False,0.0,False,barrichello,Brazilian,ferrari,5,Auto%#,24.0,0.0,,64,4,1,1.2999999999999972,31.0
8193,2004,5.0,catalunya,True,0.0,False,,False,ralf_schumacher,German,williams,6,6,9.0,0.0,7.0,27,0,4,1.2999999999999972,28.0
8204,2004,5.0,catalunya,True,0.0,False,0.0,False,panis,French,toyota,7,17,0.0,0.0,15.0,0,0,8,1.2999999999999972,37.0
8191,2004,5.0,catalunya,True,0.0,False,0.0,False,alonso,Spanish,renault,8,4,16.0,0.0,5.0,31,0,2,1.4000000000000057,22.0
8199,2004,5.0,catalunya,True,0.0,False,0.0,False,webber,Australian,jaguar,9,12,1.0,0.0,11.0,1,0,7,1.5,27.0
8197,2004,5.0,catalunya,True,0.0,Auto%#,0.0,False,coulthard,British,mclaren,10,,4.0,0.0,9.0,5,0,5,1.5999999999999943,33.0
8200,2004,5.0,catalunya,,0.0,False,0.0,False,matta,Brazilian,toyota,,13,0.0,0.0,14.0,0,0,8,2.0,30.0
8194,2004,5.0,catalunya,True,0.0,False,0.0,False,fisichella,Italian,sauber,12,7,0.0,0.0,13.0,1,0,6,2.4000000000000057,31.0
8198,2004,5.0,catalunya,True,0.0,False,0.0,False,raikkonen,Finnish,mclaren,13,11,1.0,0.0,12.0,5,0,5,2.4000000000000057,24.0
8195,2004,5.0,catalunya,True,0.0,False,,False,button,British,bar,14,8,23.0,0.0,3.0,27,0,3,2.5999999999999943,24.0
8205,2004,,catalunya,True,0.0,False,0.0,False,heidfeld,German,jordan,15,18,0.0,0.0,20.0,0,0,9,2.799999999999997,26.0
8203,2004,5.0,catalunya,True,0.0,False,0.0,False,klien,Austrian,jaguar,16,16,0.0,0.0,16.0,1,0,7,2.799999999999997,21.0
8196,2004,5.0,catalunya,True,0.0,,0.0,False,massa,Brazilian,sauber,17,9,1.0,0.0,10.0,1,0,6,,23.0
8206,2004,5.0,catalunya,True,,False,0.0,False,bruni,Italian,minardi,18,19,0.0,0.0,18.0,0,0,10,4.799999999999997,22.0
8201,2004,,catalunya,,0.0,False,0.0,False,pantano,Italian,jordan,19,14,0.0,0.0,17.0,0,0,9,5.599999999999994,25.0
8207,2004,5.0,catalunya,True,0.0,,0.0,False,baumgartner,Hungarian,minardi,20,20,0.0,0.0,19.0,0,0,10,6.5,23.0
8208,2004,6.0,monaco,True,,True,0.0,False,trulli,Italian,renault,1,1,21.0,0.0,5.0,42,0,2,0.0,29.0
8209,2004,6.0,monaco,True,0.0,True,0.0,False,button,British,bar,2,2,24.0,0.0,3.0,32,0,3,0.4000000000000057,24.0
8219,2004,6.0,monaco,True,0.0,True,0.0,False,alonso,Spanish,renault,3,12,,0.0,4.0,42,0,2,0.4000000000000057,22.0
8218,2004,6.0,monaco,True,0.0,True,0.0,Auto%#,michael_schumacher,German,ferrari,4,11,50.0,5.0,1.0,82,5,1,0.5,35.0
8220,2004,6.0,monaco,True,0.0,True,0.0,False,raikkonen,Finnish,Auto%#,5,13,1.0,0.0,12.0,5,0,5,0.5999999999999943,24.0
8210,2004,6.0,monaco,True,,True,0.0,False,barrichello,Brazilian,ferrari,6,3,32.0,0.0,2.0,82,5,1,0.7000000000000028,32.0
8224,2004,6.0,monaco,True,0.0,True,0.0,False,sato,Japanese,bar,7,17,8.0,0.0,8.0,32,0,3,0.7999999999999972,27.0
8225,2004,,Auto%#,True,0.0,True,0.0,False,coulthard,British,,8,18,4.0,0.0,9.0,5,0,5,1.0,
8211,2004,6.0,,True,0.0,True,0.0,False,montoya,Colombian,williams,9,4,18.0,0.0,6.0,30,0,4,1.0,28.0
8226,2004,,monaco,True,0.0,True,,False,fisichella,Italian,sauber,10,19,2.0,0.0,10.0,3,0,6,1.4000000000000057,31.0
8223,2004,6.0,monaco,True,0.0,True,0.0,False,webber,Australian,jaguar,11,16,1.0,0.0,13.0,1,0,7,1.7000000000000028,27.0
8217,2004,6.0,monaco,True,0.0,True,0.0,False,ralf_schumacher,German,williams,12,Auto%#,12.0,0.0,7.0,30,0,Auto%#,0.2999999999999971,28.0
8215,2004,6.0,monaco,True,0.0,True,0.0,Auto%#,panis,French,toyota,13,8,0.0,0.0,15.0,0,0,8,1.9000000000000057,37.0
8227,2004,6.0,,True,0.0,True,0.0,False,klien,Austrian,,14,20,0.0,0.0,16.0,1,0,7,1.9000000000000057,21.0
8213,2004,6.0,monaco,True,0.0,True,0.0,False,matta,Brazilian,toyota,15,6,0.0,0.0,14.0,0,0,8,2.200000000000003,30.0
8212,2004,6.0,monaco,True,0.0,True,0.0,False,massa,Brazilian,sauber,16,5,1.0,0.0,11.0,3,0,6,2.200000000000003,23.0
8214,2004,6.0,monaco,True,0.0,True,0.0,False,heidfeld,German,jordan,17,7,0.0,0.0,20.0,0,0,9,,27.0
8222,2004,6.0,monaco,True,0.0,True,0.0,False,,Italian,jordan,18,15,0.0,0.0,17.0,0,0,9,3.4000000000000057,25.0
8216,2004,6.0,monaco,True,0.0,True,0.0,False,baumgartner,Hungarian,minardi,19,9,0.0,0.0,19.0,0,,10,6.099999999999994,23.0
8221,2004,6.0,monaco,True,0.0,True,0.0,False,bruni,Italian,minardi,20,14,0.0,0.0,18.0,0,0,10,6.099999999999994,22.0
8228,,7.0,nurburgring,True,0.0,False,0.0,,michael_schumacher,German,ferrari,1,1,50.0,5.0,1.0,88,5,1,0.0,35.0
8243,2004,7.0,nurburgring,True,0.0,False,0.0,True,sato,Japanese,bar,2,16,8.0,0.0,8.0,40,0,,0.5999999999999943,27.0
8231,2004,7.0,nurburgring,True,,False,0.0,True,trulli,Italian,renault,3,4,31.0,1.0,4.0,52,1,2,0.6999999999999886,29.0
8245,2004,7.0,nurburgring,True,0.0,False,0.0,True,raikkonen,Finnish,mclaren,4,18,1.0,0.0,15.0,5,0,6,0.6999999999999886,24.0
8230,2004,7.0,nurburgring,True,0.0,False,0.0,True,button,British,bar,5,3,32.0,0.0,3.0,40,0,3,0.7999999999999972,24.0
8232,2004,7.0,nurburgring,True,0.0,False,0.0,True,alonso,Spanish,renault,6,5,21.0,0.0,6.0,52,1,2,0.8999999999999915,22.0
8229,2004,7.0,nurburgring,True,0.0,False,,True,barrichello,Brazilian,ferrari,7,2,38.0,0.0,2.0,88,5,1,1.0,32.0
8235,2004,7.0,nurburgring,True,0.0,False,0.0,True,montoya,Colombian,williams,8,8,23.0,0.0,5.0,35,0,4,1.0,28.0
8246,2004,7.0,nurburgring,,0.0,False,0.0,,ralf_schumacher,German,,9,19,12.0,,7.0,35,0,4,1.0999999999999943,28.0
8238,2004,7.0,nurburgring,True,0.0,False,0.0,,panis,French,toyota,10,11,1.0,0.0,,4,0,7,1.2999999999999972,37.0
8247,2004,7.0,nurburgring,True,0.0,False,0.0,True,matta,Brazilian,toyota,11,20,3.0,0.0,11.0,4,0,7,1.2999999999999972,30.0
8239,2004,7.0,nurburgring,True,0.0,False,0.0,True,klien,,jaguar,12,12,0.0,0.0,18.0,1,0,9,3.0,21.0
8237,2004,7.0,nurburgring,True,0.0,False,0.0,True,heidfeld,German,jordan,13,10,2.0,0.0,13.0,2,0,8,3.1999999999999886,27.0
8234,2004,7.0,nurburgring,True,0.0,False,0.0,True,webber,Australian,jaguar,14,7,1.0,0.0,16.0,1,0,9,3.3999999999999915,27.0
8240,2004,7.0,nurburgring,True,0.0,False,0.0,True,pantano,Italian,jordan,15,13,0.0,0.0,19.0,2,0,8,3.5999999999999943,25.0
8236,2004,7.0,nurburgring,True,0.0,Auto%#,0.0,Auto%#,massa,Brazilian,sauber,16,9,5.0,0.0,9.0,7,0,5,3.5999999999999943,
8242,2004,7.0,Auto%#,True,0.0,False,0.0,True,baumgartner,Hungarian,minardi,17,15,0.0,0.0,17.0,0,0,10,6.0,23.0
8263,2004,8.0,villeneuve,True,0.0,False,0.0,False,ralf_schumacher,German,williams,1,17,12.0,0.0,7.0,36,0,4,,28.0
8250,2004,8.0,villeneuve,,0.0,False,0.0,False,button,British,bar,2,3,38.0,0.0,3.0,46,0,3,0.0,24.0
8262,2004,8.0,villeneuve,True,0.0,False,,False,trulli,Italian,renault,3,16,36.0,1.0,4.0,61,1,2,0.7000000000000028,29.0
8264,2004,8.0,villeneuve,True,0.0,False,0.0,False,montoya,Colombian,williams,4,18,24.0,0.0,6.0,36,0,4,0.7999999999999972,28.0
8259,2004,8.0,villeneuve,True,0.0,False,0.0,False,alonso,Spanish,renault,5,13,25.0,0.0,5.0,61,,2,1.0,22.0
8248,2004,8.0,villeneuve,True,0.0,False,0.0,False,michael_schumacher,German,ferrari,,1,60.0,6.0,1.0,106,6,1,1.1000000000000083,35.0
8249,2004,8.0,villeneuve,True,0.0,False,0.0,False,barrichello,Brazilian,ferrari,7,2,46.0,0.0,2.0,106,6,1,1.2999999999999972,32.0
8252,2004,8.0,villeneuve,True,0.0,False,0.0,,raikkonen,Finnish,mclaren,8,5,1.0,0.0,16.0,5,0,6,1.2999999999999972,24.0
8253,2004,8.0,villeneuve,True,0.0,False,0.0,False,coulthard,British,mclaren,9,6,4.0,0.0,11.0,5,0,6,1.4000000000000057,33.0
8256,2004,8.0,villeneuve,True,0.0,False,0.0,False,klien,Austrian,jaguar,10,9,0.0,0.0,18.0,3,0,8,2.200000000000003,21.0
8251,2004,8.0,villeneuve,,0.0,False,0.0,False,fisichella,Auto%#,sauber,11,4,5.0,0.0,10.0,10,0,5,2.4000000000000057,31.0
8265,2004,8.0,villeneuve,True,0.0,False,0.0,False,matta,Brazilian,toyota,12,Auto%#,3.0,0.0,12.0,4,0,7,2.6000000000000085,30.0
8266,2004,8.0,villeneuve,True,0.0,False,,False,panis,Auto%#,toyota,13,20,1.0,0.0,15.0,4,0,7,2.6000000000000085,37.0
8261,2004,8.0,villeneuve,True,0.0,False,0.0,False,webber,Australian,jaguar,14,15,3.0,0.0,13.0,3,0,8,2.799999999999997,27.0
8255,2004,,villeneuve,True,0.0,False,,False,heidfeld,German,jordan,15,8,2.0,0.0,14.0,2,0,9,3.0,27.0
8254,2004,8.0,villeneuve,True,0.0,False,0.0,False,glock,German,jordan,16,7,0.0,0.0,0.0,2,0,9,,22.0
8257,2004,8.0,villeneuve,True,0.0,False,0.0,Auto%#,baumgartner,Hungarian,minardi,18,10,0.0,0.0,17.0,0,0,10,4.799999999999997,23.0
8268,2004,9.0,indianapolis,True,0.0,False,0.0,False,barrichello,Brazilian,ferrari,1,2,54.0,0.0,2.0,124,7,1,0.0,32.0
8267,2004,9.0,indianapolis,True,0.0,False,,False,michael_schumacher,German,ferrari,2,1,70.0,7.0,1.0,124,,,0.2000000000000028,35.0
8269,2004,9.0,indianapolis,True,0.0,False,0.0,False,sato,Japanese,bar,3,3,8.0,0.0,9.0,52,0,3,0.3999999999999915,27.0
8279,2004,9.0,indianapolis,True,0.0,False,0.0,False,button,British,bar,4,13,44.0,0.0,3.0,52,0,,0.5999999999999943,24.0
8277,2004,9.0,indianapolis,True,0.0,False,0.0,False,montoya,Colombian,williams,5,11,24.0,0.0,6.0,36,0,4,,28.0
8281,2004,9.0,indianapolis,True,0.0,False,0.0,False,ralf_schumacher,German,williams,6,15,12.0,0.0,7.0,36,0,4,0.8999999999999915,28.0
8272,2004,9.0,indianapolis,True,,False,0.0,False,raikkonen,Finnish,,7,6,5.0,0.0,12.0,12,0,6,0.8999999999999915,24.0
8271,2004,9.0,indianapolis,True,0.0,False,0.0,False,panis,French,toyota,8,5,1.0,0.0,17.0,4,0,8,1.0,37.0
,2004,,indianapolis,True,0.0,False,,False,alonso,Spanish,renault,9,16,25.0,0.0,5.0,61,1,2,1.0,22.0
8276,2004,9.0,indianapolis,True,0.0,False,0.0,False,webber,Australian,jaguar,,10,3.0,0.0,15.0,3,0,9,,27.0
8280,2004,9.0,indianapolis,True,0.0,False,0.0,False,matta,Brazilian,toyota,11,14,3.0,0.0,13.0,4,0,8,1.5,30.0
8273,2004,9.0,indianapolis,True,,False,0.0,False,coulthard,British,mclaren,12,7,7.0,0.0,,12,0,6,1.7999999999999972,33.0
8283,2004,9.0,indianapolis,True,0.0,False,0.0,False,klien,Austrian,jaguar,13,17,0.0,0.0,18.0,3,0,9,2.0,21.0
8275,2004,9.0,indianapolis,True,0.0,False,0.0,False,fisichella,Italian,sauber,14,9,10.0,,8.0,15,0,5,2.299999999999997,31.0
8284,2004,9.0,indianapolis,True,0.0,False,0.0,False,massa,Brazilian,sauber,15,18,5.0,0.0,11.0,15,0,5,2.5,23.0
8278,2004,9.0,indianapolis,True,0.0,False,0.0,False,heidfeld,German,jordan,16,12,3.0,0.0,14.0,5,0,7,2.8999999999999915,27.0
8285,2004,9.0,indianapolis,True,0.0,False,0.0,False,pantano,Italian,jordan,17,19,0.0,0.0,20.0,5,0,,3.200000000000003,25.0
8286,2004,9.0,indianapolis,True,0.0,False,0.0,False,bruni,Italian,minardi,18,20,0.0,0.0,21.0,0,,10,3.799999999999997,23.0
,2004,9.0,indianapolis,True,0.0,False,0.0,False,baumgartner,Hungarian,minardi,19,8,0.0,0.0,19.0,0,0,10,4.599999999999994,
8288,2004,10.0,magny_cours,True,0.0,False,0.0,False,alonso,Spanish,renault,Auto%#,2,25.0,0.0,5.0,66,1,2,0.0,22.0
8287,2004,10.0,magny_cours,True,0.0,False,0.0,False,,German,ferrari,2,1,80.0,8.0,1.0,142,8,1,0.2999999999999971,35.0
8292,2004,10.0,magny_cours,True,0.0,False,0.0,False,coulthard,British,mclaren,3,6,9.0,0.0,10.0,17,0,5,0.2999999999999971,33.0
8291,2004,10.0,magny_cours,True,0.0,,0.0,,button,British,bar,4,5,,0.0,3.0,58,0,3,0.2999999999999971,24.0
8290,2004,10.0,magny_cours,True,0.0,False,0.0,False,trulli,Italian,renault,5,4,41.0,1.0,4.0,66,1,2,0.3999999999999915,29.0
8294,2004,10.0,magny_cours,True,0.0,False,0.0,False,montoya,Colombian,williams,6,,24.0,0.0,6.0,36,0,4,0.5,28.0
8306,2004,10.0,magny_cours,True,0.0,False,0.0,False,sato,Japanese,bar,7,20,14.0,0.0,7.0,58,0,3,0.5,27.0
8296,2004,10.0,magny_cours,True,0.0,False,,False,gene,Spanish,williams,8,10,0.0,0.0,0.0,,0,4,0.5999999999999943,30.0
8293,2004,10.0,magny_cours,True,0.0,False,0.0,False,raikkonen,Finnish,mclaren,9,7,8.0,0.0,11.0,17,0,5,,24.0
8289,2004,10.0,magny_cours,True,0.0,False,0.0,False,barrichello,Brazilian,ferrari,10,3,62.0,0.0,2.0,142,8,1,0.7999999999999972,32.0
8300,2004,10.0,magny_cours,True,0.0,False,0.0,False,matta,Brazilian,toyota,11,14,3.0,0.0,14.0,8,0,7,0.8999999999999915,30.0
8295,2004,10.0,magny_cours,True,0.0,False,0.0,False,webber,Australian,jaguar,12,9,3.0,0.0,16.0,3,0,9,1.0999999999999943,27.0
8297,2004,10.0,magny_cours,True,0.0,False,0.0,False,klien,Austrian,jaguar,13,11,0.0,0.0,19.0,3,0,9,1.3999999999999917,21.0
8301,2004,10.0,magny_cours,True,0.0,False,0.0,False,,French,toyota,14,15,5.0,0.0,,8,0,7,1.3999999999999917,37.0
8298,2004,10.0,magny_cours,True,0.0,False,0.0,False,fisichella,Italian,sauber,15,12,10.0,0.0,9.0,15,0,6,2.5,31.0
8299,2004,10.0,magny_cours,True,0.0,False,0.0,False,massa,,sauber,16,13,5.0,0.0,12.0,15,0,6,2.5,23.0
8302,2004,10.0,magny_cours,True,0.0,False,0.0,False,heidfeld,German,jordan,17,16,3.0,0.0,15.0,5,0,8,3.0999999999999943,27.0
8303,2004,10.0,magny_cours,True,0.0,False,0.0,False,pantano,Italian,,18,17,0.0,0.0,20.0,5,0,8,3.799999999999997,25.0
8304,2004,10.0,magny_cours,True,0.0,False,0.0,False,bruni,Italian,,19,18,0.0,0.0,21.0,1,0,10,,23.0
8305,2004,10.0,magny_cours,True,0.0,False,0.0,False,baumgartner,,minardi,20,19,1.0,0.0,18.0,1,0,10,4.5,23.0
8308,2004,11.0,silverstone,False,0.0,False,0.0,False,raikkonen,Finnish,mclaren,Auto%#,Auto%#,10.0,0.0,11.0,22,0,5,0.0,24.0
8309,2004,11.0,silverstone,False,0.0,False,0.0,False,barrichello,Brazilian,ferrari,2,3,,0.0,2.0,158,9,1,0.0999999999999943,32.0
8310,2004,11.0,silverstone,False,0.0,False,0.0,False,button,British,bar,3,4,48.0,0.0,3.0,62,0,3,0.3999999999999915,24.0
8307,2004,11.0,silverstone,False,0.0,False,0.0,False,michael_schumacher,German,ferrari,4,1,90.0,9.0,1.0,158,9,1,0.5,
8324,2004,11.0,silverstone,False,0.0,False,0.0,False,trulli,Italian,renault,5,18,,1.0,4.0,79,1,2,0.5,29.0
,2004,11.0,silverstone,False,0.0,False,0.0,False,coulthard,Auto%#,mclaren,6,7,12.0,0.0,9.0,22,,5,0.8999999999999915,33.0
,2004,11.0,silverstone,False,0.0,False,,False,montoya,Colombian,williams,7,Auto%#,25.0,0.0,6.0,37,0,4,1.2000000000000028,
8317,2004,11.0,silverstone,False,0.0,False,0.0,False,sato,Japanese,bar,8,11,14.0,0.0,7.0,62,0,3,1.5,27.0
8314,2004,11.0,silverstone,False,0.0,False,0.0,False,webber,Australian,jaguar,9,8,3.0,0.0,15.0,3,0,9,1.7999999999999972,27.0
8315,2004,11.0,silverstone,False,0.0,False,0.0,False,massa,Brazilian,Auto%#,10,9,5.0,0.0,12.0,15,0,6,2.0,23.0
8318,2004,11.0,silverstone,False,0.0,False,0.0,False,gene,Spanish,williams,11,12,0.0,0.0,20.0,37,0,4,2.0999999999999943,30.0
8319,2004,11.0,silverstone,False,0.0,False,0.0,False,matta,Brazilian,Auto%#,12,13,3.0,0.0,14.0,8,0,7,2.299999999999997,30.0
8320,2004,11.0,silverstone,False,0.0,False,,,klien,Austrian,jaguar,13,14,0.0,0.0,19.0,3,0,9,3.3999999999999915,21.0
8323,2004,,silverstone,False,0.0,False,0.0,False,pantano,Italian,jordan,14,17,0.0,0.0,21.0,,0,8,4.299999999999997,25.0
8321,,11.0,silverstone,False,0.0,False,0.0,False,heidfeld,German,jordan,15,15,3.0,0.0,16.0,5,0,8,4.5,27.0
8316,2004,11.0,silverstone,False,0.0,False,0.0,False,alonso,Spanish,renault,16,10,33.0,0.0,5.0,79,1,2,0.5999999999999943,22.0
8322,2004,11.0,silverstone,False,0.0,False,0.0,False,bruni,Italian,minardi,18,16,0.0,0.0,22.0,1,0,10,5.200000000000003,23.0
8325,2004,11.0,silverstone,False,0.0,Auto%#,0.0,False,baumgartner,Hungarian,minardi,Auto%#,,1.0,0.0,18.0,1,0,10,5.899999999999992,23.0
8327,2004,12.0,hockenheimring,True,0.0,False,0.0,False,michael_schumacher,German,ferrari,1,1,100.0,10.0,1.0,174,10,1,0.0,35.0
8331,2004,12.0,hockenheimring,True,0.0,False,0.0,False,montoya,,williams,2,5,29.0,0.0,6.0,41,0,4,0.4000000000000057,28.0
8346,2004,12.0,hockenheimring,True,0.0,False,0.0,False,raikkonen,Finnish,mclaren,3,20,18.0,0.0,7.0,32,0,5,0.4000000000000057,
8330,2004,12.0,hockenheimring,True,0.0,False,0.0,False,coulthard,British,mclaren,4,4,14.0,0.0,9.0,32,0,5,0.5,33.0
8329,2004,12.0,hockenheimring,True,0.0,False,0.0,False,alonso,Spanish,renault,5,3,33.0,0.0,5.0,79,1,2,0.6000000000000085,22.0
8337,2004,12.0,hockenheimring,True,0.0,False,0.0,False,trulli,Italian,renault,6,11,46.0,1.0,4.0,79,1,2,0.7999999999999972,30.0
8338,2004,,,True,0.0,False,0.0,False,barrichello,Brazilian,ferrari,7,12,74.0,0.0,2.0,174,10,1,1.0,32.0
8334,2004,12.0,hockenheimring,True,0.0,False,0.0,False,sato,Japanese,bar,8,8,14.0,0.0,8.0,67,0,3,1.0,27.0
8340,2004,12.0,hockenheimring,True,0.0,False,0.0,False,panis,French,toyota,9,14,5.0,0.0,13.0,8,0,7,1.1000000000000083,37.0
8333,2004,12.0,hockenheimring,True,0.0,False,0.0,False,pizzonia,Brazilian,williams,10,7,0.0,0.0,0.0,41,0,4,1.2999999999999972,23.0
,2004,12.0,hockenheimring,True,0.0,False,0.0,False,webber,Australian,jaguar,11,6,4.0,0.0,14.0,4,0,9,1.5,27.0
8336,2004,12.0,hockenheimring,True,0.0,False,0.0,False,klien,Austrian,jaguar,12,10,0.0,0.0,19.0,4,0,9,1.7000000000000028,21.0
8328,2004,12.0,hockenheimring,True,0.0,False,0.0,False,button,Auto%#,bar,13,2,53.0,0.0,3.0,67,0,3,0.4000000000000057,24.0
8335,2004,12.0,,True,0.0,False,0.0,False,fisichella,Italian,sauber,14,9,13.0,0.0,10.0,18,0,,2.1000000000000085,31.0
8345,2004,12.0,hockenheimring,True,0.0,Auto%#,0.0,False,matta,Brazilian,toyota,15,19,3.0,0.0,15.0,8,0,7,2.200000000000003,30.0
8339,2004,12.0,hockenheimring,True,0.0,False,0.0,False,massa,Brazilian,sauber,16,13,5.0,0.0,12.0,18,0,6,2.299999999999997,23.0
8341,2004,12.0,hockenheimring,True,0.0,False,0.0,False,pantano,Italian,jordan,17,15,0.0,0.0,21.0,5,0,8,2.9000000000000057,25.0
8344,2004,12.0,hockenheimring,True,0.0,False,0.0,False,heidfeld,German,jordan,18,18,3.0,0.0,16.0,5,0,8,3.0,27.0
8343,2004,12.0,hockenheimring,,0.0,,0.0,False,bruni,Italian,minardi,19,17,0.0,0.0,22.0,1,0,10,4.799999999999997,23.0
8342,2004,12.0,hockenheimring,True,0.0,False,0.0,False,baumgartner,Hungarian,minardi,20,16,1.0,0.0,18.0,1,0,10,5.1000000000000085,23.0
8347,2004,13.0,hungaroring,False,0.0,True,0.0,False,michael_schumacher,German,ferrari,1,Auto%#,110.0,11.0,1.0,184,11,1,0.0,35.0
8348,2004,13.0,hungaroring,False,0.0,True,0.0,False,barrichello,Brazilian,ferrari,2,2,74.0,0.0,2.0,184,11,1,0.2000000000000028,32.0
8352,2004,13.0,hungaroring,False,0.0,True,0.0,False,,Japanese,bar,3,6,15.0,0.0,9.0,76,0,3,0.6000000000000085,27.0
8351,2004,13.0,hungaroring,False,0.0,True,0.0,False,button,British,bar,4,5,61.0,0.0,3.0,76,0,3,0.6000000000000085,24.0
8349,2004,13.0,hungaroring,False,0.0,True,0.0,False,alonso,Spanish,renault,5,3,39.0,0.0,5.0,85,1,2,0.9000000000000057,23.0
8353,2004,13.0,hungaroring,False,0.0,True,0.0,False,pizzonia,Brazilian,williams,6,7,2.0,0.0,18.0,47,0,4,1.1000000000000083,23.0
8350,2004,13.0,hungaroring,False,0.0,True,0.0,False,montoya,Colombian,williams,7,4,33.0,0.0,6.0,47,0,4,1.1000000000000083,28.0
8354,2004,13.0,hungaroring,False,0.0,True,0.0,False,fisichella,Italian,sauber,8,8,13.0,0.0,10.0,18,0,6,1.2000000000000028,31.0
8363,2004,13.0,hungaroring,False,0.0,True,0.0,False,trulli,Italian,renault,9,17,46.0,1.0,4.0,85,1,2,1.3000000000000114,30.0
8366,2004,13.0,hungaroring,False,0.0,True,0.0,False,raikkonen,Finnish,mclaren,10,Auto%#,18.0,0.0,8.0,37,0,5,1.5,
8356,2004,13.0,hungaroring,False,,True,0.0,False,webber,Australian,jaguar,11,10,7.0,0.0,12.0,7,0,8,,27.0
8355,,13.0,,False,0.0,True,0.0,False,coulthard,British,mclaren,12,9,19.0,0.0,7.0,37,0,5,1.8000000000000114,33.0
8357,2004,13.0,hungaroring,False,0.0,True,0.0,False,panis,French,toyota,13,11,5.0,0.0,,8,0,7,2.0,37.0
8359,2004,13.0,hungaroring,False,0.0,True,0.0,False,klien,Austrian,jaguar,14,13,0.0,0.0,,7,0,8,2.0,21.0
8364,2004,13.0,hungaroring,False,,True,0.0,False,zonta,Brazilian,toyota,15,18,0.0,0.0,0.0,8,0,7,2.0,28.0
8358,2004,13.0,hungaroring,False,0.0,True,0.0,,heidfeld,German,jordan,16,12,3.0,0.0,16.0,5,0,9,3.1000000000000085,27.0
8362,2004,13.0,hungaroring,False,0.0,True,0.0,False,pantano,,jordan,17,16,0.0,0.0,22.0,5,0,9,3.300000000000012,25.0
8361,2004,13.0,hungaroring,False,0.0,True,0.0,False,baumgartner,Hungarian,minardi,18,15,1.0,0.0,19.0,1,0,10,5.200000000000003,23.0
8360,2004,13.0,hungaroring,False,0.0,True,0.0,False,bruni,Italian,minardi,19,Auto%#,0.0,0.0,23.0,1,0,10,5.6000000000000085,23.0
,2004,14.0,spa,False,0.0,True,0.0,False,trulli,Italian,renault,1,9,46.0,1.0,4.0,91,1,2,0.0,30.0
8368,2004,14.0,spa,False,0.0,True,0.0,False,michael_schumacher,German,,2,2,120.0,12.0,1.0,202,12,1,0.0999999999999943,35.0
8382,2004,14.0,spa,False,0.0,True,0.0,False,alonso,Spanish,renault,3,16,45.0,0.0,5.0,91,1,2,0.5,23.0
8373,2004,14.0,spa,False,0.0,True,0.0,False,coulthard,British,mclaren,4,7,19.0,0.0,7.0,37,0,5,1.7999999999999972,33.0
8371,2004,14.0,spa,,0.0,True,0.0,False,fisichella,,sauber,5,5,14.0,0.0,,19,0,6,1.7999999999999972,31.0
8369,2004,14.0,spa,False,0.0,True,,False,barrichello,Brazilian,ferrari,6,3,82.0,0.0,2.0,202,,1,2.0,32.0
8383,2004,14.0,spa,False,0.0,True,0.0,False,webber,Australian,jaguar,7,17,7.0,0.0,12.0,7,0,,2.5,28.0
8370,2004,14.0,spa,False,0.0,Auto%#,,False,massa,Brazilian,sauber,8,4,5.0,0.0,13.0,19,0,6,2.799999999999997,23.0
8374,2004,14.0,spa,False,0.0,True,0.0,False,panis,French,toyota,9,8,5.0,0.0,14.0,8,0,,3.3999999999999915,37.0
8367,2004,14.0,spa,False,0.0,True,0.0,False,raikkonen,Finnish,mclaren,10,1,18.0,0.0,8.0,37,0,5,3.3999999999999915,
8378,2004,14.0,spa,False,0.0,True,0.0,False,montoya,Colombian,williams,11,12,38.0,0.0,6.0,54,0,4,3.5,28.0
8380,2004,14.0,spa,False,0.0,True,0.0,False,button,British,bar,12,14,65.0,0.0,3.0,83,0,3,4.0,24.0
8372,2004,14.0,spa,False,0.0,True,0.0,False,klien,Austrian,jaguar,13,6,0.0,,20.0,7,,,5.0,21.0
8379,2004,14.0,spa,False,0.0,True,0.0,False,pizzonia,Brazilian,williams,14,13,4.0,0.0,15.0,54,0,4,5.200000000000003,23.0
8384,2004,14.0,spa,False,0.0,True,,False,sato,Japanese,bar,15,18,18.0,0.0,9.0,83,0,3,5.599999999999994,27.0
8377,2004,14.0,spa,False,0.0,True,0.0,False,heidfeld,German,jordan,16,11,3.0,0.0,17.0,5,0,9,6.399999999999992,27.0
8385,2004,14.0,spa,False,0.0,True,0.0,Auto%#,bruni,Italian,minardi,17,19,0.0,0.0,23.0,,0,10,6.5,23.0
8381,2004,14.0,spa,False,0.0,True,0.0,False,,Hungarian,minardi,18,15,1.0,0.0,19.0,1,0,10,7.099999999999994,23.0
8386,2004,14.0,spa,False,0.0,True,0.0,False,pantano,Italian,jordan,19,20,0.0,0.0,22.0,5,0,9,7.599999999999994,25.0
8376,2004,14.0,spa,False,0.0,True,0.0,,zonta,Brazilian,toyota,20,Auto%#,0.0,0.0,0.0,8,0,7,7.700000000000003,28.0
8387,2004,15.0,monza,False,0.0,True,1.0,False,barrichello,Brazilian,ferrari,1,1,88.0,0.0,2.0,216,12,1,0.0,32.0
8391,2004,15.0,monza,False,0.0,True,1.0,False,montoya,Colombian,williams,2,5,38.0,0.0,6.0,54,0,4,0.5,28.0
8388,2004,15.0,monza,,0.0,True,1.0,False,michael_schumacher,German,ferrari,3,2,128.0,12.0,1.0,216,12,1,0.5,35.0
8402,2004,15.0,Auto%#,False,0.0,True,1.0,False,alonso,Spanish,renault,4,16,45.0,0.0,5.0,91,1,2,,23.0
8390,2004,15.0,monza,False,0.0,True,1.0,,sato,Japanese,bar,5,4,18.0,0.0,9.0,83,0,3,0.6000000000000085,27.0
8389,2004,15.0,monza,False,0.0,True,1.0,False,button,British,bar,6,3,65.0,0.0,3.0,83,0,3,0.7000000000000028,24.0
8405,2004,15.0,monza,False,0.0,True,1.0,False,raikkonen,Finnish,mclaren,7,19,28.0,,7.0,49,1,5,0.8000000000000114,24.0
8393,2004,15.0,monza,False,0.0,True,1.0,False,pizzonia,Brazilian,williams,Auto%#,7,4.0,0.0,15.0,54,0,4,,24.0
8396,2004,15.0,monza,False,0.0,True,1.0,False,trulli,Italian,renault,9,10,46.0,1.0,,91,1,2,0.9000000000000057,30.0
8392,2004,15.0,monza,False,0.0,True,,False,coulthard,British,mclaren,10,6,21.0,0.0,8.0,49,1,5,0.9000000000000057,33.0
8397,2004,15.0,monza,False,0.0,True,1.0,False,zonta,Brazilian,,11,Auto%#,0.0,0.0,22.0,9,0,8,1.4000000000000057,28.0
8395,,15.0,monza,False,0.0,True,1.0,False,webber,Australian,,12,9,7.0,0.0,13.0,10,0,7,1.5,28.0
8406,2004,15.0,monza,False,0.0,True,1.0,False,panis,French,toyota,13,20,6.0,0.0,14.0,9,0,8,1.7000000000000028,38.0
8399,2004,15.0,monza,False,0.0,True,1.0,,klien,Auto%#,jaguar,14,13,3.0,0.0,16.0,10,0,7,1.9000000000000057,21.0
8394,2004,15.0,monza,False,0.0,Auto%#,1.0,False,fisichella,Italian,sauber,15,8,18.0,0.0,10.0,28,0,,2.1000000000000085,31.0
8398,2004,15.0,monza,False,0.0,,1.0,False,massa,Brazilian,sauber,16,12,10.0,0.0,12.0,28,0,6,2.200000000000003,23.0
8403,2004,15.0,Auto%#,False,0.0,True,1.0,False,pantano,Italian,jordan,17,17,0.0,,23.0,5,,9,3.1000000000000085,25.0
8404,2004,15.0,,False,,True,1.0,False,bruni,Italian,minardi,18,18,0.0,0.0,24.0,1,0,10,4.800000000000011,23.0
8401,2004,15.0,monza,False,0.0,True,1.0,False,baumgartner,Hungarian,minardi,19,15,1.0,0.0,20.0,1,0,10,5.700000000000003,23.0
8400,2004,15.0,monza,False,0.0,True,1.0,False,heidfeld,German,jordan,20,,3.0,0.0,18.0,5,0,9,2.200000000000003,27.0
8407,2004,16.0,shanghai,True,0.0,False,0.0,False,barrichello,Brazilian,ferrari,1,1,98.0,1.0,,234,13,1,0.0,32.0
8409,2004,16.0,shanghai,True,0.0,False,0.0,False,raikkonen,Finnish,mclaren,2,3,28.0,,7.0,52,1,5,0.2000000000000028,24.0
8408,2004,16.0,shanghai,True,0.0,False,0.0,False,button,British,bar,3,2,71.0,0.0,3.0,94,0,2,0.2999999999999971,24.0
8414,2004,16.0,shanghai,True,0.0,False,0.0,False,massa,Brazilian,sauber,4,8,10.0,0.0,12.0,29,0,6,0.7999999999999972,23.0
8424,2004,16.0,shanghai,True,0.0,False,0.0,False,,German,williams,5,18,12.0,0.0,11.0,60,0,4,0.9000000000000057,29.0
8410,2004,16.0,shanghai,True,0.0,False,0.0,False,alonso,Spanish,renault,6,4,45.0,,5.0,91,1,3,0.9000000000000057,23.0
8413,2004,16.0,shanghai,True,0.0,False,0.0,False,fisichella,Italian,sauber,7,7,19.0,0.0,10.0,29,0,6,1.0,31.0
8420,2004,16.0,,True,0.0,False,0.0,False,panis,French,toyota,8,14,6.0,0.0,14.0,9,0,8,1.0,38.0
8415,2004,16.0,shanghai,True,0.0,False,,,coulthard,British,mclaren,9,9,24.0,0.0,,52,1,5,,33.0
8411,2004,16.0,shanghai,True,0.0,False,0.0,False,montoya,Colombian,williams,10,5,42.0,0.0,6.0,60,0,Auto%#,1.2000000000000028,29.0
8416,2004,16.0,shanghai,True,0.0,False,0.0,False,webber,Australian,jaguar,11,10,7.0,0.0,13.0,10,0,7,1.2999999999999972,28.0
8417,2004,16.0,shanghai,True,0.0,False,0.0,False,villeneuve,Canadian,renault,,11,0.0,0.0,0.0,91,1,3,1.4000000000000057,33.0
8425,,16.0,shanghai,True,0.0,False,0.0,False,zonta,Brazilian,toyota,13,19,0.0,0.0,21.0,9,0,8,1.4000000000000057,28.0
8419,2004,16.0,shanghai,True,0.0,False,0.0,,heidfeld,German,jordan,14,13,3.0,0.0,,5,0,9,2.5,27.0
8426,2004,16.0,shanghai,True,0.0,,0.0,False,klien,Austrian,jaguar,15,20,3.0,0.0,16.0,10,0,7,2.5,21.0
8421,2004,16.0,shanghai,True,0.0,False,0.0,False,glock,German,jordan,16,15,2.0,0.0,19.0,,0,9,3.0999999999999943,22.0
8412,2004,16.0,shanghai,True,0.0,False,0.0,False,sato,Japanese,bar,18,6,23.0,0.0,9.0,,0,Auto%#,1.0,27.0
8422,2004,16.0,shanghai,True,0.0,False,0.0,False,baumgartner,Hungarian,minardi,19,16,1.0,0.0,20.0,1,0,10,6.200000000000003,23.0
8427,2004,17.0,suzuka,True,0.0,False,0.0,False,michael_schumacher,German,ferrari,1,1,136.0,12.0,1.0,244,14,1,0.0,35.0
8428,2004,17.0,suzuka,True,0.0,False,0.0,False,ralf_schumacher,German,williams,2,2,12.0,0.0,11.0,64,0,4,0.5,29.0
8446,2004,17.0,suzuka,True,0.0,False,0.0,False,webber,Australian,jaguar,3,20,7.0,0.0,13.0,10,0,7,1.0999999999999943,28.0
8430,2004,17.0,suzuka,True,0.0,False,0.0,False,sato,Japanese,bar,4,4,26.0,0.0,8.0,105,0,2,1.4000000000000057,27.0
8429,2004,17.0,suzuka,True,0.0,False,0.0,False,button,British,bar,5,3,79.0,0.0,3.0,105,0,2,1.7000000000000028,24.0
8437,,17.0,suzuka,True,0.0,False,0.0,False,trulli,Italian,toyota,6,11,46.0,1.0,5.0,9,0,8,1.7000000000000028,30.0
8434,2004,17.0,suzuka,True,0.0,False,0.0,False,fisichella,Italian,sauber,7,8,21.0,0.0,10.0,32,0,6,2.5999999999999943,31.0
8444,,17.0,suzuka,True,0.0,False,0.0,False,coulthard,British,mclaren,8,18,24.0,0.0,9.0,58,1,5,2.700000000000003,33.0
8436,2004,17.0,suzuka,True,0.0,False,0.0,False,villeneuve,Canadian,renault,9,10,0.0,0.0,23.0,96,1,3,2.799999999999997,33.0
8440,2004,17.0,suzuka,True,0.0,False,0.0,False,panis,French,toyota,10,14,6.0,0.0,14.0,9,0,8,2.9000000000000057,
8431,2004,17.0,suzuka,True,0.0,False,0.0,False,alonso,Spanish,renault,11,5,50.0,0.0,,96,1,3,,23.0
8432,2004,17.0,,True,0.0,False,0.0,False,raikkonen,Finnish,mclaren,12,6,34.0,1.0,7.0,58,1,5,3.299999999999997,24.0
8433,2004,17.0,suzuka,True,0.0,False,0.0,False,montoya,Colombian,williams,13,7,46.0,0.0,6.0,64,0,4,4.200000000000003,29.0
8438,2004,17.0,suzuka,True,0.0,False,0.0,False,klien,Austrian,jaguar,14,,3.0,0.0,16.0,10,0,7,4.799999999999997,21.0
8445,2004,17.0,suzuka,True,0.0,False,0.0,False,barrichello,Brazilian,ferrari,15,19,108.0,2.0,2.0,244,14,1,5.099999999999994,32.0
8439,2004,17.0,suzuka,True,0.0,False,0.0,False,heidfeld,German,,16,13,3.0,0.0,18.0,5,0,9,8.5,27.0
8441,2004,17.0,suzuka,True,0.0,False,0.0,False,glock,German,jordan,Auto%#,15,2.0,0.0,19.0,5,0,9,10.0,22.0
8442,2004,17.0,suzuka,True,0.0,Auto%#,0.0,Auto%#,,Italian,minardi,18,16,0.0,0.0,25.0,1,0,10,14.599999999999994,
8449,2004,18.0,interlagos,False,0.0,False,,False,barrichello,Brazilian,,1,3,108.0,2.0,2.0,254,15,1,0.0,32.0
8447,2004,18.0,interlagos,False,0.0,False,0.0,False,montoya,Colombian,williams,2,,48.0,0.0,,74,0,4,0.2000000000000028,29.0
8448,2004,18.0,interlagos,False,0.0,False,0.0,Auto%#,raikkonen,Finnish,mclaren,3,2,37.0,1.0,7.0,61,1,5,0.3000000000000113,25.0
8454,2004,18.0,interlagos,False,0.0,False,0.0,False,massa,Brazilian,sauber,4,8,11.0,0.0,12.0,33,0,6,0.3000000000000113,23.0
8466,2004,18.0,interlagos,False,0.0,False,0.0,False,,British,bar,5,20,85.0,0.0,3.0,116,0,2,0.5,24.0
8452,2004,18.0,interlagos,False,0.0,False,0.0,False,sato,Japanese,bar,6,6,31.0,0.0,8.0,116,0,2,0.5,27.0
8451,2004,18.0,interlagos,False,0.0,False,0.0,False,ralf_schumacher,German,williams,7,Auto%#,20.0,0.0,11.0,74,0,4,0.5,29.0
8450,2004,18.0,interlagos,False,0.0,False,0.0,False,alonso,Spanish,renault,8,4,54.0,0.0,4.0,100,1,3,0.9000000000000057,23.0
8458,2004,,interlagos,False,0.0,False,0.0,,trulli,Italian,toyota,9,12,46.0,1.0,6.0,9,0,8,0.9000000000000057,30.0
8455,2004,18.0,interlagos,False,0.0,False,0.0,Auto%#,fisichella,Italian,sauber,10,9,22.0,0.0,10.0,33,0,6,1.0,31.0
8464,2004,18.0,interlagos,False,0.0,False,0.0,,webber,Australian,jaguar,,18,7.0,0.0,13.0,10,0,7,1.1000000000000083,28.0
8457,2004,18.0,interlagos,False,0.0,False,0.0,False,coulthard,British,mclaren,12,11,24.0,0.0,9.0,61,1,5,1.2000000000000028,33.0
8456,2004,18.0,interlagos,False,0.0,,0.0,False,villeneuve,Canadian,renault,13,10,0.0,0.0,21.0,,1,3,1.2000000000000028,33.0
8459,2004,18.0,interlagos,False,,False,0.0,False,zonta,Brazilian,toyota,14,13,0.0,0.0,22.0,9,0,8,1.4000000000000057,28.0
8460,2004,18.0,interlagos,False,0.0,False,0.0,Auto%#,klien,Austrian,jaguar,15,14,3.0,0.0,16.0,10,0,7,1.6000000000000083,21.0
8465,2004,18.0,interlagos,False,0.0,False,0.0,False,heidfeld,,jordan,16,19,3.0,,18.0,5,0,9,2.200000000000003,27.0
8461,2004,18.0,interlagos,False,0.0,False,0.0,False,glock,German,jordan,17,15,2.0,0.0,19.0,5,0,9,2.9000000000000057,22.0
8453,2004,18.0,interlagos,False,0.0,False,0.0,False,michael_schumacher,German,ferrari,18,7,,13.0,1.0,254,15,1,0.8000000000000114,35.0
8463,2004,18.0,interlagos,False,0.0,False,0.0,False,bruni,Italian,minardi,20,17,0.0,0.0,25.0,1,0,10,3.0,23.0
8467,2005,1.0,albert_park,False,0.0,False,0.0,True,fisichella,Italian,renault,1,1,0.0,0.0,0.0,0,0,0,0.0,32.0
,2005,1.0,albert_park,False,0.0,False,0.0,True,trulli,Italian,toyota,2,9,0.0,0.0,0.0,0,0,0,2.9000000000000057,30.0
8471,2005,1.0,albert_park,False,0.0,False,0.0,,webber,Australian,williams,3,5,0.0,0.0,0.0,0,0,0,3.5,
8479,2005,1.0,albert_park,False,0.0,False,0.0,True,villeneuve,Canadian,sauber,4,,0.0,0.0,0.0,0,0,0,5.300000000000011,33.0
8470,2005,1.0,,False,0.0,False,0.0,True,coulthard,British,red_bull,5,4,0.0,0.0,0.0,,0,0,5.699999999999989,33.0
8473,2005,1.0,albert_park,False,0.0,False,0.0,True,klien,Austrian,red_bull,6,7,0.0,0.0,0.0,0,0,0,6.0,22.0
8485,2005,1.0,albert_park,False,0.0,False,0.0,True,heidfeld,German,williams,7,19,0.0,0.0,0.0,0,0,0,7.599999999999994,27.0
8477,2005,1.0,albert_park,False,0.0,False,0.0,True,button,British,bar,8,11,0.0,0.0,0.0,0,0,0,10.599999999999994,25.0
8472,2005,1.0,albert_park,False,,False,0.0,True,montoya,Colombian,mclaren,9,6,0.0,0.0,0.0,0,0,0,13.099999999999994,29.0
8474,2005,1.0,albert_park,False,0.0,False,0.0,True,raikkonen,Finnish,mclaren,10,8,0.0,0.0,0.0,0,0,0,14.099999999999994,25.0
8468,2005,1.0,,False,0.0,False,0.0,True,barrichello,Brazilian,ferrari,11,2,0.0,0.0,0.0,0,0,0,,32.0
8481,2005,1.0,albert_park,False,0.0,False,0.0,True,karthikeyan,Indian,jordan,12,15,0.0,0.0,0.0,0,0,0,15.599999999999994,28.0
8469,2005,1.0,albert_park,False,0.0,False,0.0,True,alonso,Spanish,renault,13,3,0.0,0.0,0.0,0,0,0,16.0,23.0
8482,2005,1.0,albert_park,False,0.0,,0.0,True,monteiro,Portuguese,Auto%#,,16,0.0,0.0,0.0,0,0,0,18.80000000000001,28.0
8478,2005,1.0,albert_park,False,0.0,False,0.0,True,ralf_schumacher,German,toyota,15,12,0.0,0.0,0.0,0,0,0,21.19999999999999,29.0
8483,2005,1.0,albert_park,False,0.0,False,0.0,True,friesacher,Austrian,minardi,16,17,0.0,0.0,0.0,0,0,0,26.90000000000001,
8486,2005,1.0,albert_park,False,0.0,False,0.0,True,albers,,minardi,17,20,0.0,0.0,0.0,0,0,0,-72.3,25.0
8484,2005,1.0,albert_park,False,0.0,False,0.0,True,,German,,19,18,0.0,0.0,0.0,0,0,0,-63.6,36.0
8487,2005,2.0,sepang,False,0.0,False,0.0,False,alonso,Spanish,renault,1,1,,0.0,3.0,16,1,1,0.0,23.0
8488,2005,2.0,sepang,False,0.0,False,0.0,False,trulli,Italian,toyota,2,2,0.0,0.0,9.0,0,0,6,0.200000000000017,30.0
8501,2005,2.0,sepang,False,0.0,False,0.0,False,fisichella,Auto%#,renault,3,15,10.0,1.0,1.0,16,1,1,0.700000000000017,
8502,2005,2.0,sepang,False,0.0,False,0.0,False,webber,Australian,williams,4,16,4.0,0.0,5.0,4,0,4,1.200000000000017,28.0
8491,2005,,sepang,False,0.0,False,0.0,False,ralf_schumacher,German,toyota,5,5,0.0,0.0,11.0,0,0,6,1.3000000000000114,29.0
8495,2005,2.0,sepang,False,,False,0.0,False,raikkonen,Finnish,mclaren,6,9,1.0,0.0,8.0,4,0,5,1.8000000000000114,25.0
8494,2005,2.0,sepang,False,0.0,False,0.0,False,klien,Austrian,red_bull,7,8,2.0,0.0,7.0,7,0,3,1.9000000000000057,22.0
8492,2005,2.0,sepang,False,0.0,False,0.0,False,coulthard,British,red_bull,8,6,5.0,0.0,4.0,7,0,3,2.0,33.0
8504,2005,2.0,sepang,False,0.0,False,0.0,False,button,British,bar,9,18,0.0,0.0,0.0,0,0,0,2.1000000000000227,25.0
8489,2005,2.0,sepang,False,0.0,False,0.0,False,heidfeld,German,williams,10,3,0.0,0.0,0.0,4,0,4,2.200000000000017,27.0
8490,2005,2.0,,False,0.0,,0.0,False,montoya,Colombian,mclaren,11,4,3.0,0.0,6.0,4,0,5,2.4000000000000057,29.0
8500,2005,2.0,sepang,False,0.0,False,0.0,False,barrichello,Brazilian,ferrari,12,14,8.0,0.0,2.0,8,0,2,3.8000000000000114,32.0
8493,2005,2.0,Auto%#,False,0.0,False,0.0,False,michael_schumacher,,ferrari,13,7,0.0,0.0,0.0,8,0,2,3.9000000000000057,36.0
8496,2005,2.0,sepang,False,0.0,False,0.0,False,,Auto%#,sauber,14,10,0.0,0.0,10.0,0,0,7,4.200000000000017,23.0
8505,2005,2.0,sepang,False,0.0,False,0.0,False,davidson,British,bar,15,19,0.0,0.0,0.0,0,0,0,4.200000000000017,25.0
8503,2005,2.0,sepang,False,0.0,False,0.0,False,villeneuve,Canadian,sauber,16,17,0.0,0.0,12.0,0,0,7,5.300000000000011,
8497,2005,2.0,sepang,False,0.0,False,0.0,False,karthikeyan,Indian,jordan,17,11,0.0,0.0,13.0,0,0,8,10.0,28.0
8498,2005,2.0,sepang,False,0.0,False,0.0,False,monteiro,Portuguese,jordan,18,12,0.0,0.0,14.0,0,0,8,10.300000000000011,28.0
8499,2005,2.0,sepang,False,0.0,False,,False,albers,Dutch,minardi,19,13,0.0,0.0,0.0,0,0,9,15.300000000000011,25.0
8506,2005,2.0,sepang,False,0.0,False,0.0,False,friesacher,Austrian,minardi,20,20,0.0,0.0,15.0,0,0,9,13.5,24.0
8507,2005,3.0,bahrain,False,0.0,False,0.0,False,alonso,Spanish,renault,1,,16.0,1.0,1.0,26,2,1,0.0,23.0
8523,2005,3.0,Auto%#,False,0.0,,,False,michael_schumacher,German,ferrari,2,17,2.0,0.0,11.0,10,0,4,0.5,36.0
8508,2005,3.0,bahrain,False,0.0,False,0.0,False,trulli,Italian,toyota,3,2,8.0,0.0,3.0,12,0,2,0.799999999999983,30.0
8522,2005,3.0,bahrain,False,0.0,False,0.0,False,heidfeld,German,williams,4,,6.0,0.0,7.0,10,0,5,1.299999999999983,27.0
8512,2005,3.0,bahrain,,0.0,False,0.0,False,webber,Australian,williams,5,6,4.0,0.0,9.0,10,0,5,1.4000000000000057,28.0
8510,2005,3.0,bahrain,False,0.0,Auto%#,0.0,,ralf_schumacher,,toyota,6,4,,0.0,8.0,12,0,2,,29.0
8526,2005,3.0,bahrain,False,0.0,False,0.0,False,klien,Austrian,red_bull,7,,3.0,0.0,10.0,11,0,3,1.5,22.0
8511,2005,3.0,bahrain,False,0.0,False,0.0,False,rosa,Spanish,mclaren,,5,0.0,0.0,0.0,,0,6,1.5,34.0
8509,2005,3.0,bahrain,False,0.0,Auto%#,0.0,False,raikkonen,Finnish,mclaren,9,3,1.0,0.0,12.0,9,0,6,1.5999999999999943,25.0
8524,2005,3.0,bahrain,False,0.0,False,0.0,False,fisichella,,renault,10,18,10.0,1.0,2.0,26,2,,1.9000000000000057,32.0
8520,2005,3.0,bahrain,False,0.0,False,0.0,False,button,British,bar,11,14,0.0,0.0,0.0,0,0,0,2.4000000000000057,25.0
8513,2005,3.0,bahrain,False,0.0,False,0.0,False,massa,Brazilian,sauber,12,7,0.0,0.0,13.0,0,0,Auto%#,3.299999999999983,23.0
8521,2005,3.0,bahrain,False,0.0,False,0.0,False,sato,Japanese,bar,13,15,0.0,0.0,,0,0,0,3.6999999999999886,28.0
8514,2005,3.0,bahrain,False,0.0,False,0.0,False,coulthard,British,red_bull,14,8,8.0,0.0,,11,0,,3.9000000000000057,34.0
8517,2005,3.0,bahrain,False,,,0.0,False,villeneuve,Canadian,sauber,15,11,0.0,0.0,17.0,0,0,7,6.099999999999994,33.0
8516,2005,3.0,bahrain,False,0.0,False,0.0,False,monteiro,Portuguese,jordan,16,10,0.0,0.0,15.0,0,0,8,7.5,28.0
8525,2005,3.0,bahrain,False,0.0,False,0.0,False,karthikeyan,Indian,jordan,17,19,0.0,0.0,14.0,0,0,8,8.199999999999989,28.0
8519,2005,3.0,bahrain,False,0.0,,0.0,False,albers,Dutch,minardi,18,13,0.0,0.0,16.0,0,0,9,8.5,25.0
8518,2005,3.0,bahrain,False,0.0,False,0.0,False,friesacher,Austrian,minardi,19,12,0.0,0.0,18.0,0,0,9,,24.0
8515,2005,3.0,bahrain,False,0.0,False,0.0,False,barrichello,Brazilian,ferrari,20,9,8.0,0.0,4.0,10,0,4,5.799999999999983,32.0
8542,2005,4.0,imola,True,0.0,False,0.0,True,raikkonen,Finnish,mclaren,1,16,7.0,0.0,8.0,19,0,3,0.0,25.0
8527,,4.0,imola,True,0.0,False,0.0,True,alonso,Spanish,renault,2,1,26.0,2.0,1.0,36,3,1,0.5,23.0
8545,2005,4.0,imola,True,0.0,False,0.0,True,button,British,bar,3,19,0.0,0.0,0.0,0,0,0,1.1999999999999886,
8533,2005,4.0,imola,True,0.0,False,0.0,True,webber,Australian,williams,4,7,7.0,0.0,9.0,13,0,4,1.5999999999999943,28.0
8531,2005,4.0,imola,True,0.0,False,0.0,True,trulli,Italian,toyota,5,5,,0.0,2.0,25,0,2,1.5999999999999943,30.0
8546,2005,4.0,imola,True,0.0,False,0.0,True,sato,Japanese,bar,6,20,0.0,0.0,0.0,0,0,0,1.799999999999983,28.0
8529,2005,4.0,imola,True,0.0,False,0.0,True,wurz,Austrian,mclaren,7,3,0.0,0.0,0.0,19,0,3,1.799999999999983,31.0
8532,2005,,imola,True,0.0,False,0.0,True,heidfeld,German,williams,Auto%#,Auto%#,6.0,0.0,10.0,13,0,4,2.299999999999983,27.0
8541,2005,4.0,imola,True,0.0,False,0.0,True,barrichello,Brazilian,ferrari,9,15,8.0,0.0,6.0,10,0,6,,32.0
8535,2005,4.0,imola,True,0.0,False,0.0,True,ralf_schumacher,German,toyota,10,9,,0.0,4.0,25,0,2,2.5,29.0
8530,2005,4.0,imola,True,0.0,False,0.0,True,villeneuve,Canadian,sauber,11,4,0.0,0.0,,2,0,7,3.4000000000000057,34.0
8544,2005,4.0,,True,0.0,False,0.0,True,fisichella,Italian,renault,,18,10.0,1.0,3.0,36,3,1,3.799999999999983,32.0
8528,2005,4.0,imola,True,0.0,False,0.0,True,michael_schumacher,German,ferrari,,2,2.0,0.0,14.0,10,0,6,4.299999999999983,36.0
8537,2005,4.0,imola,True,0.0,False,0.0,True,,British,red_bull,14,11,9.0,0.0,5.0,12,0,5,5.199999999999989,34.0
8534,2005,4.0,imola,True,0.0,False,0.0,True,liuzzi,Italian,red_bull,15,8,0.0,0.0,0.0,12,0,5,5.299999999999983,24.0
8538,2005,4.0,imola,True,0.0,False,0.0,Auto%#,karthikeyan,Indian,jordan,16,12,0.0,0.0,17.0,0,0,8,9.199999999999989,28.0
8539,2005,4.0,Auto%#,True,0.0,False,0.0,True,monteiro,Portuguese,jordan,17,13,0.0,0.0,15.0,0,0,8,11.400000000000006,28.0
8536,2005,4.0,imola,True,0.0,False,0.0,True,massa,Brazilian,sauber,18,10,,0.0,13.0,2,0,7,2.0,23.0
8543,2005,4.0,imola,True,0.0,False,0.0,True,friesacher,Austrian,minardi,19,17,0.0,0.0,18.0,0,0,9,14.099999999999994,24.0
8540,2005,4.0,imola,True,0.0,False,0.0,True,albers,Dutch,minardi,20,14,0.0,0.0,19.0,0,0,9,-77.0,26.0
8547,2005,5.0,catalunya,True,0.0,False,0.0,False,raikkonen,Finnish,mclaren,1,1,7.0,0.0,11.0,25,0,3,0.0,25.0
8552,2005,5.0,catalunya,True,0.0,False,0.0,False,webber,Australian,Auto%#,2,,9.0,0.0,8.0,18,0,5,0.2999999999999829,28.0
8548,2005,5.0,catalunya,True,0.0,False,0.0,False,alonso,Spanish,renault,Auto%#,2,36.0,3.0,,46,4,1,0.2999999999999829,23.0
8550,2005,5.0,catalunya,True,0.0,False,0.0,False,ralf_schumacher,Auto%#,toyota,4,4,9.0,0.0,6.0,29,0,2,0.5,29.0
8549,2005,5.0,catalunya,True,0.0,False,0.0,False,trulli,Italian,toyota,5,3,20.0,0.0,2.0,29,,2,0.5999999999999943,30.0
8551,2005,5.0,catalunya,True,0.0,False,0.0,False,fisichella,Italian,renault,6,5,10.0,1.0,3.0,46,4,1,1.4000000000000057,32.0
8553,2005,5.0,catalunya,True,0.0,False,0.0,False,montoya,Colombian,mclaren,7,7,8.0,0.0,,25,0,3,2.0999999999999943,29.0
8561,2005,5.0,catalunya,True,0.0,False,0.0,False,michael_schumacher,German,ferrari,8,15,,0.0,4.0,18,0,4,2.1999999999999886,36.0
8554,2005,5.0,catalunya,True,0.0,False,0.0,False,coulthard,British,red_bull,9,8,9.0,0.0,7.0,13,0,6,2.799999999999983,34.0
8557,2005,5.0,catalunya,True,,False,0.0,,massa,Brazilian,sauber,10,11,2.0,0.0,16.0,7,0,7,2.799999999999983,24.0
8564,2005,5.0,catalunya,True,0.0,False,0.0,False,liuzzi,Italian,red_bull,11,18,1.0,0.0,17.0,13,0,6,3.9000000000000057,24.0
8560,2005,5.0,catalunya,True,0.0,False,0.0,False,villeneuve,Canadian,sauber,12,14,5.0,0.0,13.0,7,0,7,5.099999999999994,34.0
8559,2005,5.0,catalunya,True,0.0,False,0.0,False,karthikeyan,Indian,jordan,13,13,0.0,0.0,19.0,0,0,8,7.900000000000006,28.0
8562,2005,5.0,catalunya,True,0.0,False,0.0,False,albers,Dutch,Auto%#,14,16,0.0,0.0,21.0,0,0,9,9.699999999999989,26.0
,2005,5.0,catalunya,True,0.0,False,0.0,False,friesacher,Austrian,minardi,15,17,0.0,0.0,20.0,0,0,9,11.400000000000006,24.0
8555,2005,5.0,catalunya,True,0.0,False,0.0,False,,Brazilian,ferrari,16,9,8.0,0.0,,18,0,4,-75.7,32.0
8556,2005,5.0,catalunya,True,0.0,False,0.0,False,heidfeld,German,williams,17,10,9.0,0.0,5.0,18,0,5,-76.4,
8558,2005,5.0,catalunya,True,0.0,False,0.0,False,monteiro,Portuguese,jordan,18,12,0.0,0.0,18.0,0,0,8,8.5,28.0
8565,2005,6.0,monaco,True,0.0,False,0.0,False,raikkonen,Finnish,mclaren,1,1,17.0,1.0,,37,1,3,0.0,25.0
8568,2005,6.0,monaco,True,0.0,False,0.0,False,alonso,Spanish,renault,2,4,44.0,3.0,1.0,58,4,,,23.0
8567,2005,6.0,monaco,True,0.0,False,0.0,False,webber,Australian,williams,3,3,12.0,0.0,6.0,21,0,4,1.3999999999999773,28.0
8576,,6.0,monaco,True,0.0,False,0.0,False,fisichella,,renault,4,12,14.0,1.0,4.0,58,4,1,1.799999999999983,32.0
8574,2005,6.0,monaco,True,0.0,False,0.0,False,trulli,Italian,toyota,Auto%#,10,26.0,0.0,2.0,40,0,2,2.299999999999983,30.0
8566,2005,6.0,monaco,True,,False,0.0,False,heidfeld,German,williams,6,2,9.0,0.0,10.0,21,0,4,2.5999999999999943,28.0
8581,2005,6.0,monaco,True,0.0,False,,False,coulthard,British,red_bull,7,17,10.0,0.0,9.0,14,0,6,3.5999999999999943,
8571,2005,6.0,monaco,True,0.0,False,0.0,False,michael_schumacher,German,ferrari,8,7,10.0,0.0,7.0,18,0,5,4.399999999999977,36.0
8575,2005,6.0,monaco,True,0.0,False,0.0,False,villeneuve,Canadian,sauber,9,11,5.0,0.0,13.0,7,0,7,4.599999999999994,34.0
,2005,6.0,monaco,True,0.0,False,0.0,False,barrichello,Brazilian,ferrari,10,8,8.0,0.0,11.0,,0,5,4.699999999999989,32.0
8573,2005,6.0,monaco,True,0.0,False,0.0,False,massa,Brazilian,sauber,11,,2.0,0.0,16.0,7,0,7,4.799999999999983,24.0
8579,2005,6.0,monaco,True,0.0,False,0.0,False,liuzzi,Italian,red_bull,12,15,1.0,0.0,17.0,14,0,6,6.899999999999977,24.0
8580,2005,6.0,monaco,True,0.0,False,0.0,False,friesacher,Austrian,minardi,13,16,0.0,0.0,20.0,0,0,9,10.5,24.0
8578,2005,6.0,monaco,True,0.0,False,0.0,False,albers,Dutch,minardi,14,14,,0.0,21.0,0,0,9,11.899999999999975,26.0
8577,2005,6.0,monaco,True,0.0,False,0.0,False,monteiro,Portuguese,jordan,,13,0.0,0.0,18.0,0,0,8,12.799999999999985,28.0
8582,2005,6.0,monaco,True,0.0,False,0.0,False,karthikeyan,Indian,,17,18,0.0,0.0,19.0,0,0,8,13.099999999999994,28.0
,2005,7.0,nurburgring,True,0.0,True,0.0,False,heidfeld,German,williams,1,2,17.0,0.0,5.0,35,0,4,0.0,
8593,2005,7.0,nurburgring,True,0.0,True,0.0,False,raikkonen,Finnish,mclaren,2,11,27.0,2.0,2.0,51,2,2,0.1000000000000085,25.0
8602,2005,7.0,nurburgring,True,0.0,True,0.0,False,webber,Australian,williams,3,20,18.0,0.0,4.0,35,0,4,0.3000000000000113,28.0
,2005,7.0,nurburgring,True,,True,0.0,False,trulli,Italian,toyota,4,8,26.0,,3.0,43,0,3,0.6000000000000085,30.0
8589,2005,7.0,nurburgring,True,0.0,True,0.0,Auto%#,montoya,Colombian,,5,7,14.0,0.0,8.0,51,2,2,0.8000000000000114,29.0
8583,2005,7.0,nurburgring,True,0.0,True,,False,alonso,Spanish,Auto%#,6,,49.0,3.0,1.0,63,4,1,1.0,23.0
8585,2005,7.0,nurburgring,True,0.0,Auto%#,0.0,False,barrichello,,ferrari,7,3,9.0,0.0,11.0,21,0,5,1.1000000000000083,33.0
8601,2005,7.0,nurburgring,True,0.0,True,0.0,False,ralf_schumacher,German,toyota,8,,17.0,0.0,6.0,43,0,3,1.3000000000000114,29.0
8588,2005,7.0,nurburgring,True,0.0,True,,False,fisichella,Italian,renault,9,6,14.0,1.0,7.0,63,4,1,1.5,32.0
8587,2005,7.0,nurburgring,True,0.0,True,0.0,False,michael_schumacher,German,ferrari,10,5,12.0,0.0,9.0,21,0,5,1.5,
8596,,7.0,nurburgring,True,0.0,True,0.0,False,massa,Brazilian,sauber,11,14,2.0,0.0,16.0,7,0,7,2.1000000000000085,24.0
8586,2005,,nurburgring,True,0.0,True,0.0,False,coulthard,British,red_bull,12,,10.0,0.0,10.0,,0,6,2.5,34.0
8592,2005,7.0,nurburgring,True,0.0,True,0.0,False,button,British,bar,13,10,0.0,0.0,0.0,0,0,0,2.5,25.0
8591,2005,7.0,nurburgring,True,0.0,True,0.0,False,liuzzi,Auto%#,red_bull,14,9,1.0,0.0,17.0,14,0,6,2.5,24.0
8595,2005,7.0,nurburgring,True,0.0,True,0.0,False,villeneuve,Canadian,sauber,15,13,5.0,0.0,13.0,7,0,7,2.800000000000012,34.0
8594,2005,7.0,nurburgring,True,0.0,True,,False,sato,Japanese,bar,16,12,0.0,0.0,0.0,0,0,0,2.800000000000012,28.0
8597,2005,7.0,nurburgring,True,0.0,True,0.0,False,monteiro,Portuguese,jordan,17,15,0.0,0.0,18.0,0,0,8,4.900000000000006,28.0
8600,2005,7.0,nurburgring,True,0.0,True,0.0,,friesacher,Austrian,minardi,18,18,0.0,0.0,20.0,0,0,9,5.900000000000006,24.0
8598,2005,7.0,nurburgring,True,0.0,True,0.0,False,karthikeyan,Indian,jordan,,16,0.0,0.0,19.0,0,0,8,6.1000000000000085,28.0
8599,2005,7.0,nurburgring,True,0.0,True,0.0,False,albers,Dutch,minardi,20,17,0.0,0.0,21.0,0,0,9,6.1000000000000085,26.0
8615,2005,8.0,villeneuve,True,0.0,False,0.0,True,button,British,bar,1,13,0.0,0.0,19.0,0,0,Auto%#,,25.0
8604,2005,8.0,villeneuve,True,,False,0.0,True,michael_schumacher,Auto%#,ferrari,2,2,16.0,0.0,8.0,31,0,5,0.2999999999999971,36.0
8619,2005,8.0,villeneuve,True,0.0,False,0.0,Auto%#,alonso,Spanish,renault,3,17,59.0,4.0,,76,5,1,0.3999999999999915,23.0
8620,2005,8.0,villeneuve,True,0.0,False,0.0,True,fisichella,Italian,renault,4,18,17.0,1.0,6.0,76,5,1,0.3999999999999915,32.0
8622,2005,8.0,villeneuve,True,0.0,False,0.0,True,montoya,Colombian,mclaren,5,20,16.0,0.0,9.0,53,2,2,0.5,29.0
8617,2005,8.0,villeneuve,True,0.0,False,0.0,True,sato,Japanese,bar,6,15,0.0,0.0,22.0,0,0,9,0.5,28.0
8603,2005,8.0,villeneuve,True,0.0,False,0.0,Auto%#,raikkonen,Finnish,mclaren,7,1,27.0,2.0,2.0,53,2,2,0.7000000000000028,
8611,2005,8.0,villeneuve,True,0.0,False,0.0,True,villeneuve,Canadian,sauber,8,9,5.0,0.0,13.0,7,0,7,0.8999999999999915,34.0
8614,2005,8.0,villeneuve,True,0.0,False,0.0,True,trulli,Italian,toyota,9,12,27.0,0.0,3.0,44,0,3,1.0,30.0
8608,2005,8.0,villeneuve,True,0.0,False,0.0,True,ralf_schumacher,German,toyota,10,6,17.0,0.0,7.0,44,0,3,1.2000000000000028,29.0
8606,2005,,villeneuve,True,0.0,False,0.0,True,massa,Brazilian,sauber,11,4,2.0,0.0,16.0,7,0,7,1.5,24.0
8609,2005,8.0,villeneuve,True,0.0,False,0.0,True,coulthard,British,red_bull,12,7,15.0,0.0,11.0,19,0,6,1.7000000000000028,34.0
8616,2005,8.0,villeneuve,True,0.0,False,0.0,True,heidfeld,German,williams,13,14,25.0,0.0,4.0,43,0,4,1.8999999999999917,28.0
8607,2005,8.0,villeneuve,True,0.0,False,,True,webber,Australian,williams,14,Auto%#,18.0,0.0,5.0,43,0,4,2.5,28.0
8613,2005,8.0,villeneuve,True,,False,0.0,Auto%#,albers,Dutch,minardi,15,11,0.0,0.0,23.0,0,0,10,3.0,26.0
8610,2005,8.0,villeneuve,True,0.0,False,0.0,True,,Austrian,red_bull,16,8,3.0,,15.0,19,0,,3.0,22.0
8621,2005,8.0,villeneuve,True,0.0,False,0.0,True,karthikeyan,Indian,jordan,17,19,0.0,0.0,20.0,0,0,8,3.5,28.0
8612,2005,8.0,villeneuve,True,0.0,False,0.0,True,monteiro,Portuguese,jordan,18,10,0.0,0.0,18.0,0,0,8,3.799999999999997,28.0
8618,2005,8.0,villeneuve,True,0.0,False,0.0,True,friesacher,Austrian,minardi,19,,0.0,0.0,,0,0,10,4.399999999999992,24.0
8629,2005,9.0,indianapolis,False,0.0,False,0.0,False,trulli,Italian,toyota,1,7,27.0,0.0,3.0,47,0,4,0.0,30.0
8630,2005,9.0,indianapolis,False,0.0,False,0.0,False,raikkonen,Auto%#,mclaren,2,8,37.0,3.0,2.0,63,3,2,0.1000000000000085,25.0
8631,2005,9.0,indianapolis,False,0.0,False,0.0,False,button,British,bar,,9,0.0,0.0,19.0,0,0,9,0.7000000000000028,25.0
8632,2005,9.0,indianapolis,False,0.0,False,0.0,False,fisichella,Italian,renault,4,10,17.0,1.0,9.0,76,5,1,0.7000000000000028,32.0
8623,2005,9.0,indianapolis,False,0.0,False,0.0,False,michael_schumacher,German,ferrari,5,1,24.0,0.0,5.0,45,0,5,0.8000000000000114,36.0
8633,2005,9.0,indianapolis,False,0.0,False,,False,alonso,Spanish,renault,6,11,59.0,4.0,1.0,76,5,,0.8000000000000114,23.0
8624,2005,9.0,indianapolis,False,0.0,False,0.0,False,,Brazilian,ferrari,7,2,21.0,0.0,7.0,45,0,5,0.8000000000000114,
,2005,9.0,indianapolis,False,0.0,False,0.0,False,sato,Japanese,bar,8,12,,0.0,23.0,0,0,9,0.9000000000000057,28.0
8635,2005,9.0,indianapolis,False,0.0,False,,False,webber,Australian,williams,9,Auto%#,22.0,0.0,6.0,47,0,3,0.9000000000000057,28.0
8636,2005,9.0,indianapolis,False,0.0,False,0.0,False,massa,Brazilian,sauber,10,14,7.0,0.0,12.0,12,0,7,1.0,
8637,2005,9.0,indianapolis,False,0.0,False,0.0,False,montoya,Colombian,mclaren,11,15,16.0,0.0,11.0,63,3,2,1.1000000000000083,29.0
8638,2005,,indianapolis,False,0.0,False,0.0,False,villeneuve,Canadian,sauber,12,16,5.0,0.0,14.0,12,0,7,1.1000000000000083,34.0
8639,2005,9.0,indianapolis,False,0.0,False,0.0,False,zonta,Brazilian,toyota,13,17,0.0,0.0,0.0,47,0,4,1.2000000000000028,29.0
8640,2005,9.0,indianapolis,False,,False,0.0,False,klien,Austrian,red_bull,14,18,4.0,0.0,16.0,22,0,6,1.5,
8641,2005,9.0,indianapolis,False,0.0,False,0.0,False,heidfeld,,,15,19,25.0,0.0,4.0,47,0,3,1.8000000000000114,28.0
8642,2005,9.0,indianapolis,False,0.0,False,0.0,False,coulthard,British,red_bull,16,20,17.0,0.0,10.0,22,0,6,2.1000000000000085,34.0
8625,2005,9.0,indianapolis,False,,False,0.0,Auto%#,monteiro,Portuguese,jordan,17,3,,0.0,18.0,0,0,8,2.9000000000000057,
8627,2005,,,False,0.0,False,,False,albers,,minardi,18,5,0.0,0.0,21.0,0,0,10,3.0,26.0
8626,2005,9.0,indianapolis,False,0.0,,0.0,False,karthikeyan,Indian,jordan,19,4,0.0,0.0,20.0,0,0,8,3.200000000000003,28.0
8628,2005,9.0,,False,0.0,False,0.0,False,friesacher,Austrian,minardi,20,6,0.0,0.0,22.0,0,0,10,3.9000000000000057,24.0
8643,2005,10.0,magny_cours,False,0.0,False,0.0,False,alonso,Spanish,renault,1,1,59.0,4.0,1.0,76,5,1,0.0,23.0
8647,2005,10.0,magny_cours,False,0.0,False,0.0,False,trulli,Italian,toyota,2,5,27.0,0.0,5.0,47,0,5,,30.0
8645,2005,10.0,magny_cours,False,0.0,False,0.0,False,michael_schumacher,German,ferrari,3,3,34.0,1.0,,63,1,3,0.1999999999999886,36.0
8653,2005,10.0,magny_cours,False,0.0,False,0.0,False,sato,Japanese,bar,4,11,0.0,0.0,23.0,0,0,10,0.2999999999999971,28.0
8651,2005,,magny_cours,False,0.0,False,0.0,False,barrichello,Brazilian,ferrari,5,9,29.0,0.0,4.0,63,1,3,0.3999999999999915,33.0
8648,2005,10.0,magny_cours,False,0.0,False,,False,fisichella,Italian,renault,6,6,17.0,1.0,9.0,76,,1,0.5,32.0
8646,2005,10.0,magny_cours,False,0.0,False,0.0,False,button,British,bar,7,4,0.0,0.0,22.0,0,0,10,0.6999999999999886,25.0
8658,2005,10.0,magny_cours,False,0.0,False,,False,montoya,Colombian,mclaren,8,16,16.0,0.0,11.0,63,3,2,1.0,29.0
8661,2005,10.0,magny_cours,False,0.0,False,0.0,False,massa,Brazilian,sauber,9,Auto%#,7.0,0.0,12.0,12,0,7,1.1999999999999886,
8650,2005,10.0,magny_cours,False,,False,0.0,False,villeneuve,Canadian,sauber,10,8,5.0,0.0,15.0,12,0,7,1.2999999999999972,34.0
8649,2005,10.0,magny_cours,False,0.0,False,0.0,False,ralf_schumacher,German,toyota,11,7,20.0,0.0,8.0,47,0,5,1.3999999999999917,30.0
8654,2005,10.0,magny_cours,False,0.0,False,0.0,,webber,Australian,williams,12,12,22.0,0.0,7.0,47,0,4,1.5,28.0
8644,2005,10.0,magny_cours,False,0.0,False,0.0,False,raikkonen,Finnish,mclaren,13,2,37.0,3.0,2.0,63,3,2,0.1999999999999886,25.0
8656,2005,10.0,magny_cours,False,0.0,False,0.0,False,heidfeld,German,Auto%#,14,14,25.0,0.0,6.0,47,0,4,1.7999999999999972,28.0
8652,2005,10.0,magny_cours,False,0.0,False,0.0,False,coulthard,British,red_bull,15,,17.0,0.0,10.0,22,0,6,2.0,34.0
8662,2005,10.0,magny_cours,False,0.0,False,0.0,False,klien,Austrian,red_bull,16,20,4.0,0.0,19.0,22,0,6,2.0999999999999943,22.0
8657,2005,10.0,magny_cours,False,0.0,False,0.0,False,karthikeyan,Indian,jordan,17,15,5.0,0.0,16.0,11,0,8,3.5,28.0
8660,2005,10.0,magny_cours,False,0.0,False,0.0,False,friesacher,Austrian,minardi,18,18,3.0,0.0,20.0,7,0,9,3.5999999999999943,24.0
8655,,10.0,magny_cours,False,0.0,False,0.0,False,monteiro,Portuguese,jordan,19,,6.0,0.0,13.0,11,0,8,3.5999999999999943,28.0
8659,2005,10.0,magny_cours,False,0.0,False,0.0,False,albers,Dutch,minardi,20,17,4.0,0.0,17.0,7,0,9,3.899999999999992,26.0
8664,2005,11.0,silverstone,False,0.0,False,0.0,False,alonso,Spanish,renault,1,2,69.0,5.0,1.0,89,6,1,0.0,23.0
8667,2005,11.0,silverstone,False,0.0,False,,False,button,British,bar,,5,5.0,0.0,16.0,5,0,10,0.2999999999999971,25.0
8663,2005,11.0,silverstone,False,0.0,False,0.0,False,montoya,Colombian,mclaren,3,1,16.0,0.0,11.0,,3,2,0.5,29.0
8671,2005,11.0,silverstone,False,0.0,False,0.0,False,trulli,Italian,toyota,4,9,31.0,0.0,4.0,53,0,4,0.5999999999999943,30.0
8669,2005,11.0,silverstone,False,0.0,False,0.0,False,barrichello,Brazilian,ferrari,5,7,29.0,0.0,5.0,69,1,3,1.0,33.0
8666,2005,11.0,silverstone,False,0.0,False,0.0,False,fisichella,Italian,renault,6,4,20.0,1.0,9.0,89,6,1,1.0999999999999943,32.0
8678,2005,11.0,Auto%#,False,0.0,False,0.0,False,sato,Japanese,bar,7,16,0.0,0.0,23.0,5,0,10,1.1999999999999886,28.0
8670,2005,11.0,silverstone,False,0.0,False,0.0,False,ralf_schumacher,German,,8,8,22.0,0.0,8.0,53,0,4,1.2999999999999972,30.0
8668,2005,11.0,silverstone,False,0.0,False,0.0,False,michael_schumacher,German,ferrari,9,6,40.0,1.0,3.0,69,1,3,1.3999999999999917,36.0
,2005,11.0,silverstone,False,0.0,False,0.0,False,,Canadian,sauber,10,14,6.0,0.0,15.0,13,,7,1.5,34.0
,2005,11.0,silverstone,False,0.0,False,0.0,False,webber,Australian,williams,11,11,22.0,0.0,7.0,47,0,5,2.0999999999999943,28.0
8665,2005,11.0,silverstone,False,0.0,False,0.0,False,raikkonen,Finnish,mclaren,12,3,45.0,3.0,2.0,71,3,2,0.0,25.0
8675,2005,11.0,silverstone,False,0.0,False,0.0,False,coulthard,British,red_bull,13,13,17.0,0.0,10.0,22,0,6,2.1999999999999886,34.0
8674,2005,11.0,silverstone,False,0.0,False,0.0,False,heidfeld,German,williams,14,12,25.0,0.0,6.0,,0,5,2.1999999999999886,28.0
8677,2005,11.0,silverstone,False,0.0,False,0.0,False,klien,Austrian,,15,15,4.0,0.0,20.0,22,0,6,2.299999999999997,22.0
8672,2005,11.0,silverstone,False,0.0,False,0.0,False,massa,Brazilian,sauber,16,10,7.0,0.0,12.0,13,0,7,2.5999999999999943,24.0
8682,2005,11.0,silverstone,False,0.0,False,0.0,False,karthikeyan,Indian,jordan,17,20,5.0,0.0,17.0,11,0,8,3.6999999999999886,28.0
8680,2005,11.0,silverstone,False,0.0,False,0.0,False,albers,Dutch,minardi,18,18,4.0,0.0,18.0,7,0,9,4.699999999999989,26.0
8681,2005,11.0,silverstone,False,0.0,False,0.0,False,friesacher,Austrian,minardi,19,19,3.0,0.0,21.0,7,0,9,5.699999999999989,24.0
8702,2005,12.0,hockenheimring,,,True,0.0,True,raikkonen,Finnish,mclaren,1,20,51.0,3.0,2.0,87,4,2,0.0,25.0
8685,2005,12.0,hockenheimring,False,0.0,True,0.0,True,button,British,bar,2,3,9.0,0.0,12.0,9,0,9,0.5,25.0
8683,2005,12.0,hockenheimring,False,0.0,True,0.0,True,alonso,Spanish,renault,3,1,77.0,,1.0,102,6,Auto%#,0.6000000000000085,23.0
8686,2005,12.0,hockenheimring,False,0.0,True,0.0,True,fisichella,Italian,renault,4,4,25.0,1.0,7.0,102,6,1,0.6000000000000085,32.0
8687,2005,12.0,hockenheimring,False,0.0,True,0.0,True,michael_schumacher,German,ferrari,5,5,43.0,1.0,3.0,74,1,3,0.7000000000000028,36.0
8701,2005,12.0,hockenheimring,False,0.0,True,0.0,True,webber,Australian,williams,6,19,22.0,0.0,10.0,47,0,5,0.7999999999999972,28.0
8693,2005,12.0,hockenheimring,False,0.0,True,0.0,True,heidfeld,German,,7,11,25.0,0.0,8.0,47,0,5,,28.0
8694,2005,12.0,hockenheimring,False,0.0,True,0.0,True,sato,Japanese,bar,8,12,0.0,0.0,23.0,9,0,9,1.2000000000000028,28.0
8696,2005,12.0,hockenheimring,False,0.0,True,0.0,True,trulli,Italian,toyota,9,14,31.0,0.0,5.0,54,0,,1.2000000000000028,31.0
8691,2005,12.0,hockenheimring,False,0.0,True,0.0,True,klien,Austrian,red_bull,10,9,4.0,0.0,20.0,22,0,6,1.2999999999999972,22.0
8689,2005,12.0,hockenheimring,False,0.0,True,0.0,True,,British,red_bull,11,7,17.0,0.0,11.0,22,0,6,1.4000000000000057,34.0
8688,2005,12.0,hockenheimring,False,0.0,True,0.0,True,ralf_schumacher,German,toyota,12,6,23.0,0.0,9.0,54,0,4,1.4000000000000057,30.0
8690,2005,12.0,hockenheimring,False,,,0.0,True,massa,Brazilian,sauber,13,8,7.0,0.0,13.0,13,0,7,1.7000000000000028,24.0
8697,2005,12.0,hockenheimring,False,0.0,True,0.0,True,villeneuve,Canadian,sauber,14,15,6.0,0.0,16.0,13,0,7,1.7000000000000028,34.0
8692,2005,12.0,hockenheimring,False,0.0,True,0.0,True,barrichello,Brazilian,ferrari,15,10,31.0,0.0,4.0,74,1,3,1.9000000000000057,33.0
8695,2005,12.0,hockenheimring,False,0.0,True,0.0,True,albers,Dutch,minardi,16,13,4.0,0.0,18.0,7,,10,,26.0
,2005,12.0,hockenheimring,False,0.0,True,0.0,True,doornbos,Dutch,minardi,17,18,0.0,0.0,0.0,,0,10,4.0,23.0
8699,2005,12.0,hockenheimring,,0.0,True,0.0,True,monteiro,Portuguese,jordan,18,17,6.0,0.0,14.0,11,0,8,4.299999999999997,29.0
8704,2005,13.0,hungaroring,False,0.0,False,0.0,False,michael_schumacher,German,ferrari,1,2,47.0,1.0,3.0,78,1,3,0.0,36.0
8719,2005,13.0,hungaroring,False,0.0,False,0.0,False,montoya,Colombian,mclaren,2,17,34.0,1.0,4.0,95,4,2,0.8999999999999915,29.0
8706,2005,13.0,hungaroring,False,0.0,False,0.0,False,trulli,Italian,toyota,3,4,31.0,0.0,6.0,57,0,4,0.8999999999999915,
8703,2005,13.0,hungaroring,False,0.0,False,0.0,False,raikkonen,Finnish,mclaren,4,1,51.0,3.0,2.0,95,4,2,1.0,25.0
8705,2005,13.0,hungaroring,False,,False,0.0,False,ralf_schumacher,German,,5,3,26.0,0.0,,57,0,4,1.0999999999999943,30.0
8713,2005,13.0,hungaroring,False,0.0,False,0.0,False,alonso,Spanish,renault,6,11,87.0,6.0,1.0,117,7,1,1.1999999999999886,24.0
8712,2005,13.0,Auto%#,False,0.0,False,0.0,False,barrichello,Brazilian,ferrari,7,10,31.0,0.0,5.0,78,1,3,1.2999999999999972,33.0
8707,2005,13.0,hungaroring,False,0.0,False,0.0,False,button,British,bar,8,5,,0.0,12.0,15,0,7,1.3999999999999917,25.0
8711,2005,13.0,hungaroring,False,0.0,False,0.0,False,fisichella,Italian,renault,9,9,30.0,1.0,7.0,117,7,1,1.3999999999999917,32.0
8710,2005,13.0,hungaroring,False,0.0,False,0.0,False,sato,Japanese,bar,10,8,0.0,0.0,23.0,15,0,7,1.8999999999999917,28.0
8722,2005,13.0,hungaroring,False,0.0,False,0.0,False,klien,Austrian,red_bull,11,20,4.0,0.0,20.0,24,0,6,2.0,22.0
8708,2005,13.0,hungaroring,False,0.0,False,0.0,False,heidfeld,German,williams,12,6,25.0,0.0,9.0,47,0,5,2.1999999999999886,28.0
8721,2005,13.0,hungaroring,False,0.0,,0.0,False,coulthard,British,red_bull,13,19,19.0,0.0,11.0,24,0,Auto%#,2.3999999999999915,34.0
8716,2005,13.0,hungaroring,False,0.0,False,0.0,False,massa,Brazilian,sauber,14,14,8.0,0.0,13.0,14,0,8,2.6999999999999886,24.0
8718,2005,13.0,hungaroring,False,0.0,False,0.0,,villeneuve,Canadian,sauber,15,16,6.0,0.0,16.0,14,0,8,3.0,34.0
8709,2005,13.0,hungaroring,False,0.0,False,0.0,False,webber,Australian,,16,7,22.0,0.0,10.0,47,,5,3.5999999999999943,28.0
8717,2005,13.0,hungaroring,False,0.0,False,0.0,False,albers,Auto%#,minardi,17,15,4.0,0.0,,7,0,,4.5,26.0
8714,2005,13.0,,False,0.0,False,0.0,False,karthikeyan,Indian,jordan,18,12,5.0,0.0,,11,0,9,5.199999999999989,28.0
8720,2005,13.0,hungaroring,False,0.0,False,0.0,False,doornbos,Auto%#,minardi,19,18,0.0,0.0,24.0,7,0,10,,23.0
8723,2005,14.0,istanbul,False,0.0,False,0.0,False,raikkonen,Finnish,mclaren,1,1,61.0,4.0,2.0,105,5,2,0.0,25.0
,2005,14.0,istanbul,False,0.0,False,0.0,False,fisichella,Italian,renault,2,4,30.0,1.0,,117,7,1,0.2000000000000028,32.0
8724,2005,14.0,istanbul,False,0.0,False,0.0,False,alonso,Spanish,renault,3,2,87.0,6.0,1.0,117,7,1,0.2999999999999971,24.0
8725,2005,14.0,istanbul,False,0.0,False,0.0,False,montoya,Auto%#,mclaren,4,3,34.0,1.0,5.0,105,5,2,0.6000000000000085,29.0
8728,2005,14.0,istanbul,False,0.0,False,0.0,False,trulli,Italian,toyota,5,6,36.0,0.0,4.0,68,0,4,0.7000000000000028,31.0
8740,2005,14.0,Auto%#,False,0.0,False,0.0,False,heidfeld,German,williams,6,18,28.0,0.0,9.0,52,0,5,1.1000000000000083,28.0
8742,2005,14.0,istanbul,False,0.0,False,0.0,False,webber,Australian,williams,7,20,24.0,0.0,10.0,52,0,5,1.1000000000000083,28.0
8741,2005,14.0,istanbul,False,0.0,False,0.0,False,massa,Brazilian,sauber,8,19,8.0,0.0,13.0,14,0,8,,24.0
8734,2005,14.0,istanbul,False,0.0,False,0.0,False,ralf_schumacher,German,,9,12,32.0,0.0,6.0,68,0,4,1.7999999999999972,30.0
8730,2005,14.0,istanbul,False,0.0,False,0.0,False,klien,Austrian,,10,8,4.0,0.0,20.0,24,0,6,2.200000000000003,22.0
8732,2005,14.0,istanbul,False,0.0,False,0.0,False,barrichello,Brazilian,ferrari,11,10,31.0,0.0,7.0,86,1,3,2.6000000000000085,33.0
8729,2005,14.0,istanbul,False,0.0,False,0.0,False,coulthard,Auto%#,red_bull,12,7,19.0,0.0,12.0,24,0,6,3.0,34.0
8727,2005,14.0,istanbul,False,0.0,False,0.0,False,button,British,bar,,5,19.0,0.0,11.0,20,0,7,3.299999999999997,25.0
8737,2005,14.0,istanbul,False,0.0,False,0.0,False,monteiro,Portuguese,jordan,14,15,6.0,0.0,14.0,11,0,9,3.9000000000000057,29.0
8738,2005,14.0,istanbul,False,0.0,False,0.0,False,albers,Dutch,minardi,15,16,4.0,0.0,18.0,7,0,10,5.400000000000006,26.0
8743,2005,15.0,monza,True,0.0,False,0.0,False,montoya,Colombian,mclaren,1,1,40.0,1.0,4.0,121,6,2,0.0,29.0
8744,2005,15.0,monza,True,0.0,False,0.0,False,alonso,Spanish,renault,2,2,,6.0,1.0,130,7,1,0.2000000000000028,24.0
8750,2005,15.0,monza,,0.0,False,0.0,False,button,British,,3,8,23.0,0.0,11.0,24,0,7,0.3000000000000113,25.0
8758,2005,15.0,monza,True,0.0,False,0.0,False,sato,Japanese,bar,4,16,1.0,0.0,22.0,24,0,7,0.4000000000000057,28.0
8747,2005,15.0,monza,True,0.0,False,0.0,False,trulli,Italian,toyota,5,5,39.0,0.0,5.0,71,0,4,0.5,31.0
8752,2005,15.0,monza,,0.0,False,0.0,False,michael_schumacher,German,ferrari,,10,55.0,1.0,3.0,86,1,3,,36.0
8754,2005,15.0,monza,True,0.0,False,0.0,False,barrichello,Brazilian,ferrari,,12,31.0,0.0,8.0,86,1,3,0.9000000000000057,33.0
8745,2005,15.0,monza,True,0.0,False,0.0,False,fisichella,Italian,renault,8,3,35.0,1.0,6.0,130,7,1,1.0,32.0
8748,2005,15.0,monza,True,0.0,False,0.0,False,ralf_schumacher,German,toyota,9,6,32.0,0.0,7.0,71,0,4,1.2000000000000028,30.0
8757,2005,15.0,monza,True,0.0,False,0.0,False,coulthard,British,red_bull,10,15,21.0,0.0,,27,0,6,1.2000000000000028,34.0
,2005,15.0,monza,True,0.0,False,,False,raikkonen,Finnish,mclaren,11,4,71.0,5.0,2.0,121,6,2,-0.1999999999999886,25.0
8753,2005,15.0,monza,True,0.0,False,0.0,False,villeneuve,Canadian,sauber,12,11,6.0,0.0,16.0,14,0,8,1.3000000000000114,34.0
8755,2005,15.0,monza,True,,False,0.0,False,klien,Austrian,red_bull,13,13,5.0,0.0,18.0,27,0,6,1.4000000000000057,22.0
8756,2005,15.0,monza,True,0.0,False,0.0,False,webber,Australian,williams,14,14,24.0,0.0,10.0,52,0,5,1.5,29.0
8751,2005,15.0,monza,True,0.0,False,0.0,False,massa,Brazilian,sauber,15,9,8.0,0.0,13.0,,0,8,2.0,24.0
8749,2005,15.0,monza,True,0.0,False,0.0,False,pizzonia,Brazilian,williams,16,7,0.0,0.0,0.0,52,0,5,2.200000000000003,24.0
8759,2005,15.0,monza,True,0.0,False,0.0,False,monteiro,Portuguese,jordan,17,17,6.0,0.0,14.0,11,0,9,3.6000000000000085,29.0
8760,2005,15.0,monza,True,0.0,False,0.0,False,doornbos,Dutch,minardi,18,18,0.0,0.0,24.0,7,0,10,3.8000000000000114,23.0
8762,2005,15.0,monza,True,0.0,False,,False,karthikeyan,Indian,jordan,19,20,5.0,0.0,17.0,11,0,9,4.800000000000011,28.0
8761,2005,15.0,monza,True,0.0,False,0.0,False,albers,Dutch,minardi,20,19,4.0,0.0,19.0,7,0,10,5.900000000000006,26.0
8776,2005,16.0,spa,False,0.0,True,1.0,False,montoya,Colombian,mclaren,1,14,50.0,2.0,4.0,136,7,2,0.0,29.0
8763,2005,16.0,spa,False,0.0,True,1.0,False,raikkonen,Finnish,mclaren,2,1,76.0,5.0,2.0,136,7,2,0.0,25.0
8778,2005,16.0,spa,False,0.0,True,1.0,False,trulli,Italian,toyota,3,16,43.0,0.0,5.0,78,0,4,0.1999999999999886,31.0
8764,2005,16.0,Auto%#,False,0.0,True,1.0,False,alonso,Spanish,renault,,2,103.0,6.0,1.0,144,7,1,0.3999999999999915,24.0
8769,2005,16.0,spa,False,0.0,True,1.0,False,ralf_schumacher,German,toyota,5,7,35.0,0.0,,78,0,,1.0,30.0
8780,2005,16.0,spa,False,0.0,True,1.0,False,michael_schumacher,,ferrari,Auto%#,,55.0,1.0,3.0,86,1,3,,36.0
8772,2005,,spa,False,0.0,Auto%#,1.0,,massa,Brazilian,sauber,7,10,8.0,0.0,13.0,14,0,8,1.5,24.0
8765,2005,16.0,spa,False,0.0,True,1.0,False,button,British,bar,8,3,24.0,0.0,10.0,25,0,7,1.5999999999999943,25.0
8766,2005,16.0,spa,False,0.0,True,1.0,False,webber,Australian,williams,9,4,24.0,0.0,11.0,54,0,5,1.6999999999999886,29.0
8781,2005,16.0,spa,False,0.0,True,1.0,False,sato,Japanese,bar,10,19,1.0,0.0,23.0,,0,7,2.0,28.0
8779,2005,16.0,spa,False,0.0,True,1.0,False,coulthard,British,red_bull,11,17,21.0,0.0,12.0,27,0,6,2.0999999999999943,34.0
8767,2005,16.0,spa,False,0.0,True,1.0,,barrichello,Brazilian,ferrari,12,5,31.0,0.0,8.0,86,1,3,2.1999999999999886,33.0
8782,2005,16.0,spa,False,0.0,True,1.0,False,fisichella,Italian,renault,13,20,41.0,1.0,6.0,144,7,1,0.0999999999999943,32.0
8768,2005,16.0,spa,False,0.0,True,1.0,False,villeneuve,Canadian,sauber,14,6,,0.0,16.0,14,0,8,2.5,34.0
8777,2005,16.0,spa,False,0.0,True,1.0,False,pizzonia,Brazilian,williams,15,15,2.0,0.0,22.0,54,0,5,2.5,25.0
8771,2005,16.0,spa,False,0.0,True,1.0,False,klien,Austrian,red_bull,16,,5.0,0.0,18.0,27,0,6,,22.0
8775,2005,16.0,spa,False,0.0,True,1.0,False,doornbos,Dutch,minardi,17,13,0.0,0.0,25.0,7,0,,3.3999999999999915,23.0
8774,2005,16.0,spa,False,0.0,True,1.0,False,albers,Dutch,minardi,18,12,4.0,0.0,19.0,7,0,10,3.3999999999999915,26.0
8770,2005,16.0,spa,False,0.0,True,1.0,False,monteiro,Portuguese,jordan,19,,6.0,0.0,14.0,11,0,,5.099999999999994,29.0
8773,2005,16.0,spa,False,0.0,True,1.0,,karthikeyan,Indian,jordan,20,11,5.0,0.0,17.0,11,0,,5.299999999999997,28.0
8785,2005,17.0,interlagos,False,0.0,False,0.0,False,alonso,Spanish,renault,1,3,111.0,6.0,1.0,152,7,1,0.0,24.0
8783,2005,17.0,interlagos,False,0.0,False,0.0,False,montoya,Colombian,mclaren,2,1,50.0,2.0,4.0,146,8,2,0.0999999999999943,30.0
8787,2005,17.0,interlagos,False,,False,0.0,False,fisichella,Italian,renault,3,Auto%#,41.0,1.0,6.0,152,7,1,0.5999999999999943,32.0
8789,2005,17.0,interlagos,False,0.0,Auto%#,0.0,False,button,British,bar,4,7,30.0,0.0,9.0,31,0,6,0.7000000000000028,25.0
8784,2005,17.0,,False,0.0,False,0.0,False,raikkonen,Finnish,mclaren,5,2,86.0,6.0,,146,,2,0.7999999999999972,25.0
8791,2005,17.0,interlagos,False,,False,0.0,False,klien,Austrian,red_bull,6,9,5.0,0.0,18.0,27,0,7,0.9000000000000057,22.0
8786,2005,17.0,interlagos,False,0.0,False,,False,michael_schumacher,German,ferrari,7,4,55.0,1.0,3.0,90,1,3,1.0,36.0
8793,2005,17.0,Auto%#,False,0.0,False,0.0,False,massa,Brazilian,sauber,8,11,8.0,0.0,14.0,17,0,8,1.2000000000000028,24.0
8788,2005,17.0,interlagos,False,0.0,False,0.0,False,barrichello,Brazilian,ferrari,9,6,35.0,,8.0,90,1,3,1.2000000000000028,
8790,2005,,Auto%#,False,0.0,False,0.0,False,ralf_schumacher,German,toyota,10,8,37.0,0.0,7.0,80,0,4,1.2999999999999972,30.0
8797,2005,17.0,interlagos,False,,False,0.0,False,monteiro,Portuguese,jordan,11,16,7.0,0.0,15.0,12,0,9,1.4000000000000057,29.0
8798,2005,,interlagos,False,0.0,False,0.0,False,,Australian,williams,12,17,29.0,0.0,10.0,59,0,5,1.5,29.0
8800,2005,17.0,interlagos,False,0.0,False,0.0,False,pizzonia,Brazilian,williams,13,19,2.0,0.0,22.0,59,0,5,1.5999999999999943,25.0
8801,2005,17.0,interlagos,False,0.0,False,0.0,False,coulthard,British,red_bull,14,20,21.0,0.0,12.0,27,0,7,1.7999999999999972,34.0
8796,2005,17.0,interlagos,False,0.0,False,0.0,False,karthikeyan,Indian,jordan,15,15,5.0,0.0,17.0,12,0,9,2.5,28.0
8795,2005,17.0,interlagos,False,0.0,Auto%#,0.0,False,albers,Auto%#,minardi,16,14,4.0,0.0,,7,0,10,2.799999999999997,26.0
8794,2005,17.0,interlagos,False,0.0,False,0.0,False,trulli,,toyota,17,13,43.0,0.0,5.0,80,0,4,1.0,31.0
8809,2005,18.0,suzuka,False,0.0,True,0.0,True,ralf_schumacher,German,,1,8,38.0,0.0,8.0,81,0,4,0.0,30.0
8806,2005,18.0,suzuka,False,0.0,True,0.0,True,button,British,bar,2,5,32.0,0.0,9.0,33,0,6,0.0,25.0
8803,2005,18.0,suzuka,False,,True,0.0,True,fisichella,Italian,renault,,2,45.0,1.0,5.0,162,,2,0.2000000000000028,32.0
8810,2005,18.0,suzuka,False,0.0,True,0.0,True,klien,Austrian,red_bull,4,9,5.0,0.0,18.0,27,0,7,0.4000000000000057,22.0
8821,2005,18.0,suzuka,False,0.0,True,0.0,True,sato,Japanese,bar,5,20,1.0,0.0,23.0,33,0,6,0.7000000000000028,28.0
8807,2005,18.0,suzuka,False,0.0,True,0.0,True,coulthard,British,red_bull,,,21.0,0.0,12.0,27,0,7,0.8000000000000114,34.0
8805,2005,18.0,suzuka,False,0.0,True,0.0,True,,Australian,williams,7,,29.0,,10.0,59,0,5,1.1000000000000083,29.0
,2005,18.0,suzuka,False,0.0,True,0.0,Auto%#,villeneuve,Canadian,sauber,8,12,9.0,0.0,,17,0,,1.3000000000000114,34.0
8812,2005,18.0,suzuka,False,0.0,True,0.0,True,barrichello,Brazilian,ferrari,9,11,38.0,0.0,7.0,98,1,3,2.1000000000000085,33.0
8811,2005,18.0,suzuka,False,0.0,True,0.0,True,massa,Brazilian,sauber,10,10,8.0,0.0,14.0,17,0,8,2.200000000000003,24.0
8816,2005,18.0,suzuka,False,0.0,True,0.0,,karthikeyan,Indian,jordan,11,15,5.0,0.0,17.0,12,0,9,2.6000000000000085,28.0
8818,2005,18.0,suzuka,False,0.0,True,0.0,True,pizzonia,Brazilian,williams,12,17,2.0,0.0,22.0,59,0,5,2.800000000000012,25.0
8817,2005,18.0,suzuka,False,0.0,True,0.0,True,albers,Dutch,minardi,13,16,4.0,0.0,,7,0,10,4.700000000000003,26.0
8808,2005,,suzuka,False,0.0,True,0.0,True,michael_schumacher,German,ferrari,14,7,60.0,1.0,4.0,98,1,3,6.6000000000000085,36.0
8815,2005,18.0,suzuka,False,0.0,True,0.0,True,doornbos,Dutch,minardi,15,14,0.0,0.0,25.0,7,0,10,6.800000000000011,24.0
8804,2005,18.0,suzuka,False,0.0,True,0.0,True,alonso,Spanish,renault,16,3,117.0,6.0,,162,7,2,8.600000000000009,24.0
8802,2005,18.0,suzuka,False,0.0,True,0.0,True,,Finnish,mclaren,17,1,94.0,6.0,2.0,164,9,1,16.200000000000003,25.0
8822,2005,19.0,shanghai,True,0.0,False,0.0,False,alonso,Spanish,,1,1,123.0,6.0,1.0,176,7,1,0.0,24.0
8825,2005,19.0,shanghai,True,0.0,False,0.0,False,fisichella,Italian,renault,2,4,53.0,1.0,5.0,176,7,1,0.3000000000000113,32.0
8823,2005,19.0,shanghai,True,0.0,False,0.0,False,raikkonen,Finnish,mclaren,3,2,104.0,7.0,2.0,174,10,2,0.4000000000000057,25.0
8829,2005,19.0,shanghai,True,0.0,False,0.0,False,button,British,bar,4,8,36.0,0.0,,37,0,6,0.7000000000000028,25.0
8840,2005,19.0,shanghai,True,0.0,False,,False,montoya,Colombian,mclaren,5,19,60.0,3.0,4.0,174,10,2,1.1000000000000083,30.0
8841,2005,19.0,shanghai,True,0.0,False,0.0,False,michael_schumacher,,ferrari,6,20,62.0,1.0,3.0,100,1,3,1.2000000000000028,36.0
8830,2005,,shanghai,True,0.0,False,0.0,False,coulthard,British,red_bull,7,9,24.0,0.0,12.0,30,0,7,1.3000000000000114,34.0
8833,2005,19.0,shanghai,True,0.0,False,0.0,False,barrichello,Brazilian,ferrari,8,12,38.0,0.0,8.0,100,1,3,1.5,33.0
8824,2005,19.0,shanghai,True,0.0,False,0.0,False,,German,toyota,9,3,39.0,0.0,7.0,82,0,Auto%#,1.6000000000000083,30.0
8828,2005,19.0,shanghai,True,0.0,False,0.0,False,webber,Australian,williams,10,7,34.0,0.0,10.0,64,0,5,1.6000000000000083,29.0
8827,2005,,shanghai,True,0.0,False,0.0,False,massa,Brazilian,sauber,11,6,8.0,0.0,14.0,17,0,8,1.8000000000000114,24.0
8836,2005,19.0,shanghai,True,0.0,False,0.0,False,trulli,Italian,toyota,12,15,43.0,0.0,6.0,82,0,4,1.9000000000000057,31.0
8834,2005,19.0,shanghai,True,0.0,False,0.0,False,pizzonia,Brazilian,williams,13,13,2.0,0.0,22.0,64,0,5,2.300000000000012,25.0
8826,2005,19.0,shanghai,True,0.0,False,0.0,False,klien,Austrian,red_bull,14,5,5.0,0.0,18.0,30,0,7,2.4000000000000057,22.0
8839,,19.0,shanghai,True,0.0,False,0.0,False,karthikeyan,Indian,jordan,15,18,5.0,0.0,17.0,12,0,9,2.6000000000000085,28.0
8831,2005,19.0,shanghai,True,0.0,False,0.0,False,villeneuve,Canadian,sauber,16,10,9.0,0.0,13.0,17,0,8,2.700000000000003,
8838,2005,,shanghai,True,0.0,False,0.0,False,sato,Japanese,bar,17,17,1.0,0.0,23.0,37,0,6,3.0,28.0
8837,2005,19.0,shanghai,True,0.0,False,0.0,False,albers,Dutch,minardi,18,16,4.0,0.0,19.0,7,0,10,5.0,26.0
8832,2005,19.0,shanghai,True,0.0,False,0.0,False,monteiro,Portuguese,jordan,19,11,7.0,0.0,15.0,12,0,9,5.1000000000000085,29.0
8835,2005,19.0,shanghai,True,0.0,,0.0,False,doornbos,Dutch,minardi,20,14,0.0,0.0,25.0,7,0,10,5.400000000000006,24.0
8843,2006,1.0,bahrain,False,0.0,True,0.0,False,michael_schumacher,German,ferrari,Auto%#,2,0.0,,0.0,0,0,0,0.0,37.0
8850,2006,1.0,bahrain,False,0.0,True,0.0,False,massa,Brazilian,ferrari,2,9,0.0,0.0,0.0,0,0,0,0.0999999999999943,24.0
8845,2006,1.0,bahrain,False,0.0,True,0.0,False,button,British,honda,Auto%#,4,0.0,0.0,0.0,0,0,0,0.0999999999999943,26.0
8842,2006,1.0,bahrain,False,0.0,True,0.0,False,alonso,Spanish,renault,4,1,0.0,0.0,0.0,0,0,0,0.2999999999999971,24.0
8846,2006,1.0,bahrain,False,0.0,True,0.0,False,montoya,,mclaren,5,5,0.0,0.0,0.0,0,0,0,0.7999999999999972,30.0
8856,2006,1.0,bahrain,False,0.0,True,0.0,False,barrichello,Brazilian,honda,6,15,0.0,0.0,0.0,0,0,0,1.1999999999999886,33.0
8847,2006,1.0,bahrain,False,0.0,Auto%#,,False,webber,Australian,williams,,6,0.0,0.0,0.0,0,0,0,1.5999999999999943,29.0
8849,2006,1.0,bahrain,False,0.0,True,0.0,False,klien,Austrian,red_bull,8,8,0.0,0.0,0.0,0,0,0,1.6999999999999886,23.0
8862,2006,1.0,bahrain,False,0.0,True,0.0,False,fisichella,Italian,renault,9,21,0.0,0.0,0.0,0,0,0,2.0999999999999943,33.0
8853,2006,1.0,bahrain,False,0.0,True,0.0,False,heidfeld,German,bmw_sauber,10,12,0.0,0.0,0.0,0,0,Auto%#,2.5,28.0
8861,2006,1.0,bahrain,False,0.0,True,0.0,False,villeneuve,Canadian,bmw_sauber,11,20,0.0,0.0,0.0,0,0,0,1.0999999999999943,34.0
8848,2006,1.0,bahrain,False,0.0,True,0.0,False,rosberg,German,williams,12,7,0.0,0.0,0.0,0,0,0,1.1999999999999886,20.0
8851,2006,1.0,bahrain,,0.0,True,0.0,False,coulthard,British,Auto%#,13,10,0.0,0.0,0.0,0,0,0,1.3999999999999917,34.0
8857,2006,1.0,bahrain,False,0.0,True,0.0,False,trulli,Italian,toyota,14,16,0.0,0.0,,0,0,0,1.6999999999999886,31.0
8852,2006,1.0,bahrain,,0.0,True,0.0,False,liuzzi,Italian,toro_rosso,15,11,0.0,0.0,0.0,0,0,0,2.0,25.0
8854,2006,1.0,bahrain,False,0.0,True,0.0,False,speed,American,toro_rosso,16,13,0.0,,0.0,0,0,0,3.1999999999999886,23.0
8855,2006,1.0,bahrain,False,0.0,True,0.0,False,ralf_schumacher,German,toyota,17,14,0.0,0.0,0.0,0,0,0,3.299999999999997,30.0
8863,2006,1.0,bahrain,False,0.0,True,0.0,False,albers,Dutch,mf1,18,22,0.0,0.0,0.0,0,0,0,4.299999999999997,26.0
8858,2006,1.0,bahrain,False,0.0,True,0.0,False,monteiro,Portuguese,mf1,19,17,0.0,0.0,0.0,0,0,0,4.5,29.0
8859,2006,1.0,bahrain,False,0.0,True,0.0,False,sato,Japanese,super_aguri,20,18,0.0,0.0,0.0,0,0,0,6.0,29.0
8860,2006,1.0,bahrain,False,0.0,True,0.0,False,ide,Japanese,super_aguri,21,19,,0.0,0.0,0,,0,8.899999999999991,31.0
8864,2006,2.0,sepang,False,0.0,False,0.0,False,fisichella,Italian,renault,1,1,0.0,0.0,0.0,10,1,1,0.0,33.0
8866,2006,2.0,Auto%#,False,0.0,False,0.0,False,button,British,honda,2,3,5.0,0.0,4.0,5,0,4,0.2000000000000028,26.0
,,2.0,sepang,False,0.0,False,0.0,False,rosberg,German,williams,3,21,2.0,0.0,7.0,5,0,5,0.7999999999999972,20.0
8882,2006,2.0,sepang,False,0.0,False,0.0,,webber,Australian,williams,4,19,3.0,0.0,6.0,5,0,5,0.9000000000000057,29.0
8867,2006,2.0,sepang,False,0.0,False,0.0,False,montoya,Colombian,mclaren,5,4,4.0,,5.0,10,0,2,1.1000000000000083,30.0
8885,2006,2.0,sepang,False,0.0,False,0.0,False,raikkonen,Finnish,mclaren,,22,6.0,0.0,3.0,10,0,2,1.2000000000000028,26.0
8865,2006,2.0,sepang,False,0.0,False,0.0,False,alonso,Spanish,renault,7,2,10.0,1.0,1.0,10,1,1,1.9000000000000057,24.0
8881,2006,2.0,sepang,False,0.0,False,0.0,False,klien,Austrian,red_bull,8,18,1.0,0.0,8.0,1,0,6,4.900000000000006,23.0
8872,2006,2.0,sepang,False,0.0,False,0.0,False,trulli,Italian,toyota,9,9,0.0,0.0,16.0,0,0,9,,31.0
8870,2006,2.0,sepang,False,0.0,False,0.0,False,,Canadian,bmw_sauber,10,7,0.0,0.0,0.0,0,0,8,1.0,34.0
8878,2006,2.0,sepang,False,0.0,False,0.0,False,heidfeld,German,bmw_sauber,11,15,0.0,,12.0,0,0,8,1.0,28.0
8879,2006,2.0,sepang,False,0.0,False,0.0,False,speed,American,toro_rosso,12,16,0.0,0.0,13.0,0,0,7,2.5,23.0
8874,2006,2.0,sepang,False,0.0,False,0.0,False,liuzzi,Italian,toro_rosso,13,11,,0.0,11.0,0,0,7,2.799999999999997,25.0
8869,2006,2.0,sepang,False,0.0,False,0.0,False,michael_schumacher,German,ferrari,14,6,8.0,0.0,,8,0,3,0.9000000000000057,37.0
8875,2006,2.0,sepang,False,0.0,False,0.0,False,albers,Dutch,mf1,15,12,0.0,0.0,0.0,0,0,10,3.6000000000000085,26.0
8876,2006,2.0,sepang,False,0.0,False,0.0,False,monteiro,Portuguese,mf1,16,13,0.0,0.0,17.0,0,0,10,4.0,29.0
8877,2006,2.0,sepang,False,0.0,False,0.0,False,sato,Japanese,super_aguri,17,14,0.0,0.0,18.0,0,0,11,5.200000000000003,29.0
8880,2006,2.0,sepang,False,0.0,False,0.0,False,ide,Japanese,,18,17,0.0,0.0,0.0,0,0,11,6.900000000000006,31.0
8883,2006,2.0,sepang,False,0.0,False,0.0,False,coulthard,British,red_bull,19,20,0.0,0.0,10.0,1,0,6,0.7999999999999972,34.0
8873,2006,2.0,sepang,False,0.0,False,0.0,False,barrichello,Brazilian,honda,20,10,0.0,0.0,15.0,5,0,4,0.9000000000000057,33.0
8895,2006,3.0,albert_park,True,0.0,False,0.0,Auto%#,button,British,honda,1,10,11.0,0.0,3.0,11,0,4,0.0,26.0
8890,2006,3.0,albert_park,True,0.0,False,0.0,True,fisichella,Italian,renault,,5,10.0,1.0,4.0,28,2,1,0.3999999999999915,33.0
8886,2006,3.0,albert_park,True,0.0,False,0.0,True,alonso,Spanish,renault,3,1,18.0,1.0,1.0,28,2,1,0.5999999999999943,24.0
,2006,3.0,albert_park,True,0.0,,0.0,True,raikkonen,Finnish,mclaren,4,2,6.0,,6.0,15,0,3,0.5999999999999943,26.0
8899,2006,3.0,albert_park,True,0.0,False,0.0,True,montoya,Colombian,mclaren,5,14,9.0,0.0,5.0,15,0,3,0.7999999999999972,30.0
8888,2006,3.0,albert_park,True,0.0,False,0.0,True,ralf_schumacher,German,toyota,6,3,1.0,0.0,11.0,1,,7,1.3999999999999917,30.0
8903,2006,3.0,albert_park,True,0.0,False,0.0,True,webber,Australian,williams,7,18,3.0,0.0,8.0,5,0,5,1.7000000000000028,29.0
8889,2006,3.0,albert_park,True,0.0,,0.0,True,heidfeld,German,bmw_sauber,8,4,0.0,0.0,18.0,2,0,6,2.3999999999999915,28.0
8902,2006,3.0,albert_park,True,0.0,False,0.0,True,michael_schumacher,German,ferrari,10,17,11.0,0.0,2.0,15,0,2,1.5,37.0
8893,2006,3.0,albert_park,True,0.0,False,0.0,True,coulthard,British,red_bull,11,8,0.0,0.0,15.0,1,0,8,1.7999999999999972,35.0
8901,2006,,albert_park,True,0.0,False,0.0,True,liuzzi,Italian,toro_rosso,12,16,0.0,0.0,16.0,0,0,9,2.0,25.0
8904,2006,3.0,albert_park,True,0.0,,0.0,True,klien,Austrian,red_bull,13,,1.0,0.0,12.0,1,0,8,2.3999999999999915,23.0
8906,2006,3.0,albert_park,True,0.0,False,0.0,True,rosberg,German,williams,14,21,2.0,0.0,9.0,5,0,5,4.200000000000003,20.0
8892,2006,3.0,albert_park,True,0.0,False,0.0,True,barrichello,Brazilian,Auto%#,16,7,0.0,0.0,14.0,11,0,4,4.700000000000003,33.0
8896,2006,3.0,albert_park,True,0.0,False,0.0,True,albers,Dutch,mf1,17,11,0.0,0.0,17.0,0,0,10,5.0,26.0
8894,2006,3.0,albert_park,True,0.0,False,0.0,True,speed,American,toro_rosso,18,9,0.0,0.0,20.0,0,0,9,5.200000000000003,23.0
8891,2006,3.0,albert_park,True,0.0,False,0.0,True,villeneuve,Canadian,bmw_sauber,19,6,2.0,0.0,10.0,2,0,6,4.0,
8900,2006,3.0,albert_park,True,0.0,False,0.0,True,monteiro,Portuguese,mf1,20,15,0.0,0.0,19.0,0,0,10,5.5,29.0
8897,2006,3.0,albert_park,True,0.0,False,0.0,True,sato,Japanese,super_aguri,21,12,0.0,0.0,21.0,0,0,11,7.099999999999994,29.0
8898,2006,3.0,albert_park,True,0.0,False,0.0,True,ide,Japanese,super_aguri,22,13,0.0,0.0,0.0,0,0,11,11.0,31.0
8908,2006,,imola,True,0.0,False,0.0,False,michael_schumacher,German,ferrari,1,1,11.0,0.0,4.0,15,0,3,0.0,37.0
8914,2006,4.0,imola,True,0.0,False,0.0,False,button,British,honda,2,7,11.0,0.0,,13,0,4,0.2000000000000028,26.0
8917,2006,4.0,imola,True,0.0,False,0.0,False,barrichello,Brazilian,honda,3,10,2.0,0.0,12.0,13,0,4,0.4000000000000057,33.0
8911,2006,4.0,imola,True,0.0,False,0.0,False,massa,Brazilian,ferrari,4,4,4.0,0.0,,15,0,3,0.9000000000000057,24.0
8909,2006,4.0,imola,True,0.0,Auto%#,0.0,False,alonso,Spanish,renault,5,2,28.0,2.0,1.0,42,3,1,0.9000000000000057,24.0
8916,2006,4.0,imola,True,0.0,False,0.0,False,ralf_schumacher,German,toyota,6,9,7.0,0.0,7.0,7,0,6,1.0,30.0
8910,2006,4.0,imola,True,0.0,False,0.0,False,montoya,Colombian,,7,3,9.0,0.0,6.0,23,0,2,1.2000000000000028,30.0
,2006,4.0,imola,True,,False,0.0,False,raikkonen,,mclaren,8,5,14.0,0.0,3.0,23,0,2,1.4000000000000057,26.0
8928,2006,4.0,imola,True,0.0,False,0.0,False,trulli,Italian,toyota,9,21,0.0,0.0,17.0,7,0,6,1.4000000000000057,31.0
8913,2006,4.0,imola,True,0.0,False,0.0,False,webber,Australian,williams,10,6,3.0,0.0,11.0,5,0,7,2.0,29.0
8915,2006,4.0,imola,True,0.0,False,0.0,False,fisichella,Italian,renault,11,8,14.0,1.0,2.0,42,3,1,1.0,33.0
8919,2006,4.0,imola,True,0.0,False,0.0,False,villeneuve,Canadian,bmw_sauber,12,12,,0.0,9.0,10,0,5,1.1000000000000083,35.0
8918,2006,4.0,imola,True,0.0,,0.0,False,rosberg,German,williams,13,11,2.0,0.0,13.0,5,0,7,1.2000000000000028,20.0
8924,2006,4.0,imola,True,0.0,False,0.0,False,coulthard,British,red_bull,14,17,1.0,0.0,14.0,2,0,8,1.2999999999999972,35.0
8920,,4.0,imola,True,0.0,False,0.0,False,heidfeld,German,bmw_sauber,15,13,5.0,0.0,8.0,10,0,5,1.2999999999999972,28.0
8921,2006,4.0,imola,True,0.0,False,0.0,False,liuzzi,Italian,toro_rosso,16,14,0.0,,18.0,0,0,9,1.7000000000000028,25.0
8926,2006,4.0,imola,True,0.0,False,0.0,False,klien,Austrian,red_bull,17,19,1.0,0.0,15.0,2,0,8,2.6000000000000085,23.0
8922,2006,4.0,imola,,0.0,False,0.0,False,speed,American,toro_rosso,18,15,0.0,0.0,16.0,0,0,9,2.6000000000000085,23.0
8923,2006,4.0,imola,True,0.0,False,0.0,False,monteiro,Portuguese,mf1,19,16,0.0,0.0,21.0,0,0,10,,29.0
8929,2006,4.0,imola,True,0.0,False,,False,albers,Dutch,mf1,20,22,0.0,0.0,19.0,0,,10,4.299999999999997,27.0
8925,2006,4.0,imola,,0.0,False,0.0,False,sato,Japanese,super_aguri,21,18,0.0,0.0,20.0,0,0,11,4.799999999999997,29.0
8927,2006,4.0,imola,True,0.0,False,0.0,False,ide,Japanese,super_aguri,22,20,0.0,0.0,22.0,0,0,11,6.5,31.0
8931,2006,5.0,nurburgring,False,0.0,False,,False,alonso,Auto%#,renault,1,2,36.0,2.0,1.0,51,3,1,0.0,24.0
8930,2006,5.0,nurburgring,False,0.0,False,0.0,False,michael_schumacher,German,ferrari,2,1,21.0,1.0,2.0,30,1,3,0.2000000000000028,37.0
8932,2006,5.0,nurburgring,False,0.0,Auto%#,0.0,False,massa,Brazilian,ferrari,3,3,9.0,0.0,7.0,30,1,3,0.6000000000000085,25.0
8934,2006,5.0,nurburgring,False,,False,0.0,False,barrichello,Brazilian,honda,4,5,2.0,0.0,12.0,15,0,4,1.0,33.0
8933,2006,5.0,nurburgring,False,0.0,False,0.0,False,raikkonen,Finnish,mclaren,5,4,18.0,0.0,3.0,33,0,2,1.1000000000000083,26.0
8947,2006,5.0,nurburgring,False,,False,0.0,False,button,British,honda,6,18,13.0,0.0,6.0,15,0,4,1.1000000000000083,26.0
8938,2006,5.0,nurburgring,False,0.0,False,0.0,False,trulli,Italian,toyota,7,9,0.0,0.0,17.0,7,0,7,1.6000000000000083,31.0
8944,2006,5.0,nurburgring,False,0.0,False,0.0,False,montoya,Colombian,mclaren,8,15,15.0,0.0,,33,0,2,2.1000000000000085,30.0
8937,2006,,nurburgring,False,0.0,False,0.0,False,villeneuve,Canadian,bmw_sauber,9,8,5.0,0.0,11.0,10,0,5,7.200000000000003,35.0
,2006,5.0,nurburgring,False,0.0,False,0.0,False,ralf_schumacher,German,toyota,,14,7.0,0.0,8.0,7,0,7,1.1000000000000083,30.0
8935,2006,5.0,nurburgring,False,0.0,False,0.0,False,fisichella,Italian,renault,11,6,15.0,1.0,4.0,51,3,1,1.4000000000000057,33.0
8950,2006,5.0,nurburgring,False,0.0,Auto%#,0.0,False,coulthard,British,red_bull,12,21,1.0,0.0,14.0,2,0,8,1.4000000000000057,35.0
8939,2006,5.0,nurburgring,False,,,0.0,False,heidfeld,German,bmw_sauber,13,10,5.0,0.0,10.0,10,0,,1.6000000000000083,28.0
,2006,5.0,nurburgring,False,0.0,False,0.0,False,liuzzi,,toro_rosso,14,,0.0,0.0,18.0,0,0,9,1.9000000000000057,25.0
8948,2006,5.0,nurburgring,False,0.0,False,0.0,False,klien,Austrian,red_bull,15,19,,0.0,15.0,2,0,8,,23.0
8942,2006,5.0,nurburgring,False,0.0,False,0.0,False,albers,Dutch,mf1,16,13,0.0,0.0,19.0,0,0,10,3.1000000000000085,27.0
8940,2006,5.0,nurburgring,False,0.0,False,0.0,False,speed,American,toro_rosso,17,11,0.0,0.0,16.0,0,0,9,3.200000000000003,23.0
8941,2006,5.0,nurburgring,False,0.0,False,0.0,False,monteiro,Portuguese,mf1,18,12,0.0,0.0,21.0,0,0,10,3.9000000000000057,29.0
8949,2006,5.0,nurburgring,False,0.0,False,0.0,False,webber,Australian,williams,19,,6.0,0.0,9.0,8,0,6,3.6000000000000085,29.0
8945,2006,5.0,nurburgring,False,0.0,False,0.0,False,sato,Japanese,super_aguri,20,16,0.0,0.0,20.0,0,0,11,5.400000000000006,29.0
8946,2006,5.0,nurburgring,False,0.0,False,0.0,False,montagny,French,super_aguri,21,17,0.0,,0.0,0,0,11,16.700000000000003,28.0
8936,2006,5.0,nurburgring,False,0.0,False,0.0,False,rosberg,German,williams,22,7,2.0,0.0,13.0,8,0,6,1.4000000000000057,20.0
8952,2006,6.0,catalunya,True,0.0,Auto%#,0.0,False,alonso,Spanish,renault,1,1,44.0,2.0,1.0,62,3,1,0.0,24.0
8954,2006,6.0,catalunya,True,0.0,False,0.0,False,fisichella,Italian,renault,2,3,18.0,1.0,4.0,62,3,1,0.1000000000000085,33.0
8953,2006,6.0,catalunya,,0.0,False,0.0,False,michael_schumacher,German,ferrari,3,2,31.0,2.0,2.0,46,2,2,0.4000000000000057,37.0
8955,2006,6.0,catalunya,True,0.0,False,0.0,Auto%#,massa,Brazilian,ferrari,4,4,15.0,0.0,5.0,46,2,2,0.8000000000000114,25.0
8958,2006,6.0,catalunya,True,0.0,False,0.0,False,barrichello,,honda,5,7,6.0,0.0,9.0,19,,4,1.3000000000000114,33.0
8971,2006,6.0,catalunya,True,0.0,False,0.0,False,ralf_schumacher,German,,6,20,7.0,0.0,8.0,7,0,7,1.3000000000000114,30.0
8961,2006,6.0,catalunya,True,0.0,False,0.0,False,trulli,Italian,toyota,7,10,0.0,0.0,16.0,7,0,7,1.4000000000000057,31.0
8957,2006,6.0,catalunya,,0.0,False,0.0,False,button,British,honda,8,6,13.0,0.0,,19,0,4,1.4000000000000057,26.0
8956,2006,6.0,catalunya,True,0.0,False,0.0,False,raikkonen,Finnish,mclaren,9,5,23.0,0.0,3.0,38,0,3,1.4000000000000057,26.0
8959,2006,6.0,catalunya,True,0.0,False,0.0,False,heidfeld,German,bmw_sauber,10,8,5.0,0.0,12.0,11,0,5,2.5,29.0
8960,2006,6.0,catalunya,True,0.0,False,0.0,False,webber,Australian,williams,11,9,,0.0,10.0,10,0,6,0.9000000000000057,29.0
,2006,6.0,catalunya,True,0.0,False,0.0,False,montoya,Colombian,mclaren,12,21,15.0,0.0,6.0,38,0,Auto%#,1.2000000000000028,30.0
8962,2006,6.0,catalunya,True,0.0,False,0.0,False,rosberg,German,williams,13,11,4.0,0.0,13.0,10,0,6,1.2000000000000028,20.0
8964,2006,6.0,catalunya,True,0.0,False,0.0,False,klien,Austrian,red_bull,14,13,1.0,0.0,15.0,2,0,8,1.3000000000000114,23.0
8966,2006,6.0,catalunya,True,0.0,False,0.0,False,liuzzi,Italian,toro_rosso,15,15,0.0,0.0,18.0,0,0,9,2.1000000000000085,25.0
8970,2006,6.0,catalunya,True,0.0,False,0.0,False,,American,toro_rosso,16,19,0.0,,17.0,0,0,9,2.800000000000012,23.0
8967,2006,6.0,,True,0.0,False,0.0,False,monteiro,Portuguese,mf1,17,16,0.0,0.0,20.0,0,0,10,3.1000000000000085,29.0
8969,2006,6.0,catalunya,True,0.0,False,0.0,Auto%#,albers,Dutch,mf1,18,18,0.0,0.0,19.0,0,0,10,3.4000000000000057,27.0
8968,2006,6.0,catalunya,True,0.0,False,0.0,False,sato,,super_aguri,19,17,0.0,0.0,21.0,0,0,11,4.300000000000011,29.0
8973,2006,6.0,catalunya,True,0.0,False,0.0,False,montagny,French,super_aguri,20,22,0.0,0.0,0.0,0,0,11,6.200000000000003,28.0
8963,2006,6.0,catalunya,True,0.0,False,0.0,False,villeneuve,Canadian,bmw_sauber,22,12,6.0,0.0,11.0,11,0,5,1.2000000000000028,35.0
8974,2006,7.0,monaco,True,0.0,False,0.0,False,alonso,,renault,1,1,54.0,3.0,1.0,78,4,1,0.0,24.0
8993,2006,7.0,monaco,True,0.0,False,0.0,False,,Australian,williams,2,21,6.0,0.0,11.0,10,0,6,0.0999999999999943,29.0
8992,2006,7.0,monaco,True,0.0,False,0.0,False,raikkonen,Finnish,mclaren,3,20,27.0,0.0,3.0,42,0,3,0.0999999999999943,26.0
8975,2006,7.0,monaco,True,0.0,False,,False,montoya,Colombian,mclaren,4,2,15.0,0.0,7.0,42,0,3,0.7000000000000028,30.0
8977,,7.0,,True,0.0,False,0.0,False,barrichello,Brazilian,honda,5,4,8.0,0.0,8.0,24,0,4,,34.0
8989,2006,7.0,Auto%#,True,0.0,False,0.0,False,trulli,Italian,toyota,6,17,0.0,0.0,16.0,7,0,7,1.9000000000000057,31.0
8976,2006,7.0,monaco,True,0.0,False,0.0,False,coulthard,British,red_bull,7,3,1.0,0.0,14.0,2,0,8,2.4000000000000057,35.0
8991,2006,7.0,monaco,True,,False,0.0,False,rosberg,German,williams,8,19,4.0,0.0,13.0,10,0,6,2.5999999999999943,20.0
8978,2006,7.0,monaco,True,0.0,False,0.0,False,fisichella,Italian,renault,9,6,24.0,1.0,4.0,78,4,1,3.299999999999997,33.0
8980,2006,7.0,monaco,True,0.0,False,0.0,False,ralf_schumacher,German,toyota,10,8,7.0,0.0,9.0,7,0,7,0.4000000000000057,30.0
8990,2006,7.0,monaco,True,0.0,False,0.0,False,klien,Austrian,red_bull,11,18,1.0,0.0,15.0,2,0,8,0.7000000000000028,23.0
8982,2006,7.0,monaco,True,0.0,False,0.0,False,liuzzi,Italian,toro_rosso,12,10,0.0,0.0,18.0,0,0,9,1.0,25.0
8983,2006,7.0,monaco,True,0.0,False,0.0,False,button,British,honda,13,11,16.0,0.0,6.0,24,0,4,1.0,26.0
8986,2006,7.0,monaco,True,0.0,False,0.0,False,villeneuve,Canadian,bmw_sauber,Auto%#,14,6.0,0.0,12.0,12,0,5,1.0999999999999943,35.0
8979,2006,7.0,monaco,True,0.0,False,0.0,False,heidfeld,German,bmw_sauber,15,7,6.0,0.0,10.0,12,0,5,1.0999999999999943,29.0
8984,2006,7.0,monaco,True,0.0,False,0.0,False,albers,Dutch,Auto%#,16,12,0.0,0.0,19.0,0,0,10,1.5999999999999943,27.0
8987,2006,7.0,monaco,True,0.0,False,0.0,False,monteiro,Portuguese,mf1,17,,0.0,0.0,20.0,0,0,10,2.0,29.0
8985,2006,7.0,monaco,True,0.0,False,0.0,False,speed,,toro_rosso,18,13,0.0,0.0,17.0,0,0,9,2.200000000000003,23.0
8994,2006,7.0,monaco,True,0.0,False,0.0,False,sato,Japanese,super_aguri,19,22,0.0,0.0,21.0,0,0,11,3.299999999999997,29.0
8988,2006,7.0,monaco,True,0.0,False,0.0,False,montagny,French,super_aguri,20,16,0.0,0.0,0.0,0,0,11,3.5,28.0
8995,2006,8.0,silverstone,True,0.0,False,0.0,False,alonso,Auto%#,renault,1,1,64.0,4.0,1.0,91,5,1,0.0,24.0
8997,2006,8.0,silverstone,True,0.0,False,0.0,False,raikkonen,Finnish,mclaren,2,3,27.0,0.0,4.0,50,0,3,0.1000000000000085,26.0
,2006,8.0,silverstone,True,0.0,False,0.0,False,michael_schumacher,German,ferrari,3,2,43.0,2.0,2.0,63,2,2,0.2999999999999971,37.0
8999,2006,8.0,silverstone,True,0.0,False,,False,massa,Brazilian,ferrari,4,5,20.0,0.0,6.0,63,2,2,0.5,25.0
8998,2006,8.0,silverstone,True,0.0,,0.0,False,fisichella,Italian,renault,5,4,27.0,1.0,3.0,91,5,1,0.6000000000000085,33.0
9004,2006,8.0,silverstone,True,0.0,False,0.0,False,barrichello,,honda,6,10,13.0,0.0,8.0,,0,,0.6000000000000085,34.0
9015,2006,8.0,silverstone,True,0.0,False,0.0,False,ralf_schumacher,German,toyota,7,21,8.0,0.0,9.0,8,0,7,0.7999999999999972,30.0
9000,2006,8.0,silverstone,True,0.0,False,0.0,False,montoya,Colombian,mclaren,8,6,23.0,0.0,5.0,50,0,3,0.7999999999999972,30.0
9001,2006,8.0,silverstone,True,0.0,False,0.0,False,heidfeld,German,bmw_sauber,9,7,8.0,0.0,10.0,14,0,5,1.0,29.0
9002,2006,8.0,silverstone,True,0.0,False,0.0,False,villeneuve,Canadian,bmw_sauber,10,8,6.0,0.0,13.0,14,0,5,1.2999999999999972,35.0
9006,2006,8.0,silverstone,True,0.0,False,0.0,False,coulthard,British,red_bull,11,12,7.0,0.0,11.0,8,0,8,1.1000000000000083,35.0
9003,2006,8.0,silverstone,True,0.0,False,0.0,False,rosberg,German,williams,12,9,4.0,0.0,14.0,10,0,6,1.2999999999999972,20.0
9007,2006,8.0,silverstone,True,0.0,False,0.0,False,liuzzi,Italian,toro_rosso,13,13,0.0,0.0,,0,0,Auto%#,1.4000000000000057,25.0
9008,2006,8.0,silverstone,True,0.0,False,0.0,False,klien,Austrian,red_bull,14,14,1.0,0.0,15.0,8,0,8,1.7000000000000028,23.0
9014,2006,8.0,silverstone,True,0.0,False,0.0,False,speed,American,toro_rosso,15,20,0.0,0.0,17.0,0,0,9,1.7999999999999972,23.0
9010,2006,8.0,silverstone,True,0.0,False,0.0,False,monteiro,Portuguese,mf1,16,16,0.0,0.0,20.0,0,0,10,1.9000000000000057,29.0
9016,2006,8.0,silverstone,True,0.0,False,0.0,False,webber,,williams,17,22,6.0,0.0,12.0,10,0,6,2.799999999999997,29.0
,2006,8.0,silverstone,True,0.0,False,0.0,False,albers,Dutch,mf1,18,15,0.0,0.0,19.0,0,0,10,2.9000000000000057,27.0
9013,2006,8.0,silverstone,True,0.0,False,0.0,False,button,British,honda,19,19,16.0,0.0,7.0,29,0,4,2.9000000000000057,26.0
9011,2006,8.0,silverstone,True,0.0,False,0.0,,sato,Japanese,super_aguri,20,17,0.0,0.0,21.0,0,0,11,6.0,29.0
9012,2006,8.0,silverstone,True,0.0,False,0.0,False,montagny,French,super_aguri,21,18,0.0,0.0,,0,0,11,5.900000000000006,28.0
9017,,9.0,villeneuve,True,0.0,False,,False,alonso,Spanish,renault,,1,74.0,5.0,1.0,,6,1,0.0,24.0
9020,2006,9.0,villeneuve,True,0.0,False,0.0,False,fisichella,Italian,renault,2,4,32.0,,4.0,106,6,1,0.2999999999999971,33.0
9019,2006,9.0,villeneuve,True,0.0,False,0.0,False,raikkonen,Finnish,mclaren,3,3,33.0,0.0,,59,0,3,0.5,26.0
9022,2006,9.0,villeneuve,True,0.0,False,0.0,False,trulli,Italian,toyota,4,6,0.0,0.0,16.0,8,0,7,1.0999999999999943,31.0
9018,2006,9.0,villeneuve,True,0.0,False,0.0,False,michael_schumacher,German,ferrari,Auto%#,2,51.0,2.0,2.0,75,,2,,37.0
9037,2006,9.0,villeneuve,True,0.0,False,,False,rosberg,German,williams,6,21,4.0,0.0,14.0,10,0,6,1.0999999999999943,20.0
9034,2006,9.0,villeneuve,True,0.0,False,0.0,False,montoya,Colombian,Auto%#,7,18,26.0,0.0,5.0,59,0,3,1.2999999999999972,30.0
9025,2006,9.0,villeneuve,True,0.0,False,0.0,False,button,British,honda,8,9,16.0,0.0,7.0,29,0,4,1.6999999999999886,26.0
9035,2006,9.0,villeneuve,True,0.0,False,,False,barrichello,Brazilian,honda,9,19,13.0,0.0,8.0,29,0,4,2.0,34.0
9021,2006,9.0,villeneuve,True,0.0,False,0.0,False,massa,Brazilian,ferrari,10,5,24.0,0.0,6.0,75,2,2,2.299999999999997,25.0
9032,2006,9.0,villeneuve,True,0.0,False,0.0,False,villeneuve,Canadian,bmw_sauber,11,16,7.0,0.0,12.0,17,0,5,0.8999999999999915,35.0
9027,2006,9.0,villeneuve,True,0.0,False,0.0,False,klien,Austrian,red_bull,12,11,1.0,0.0,15.0,8,0,8,0.8999999999999915,23.0
9023,2006,9.0,villeneuve,True,0.0,False,0.0,False,heidfeld,German,bmw_sauber,13,7,10.0,0.0,9.0,17,0,5,1.0,29.0
9033,2006,9.0,villeneuve,True,0.0,False,0.0,False,ralf_schumacher,German,toyota,14,17,8.0,0.0,10.0,8,0,7,1.0,30.0
9029,2006,9.0,villeneuve,True,0.0,False,0.0,False,liuzzi,Italian,toro_rosso,15,13,0.0,0.0,18.0,0,0,9,1.1999999999999886,25.0
9028,2006,9.0,villeneuve,True,0.0,False,0.0,Auto%#,webber,Australian,williams,16,12,6.0,0.0,13.0,10,0,6,2.0999999999999943,29.0
9026,2006,9.0,villeneuve,True,0.0,False,0.0,False,speed,American,toro_rosso,17,10,0.0,0.0,17.0,0,0,9,2.0999999999999943,23.0
9030,2006,9.0,villeneuve,True,0.0,False,0.0,False,monteiro,,mf1,18,14,0.0,0.0,20.0,0,0,10,2.1999999999999886,29.0
9038,2006,9.0,villeneuve,True,0.0,False,0.0,False,albers,Dutch,mf1,19,22,0.0,0.0,19.0,0,0,10,2.1999999999999886,27.0
9031,2006,9.0,villeneuve,True,0.0,False,0.0,False,sato,Japanese,super_aguri,20,15,0.0,0.0,21.0,0,0,,4.199999999999989,29.0
9036,2006,9.0,villeneuve,True,0.0,False,0.0,False,montagny,French,,21,20,0.0,0.0,23.0,0,0,11,4.299999999999997,28.0
9024,2006,9.0,villeneuve,True,,False,0.0,False,coulthard,British,red_bull,22,8,,0.0,11.0,8,0,8,1.3999999999999917,35.0
9039,,10.0,indianapolis,True,0.0,False,0.0,False,michael_schumacher,German,ferrari,1,1,59.0,2.0,2.0,87,2,2,0.0,37.0
9040,2006,10.0,indianapolis,True,0.0,False,0.0,False,massa,Brazilian,,2,2,28.0,0.0,5.0,87,2,2,0.6000000000000085,25.0
9041,2006,,indianapolis,True,,False,0.0,False,fisichella,Italian,renault,3,3,37.0,1.0,4.0,121,7,1,1.1000000000000083,33.0
9043,2006,10.0,indianapolis,True,0.0,False,0.0,False,barrichello,Brazilian,honda,4,6,13.0,0.0,8.0,29,0,4,1.2999999999999972,
9042,2006,10.0,indianapolis,True,0.0,False,0.0,,alonso,Spanish,renault,5,5,84.0,6.0,1.0,121,7,1,1.6000000000000083,24.0
9049,2006,10.0,indianapolis,True,0.0,False,0.0,False,villeneuve,Canadian,bmw_sauber,6,12,7.0,0.0,12.0,19,0,5,1.7000000000000028,35.0
,2006,10.0,indianapolis,True,0.0,False,0.0,False,button,British,honda,7,15,16.0,0.0,7.0,29,0,4,1.7000000000000028,26.0
9047,2006,10.0,indianapolis,True,0.0,False,0.0,,ralf_schumacher,German,toyota,8,10,8.0,0.0,,11,0,6,2.0,31.0
9053,2006,10.0,indianapolis,True,0.0,False,0.0,False,raikkonen,Finnish,mclaren,9,16,39.0,0.0,3.0,65,0,3,2.4000000000000057,26.0
9054,2006,10.0,indianapolis,True,0.0,False,0.0,False,heidfeld,German,bmw_sauber,10,17,12.0,0.0,9.0,19,0,5,4.5,29.0
9055,2006,10.0,indianapolis,True,0.0,False,0.0,False,montoya,Colombian,mclaren,11,18,26.0,0.0,6.0,65,0,3,1.4000000000000057,30.0
9056,2006,10.0,indianapolis,True,0.0,False,0.0,False,webber,Australian,williams,12,19,6.0,0.0,13.0,10,0,7,1.5,29.0
,2006,10.0,indianapolis,True,0.0,False,0.0,False,speed,American,toro_rosso,13,20,0.0,0.0,17.0,,0,9,2.0,23.0
9048,2006,10.0,indianapolis,True,0.0,False,0.0,False,albers,Dutch,mf1,14,11,0.0,0.0,19.0,0,0,10,2.1000000000000085,
9050,2006,10.0,indianapolis,,0.0,False,0.0,False,monteiro,Portuguese,mf1,15,13,0.0,0.0,20.0,0,0,10,2.1000000000000085,29.0
9058,2006,10.0,indianapolis,True,0.0,False,0.0,False,klien,Austrian,red_bull,16,21,1.0,0.0,16.0,9,0,8,2.1000000000000085,23.0
9044,2006,10.0,indianapolis,True,0.0,False,0.0,False,coulthard,British,red_bull,17,7,8.0,0.0,11.0,9,0,8,2.4000000000000057,35.0
9051,2006,10.0,indianapolis,True,0.0,False,0.0,False,sato,Japanese,super_aguri,18,14,0.0,,21.0,0,0,11,2.700000000000003,29.0
9059,2006,10.0,indianapolis,True,0.0,False,0.0,False,montagny,French,super_aguri,19,22,0.0,0.0,23.0,0,0,11,5.200000000000003,28.0
9045,2006,10.0,indianapolis,True,0.0,False,0.0,False,liuzzi,Italian,toro_rosso,20,8,0.0,0.0,18.0,0,0,9,3.200000000000003,25.0
9060,2006,11.0,magny_cours,True,0.0,False,0.0,False,michael_schumacher,German,ferrari,1,1,69.0,3.0,,105,3,2,0.0,37.0
9062,2006,11.0,magny_cours,True,0.0,False,0.0,False,massa,Brazilian,ferrari,2,Auto%#,36.0,0.0,5.0,105,3,2,0.0,25.0
9061,2006,11.0,magny_cours,True,0.0,False,0.0,False,alonso,Spanish,renault,3,2,88.0,6.0,1.0,131,7,1,0.2999999999999971,24.0
9078,2006,11.0,magny_cours,True,0.0,False,0.0,False,,Italian,toyota,4,19,8.0,0.0,12.0,16,0,6,0.5,32.0
9063,2006,11.0,Auto%#,True,0.0,False,0.0,False,ralf_schumacher,German,toyota,5,4,8.0,0.0,11.0,16,0,6,0.5999999999999943,31.0
9064,2006,11.0,magny_cours,True,0.0,False,,False,raikkonen,Finnish,mclaren,6,5,39.0,0.0,4.0,65,0,,0.7999999999999972,26.0
9065,2006,11.0,magny_cours,True,0.0,False,0.0,False,fisichella,Italian,renault,7,6,43.0,1.0,3.0,131,7,1,0.7999999999999972,33.0
9066,2006,11.0,magny_cours,True,0.0,False,0.0,,rosa,Spanish,mclaren,8,7,0.0,0.0,0.0,65,0,3,1.0999999999999943,35.0
9068,2006,11.0,magny_cours,True,0.0,False,0.0,False,coulthard,,red_bull,9,9,10.0,0.0,,11,0,7,3.200000000000003,35.0
9077,2006,11.0,magny_cours,True,0.0,False,0.0,False,webber,Australian,williams,10,18,6.0,0.0,14.0,10,0,8,0.5999999999999943,29.0
9067,2006,11.0,magny_cours,True,0.0,False,0.0,False,heidfeld,German,bmw_sauber,11,8,12.0,0.0,9.0,19,0,5,0.7999999999999972,29.0
9071,2006,11.0,magny_cours,True,0.0,False,0.0,False,,Austrian,red_bull,12,12,1.0,,17.0,11,0,7,0.9000000000000057,23.0
9079,2006,11.0,magny_cours,True,0.0,False,0.0,False,barrichello,Auto%#,honda,13,20,16.0,0.0,8.0,32,0,4,1.5,34.0
9069,2006,11.0,magny_cours,True,0.0,False,0.0,False,speed,American,toro_rosso,14,10,0.0,0.0,18.0,1,0,9,1.5999999999999943,23.0
9074,2006,11.0,magny_cours,True,0.0,False,0.0,Auto%#,albers,Dutch,mf1,15,15,0.0,0.0,19.0,0,0,10,1.5999999999999943,27.0
9070,2006,,magny_cours,True,0.0,False,0.0,False,villeneuve,Canadian,bmw_sauber,16,11,7.0,0.0,13.0,19,0,5,1.7999999999999972,35.0
9076,2006,11.0,magny_cours,True,0.0,False,0.0,,,British,honda,17,17,16.0,0.0,7.0,32,0,4,2.0,26.0
9073,2006,11.0,magny_cours,True,0.0,False,0.0,Auto%#,rosberg,,williams,18,14,4.0,0.0,15.0,10,0,8,2.0999999999999943,21.0
9080,2006,11.0,magny_cours,True,0.0,False,0.0,False,,Portuguese,mf1,19,21,0.0,0.0,20.0,,0,10,2.799999999999997,29.0
9075,2006,11.0,magny_cours,True,0.0,False,0.0,False,montagny,French,super_aguri,20,16,0.0,0.0,23.0,0,0,11,3.0999999999999943,
,2006,11.0,magny_cours,True,0.0,False,0.0,False,sato,Japanese,super_aguri,21,22,0.0,0.0,21.0,0,0,11,3.299999999999997,
9072,2006,11.0,magny_cours,True,0.0,False,0.0,False,liuzzi,Italian,toro_rosso,22,13,1.0,0.0,16.0,1,0,9,1.7000000000000028,25.0
9084,2006,12.0,hockenheimring,True,0.0,False,0.0,False,raikkonen,Finnish,mclaren,,3,43.0,0.0,4.0,71,0,3,0.0,26.0
9082,2006,12.0,hockenheimring,True,0.0,False,0.0,False,michael_schumacher,German,ferrari,2,1,79.0,4.0,2.0,121,4,2,0.1000000000000085,37.0
9083,2006,12.0,hockenheimring,True,0.0,False,0.0,False,massa,Brazilian,Auto%#,3,2,42.0,0.0,5.0,121,4,2,0.5,25.0
9085,2006,12.0,hockenheimring,True,0.0,False,0.0,False,button,Auto%#,honda,4,4,16.0,0.0,7.0,32,,4,0.8000000000000114,26.0
9087,2006,12.0,hockenheimring,True,0.0,False,0.0,False,,Italian,renault,5,6,46.0,1.0,3.0,142,7,1,0.8000000000000114,33.0
9097,2006,12.0,hockenheimring,True,0.0,False,0.0,False,barrichello,Brazilian,Auto%#,6,16,16.0,0.0,8.0,32,0,4,0.8000000000000114,34.0
9086,2006,12.0,hockenheimring,True,0.0,False,0.0,False,alonso,Spanish,renault,7,Auto%#,96.0,6.0,1.0,142,7,1,1.2000000000000028,25.0
9090,2006,12.0,hockenheimring,True,0.0,False,0.0,False,ralf_schumacher,German,toyota,8,9,13.0,0.0,9.0,21,0,5,1.8000000000000114,31.0
9099,2006,12.0,hockenheimring,True,0.0,False,0.0,False,rosa,Spanish,mclaren,9,18,2.0,0.0,,,0,3,1.8000000000000114,35.0
9092,2006,12.0,hockenheimring,True,0.0,False,0.0,False,coulthard,British,red_bull,10,11,10.0,0.0,11.0,11,0,7,2.200000000000003,35.0
9094,2006,12.0,hockenheimring,True,0.0,False,0.0,False,webber,Australian,williams,11,13,6.0,0.0,14.0,10,0,8,1.0,29.0
9089,2006,12.0,hockenheimring,True,0.0,False,0.0,False,klien,Austrian,red_bull,12,8,1.0,0.0,,11,0,7,1.0,23.0
9096,2006,12.0,hockenheimring,True,0.0,False,0.0,False,villeneuve,Canadian,bmw_sauber,13,15,7.0,0.0,13.0,20,0,6,1.2000000000000028,35.0
9100,2006,12.0,hockenheimring,True,0.0,False,0.0,False,,German,williams,14,20,4.0,0.0,15.0,,0,8,1.3000000000000114,21.0
9098,2006,12.0,hockenheimring,True,0.0,False,0.0,False,heidfeld,German,bmw_sauber,15,17,13.0,0.0,10.0,20,0,6,1.3000000000000114,29.0
9091,2006,12.0,hockenheimring,True,0.0,False,0.0,False,liuzzi,Italian,toro_rosso,16,10,1.0,0.0,17.0,1,0,9,2.300000000000012,25.0
9095,2006,12.0,hockenheimring,True,,False,0.0,False,sato,Japanese,super_aguri,17,14,0.0,0.0,22.0,0,0,11,3.1000000000000085,29.0
9102,2006,12.0,hockenheimring,True,0.0,False,0.0,False,monteiro,Portuguese,mf1,,22,0.0,0.0,21.0,0,0,10,3.700000000000003,30.0
9088,2006,12.0,hockenheimring,,0.0,False,0.0,False,trulli,Italian,toyota,20,7,8.0,0.0,12.0,21,0,5,1.0,32.0
9101,2006,12.0,hockenheimring,True,0.0,False,0.0,False,albers,Dutch,mf1,21,21,0.0,0.0,20.0,0,0,10,3.0,27.0
9117,2006,13.0,hungaroring,False,,False,1.0,False,raikkonen,Finnish,mclaren,1,15,49.0,0.0,,77,0,3,0.0,26.0
9109,2006,13.0,hungaroring,False,1.0,False,1.0,False,massa,Brazilian,ferrari,2,7,50.0,0.0,3.0,139,5,2,0.3000000000000113,25.0
9106,2006,,hungaroring,False,1.0,False,1.0,False,barrichello,Brazilian,honda,3,4,16.0,0.0,8.0,37,0,4,0.5,34.0
9104,2006,13.0,hungaroring,False,,False,1.0,False,rosa,Spanish,mclaren,4,2,2.0,0.0,16.0,77,0,3,0.5,35.0
9122,2006,13.0,hungaroring,False,1.0,False,1.0,False,webber,Australian,williams,5,20,6.0,0.0,14.0,10,,8,0.7000000000000028,29.0
9108,2006,,hungaroring,False,1.0,False,1.0,False,ralf_schumacher,German,toyota,6,6,13.0,0.0,9.0,23,,5,1.2000000000000028,31.0
9120,,13.0,hungaroring,False,1.0,False,1.0,False,fisichella,,renault,7,18,49.0,1.0,4.0,149,7,1,1.3000000000000114,33.0
9114,2006,13.0,hungaroring,False,1.0,False,1.0,False,trulli,Italian,toyota,8,12,10.0,0.0,12.0,23,0,5,1.5,32.0
9124,2006,13.0,hungaroring,False,1.0,False,1.0,False,kubica,Polish,bmw_sauber,9,22,0.0,0.0,0.0,20,0,6,2.4000000000000057,21.0
9105,2006,13.0,hungaroring,False,1.0,False,1.0,False,heidfeld,German,bmw_sauber,10,3,13.0,0.0,10.0,20,0,6,1.0,29.0
9110,2006,13.0,hungaroring,False,1.0,False,1.0,False,michael_schumacher,German,ferrari,11,8,89.0,5.0,2.0,139,5,2,1.3000000000000114,37.0
9107,2006,13.0,hungaroring,False,1.0,False,1.0,,coulthard,British,red_bull,12,5,10.0,0.0,11.0,12,0,7,1.3000000000000114,35.0
9121,2006,13.0,hungaroring,False,1.0,,1.0,False,klien,Austrian,red_bull,13,19,2.0,0.0,17.0,12,0,7,1.6000000000000083,
9103,2006,13.0,hungaroring,False,1.0,False,1.0,False,button,British,honda,14,1,21.0,0.0,7.0,37,0,,0.5,26.0
9116,2006,13.0,hungaroring,False,1.0,False,1.0,False,alonso,Spanish,renault,15,14,100.0,6.0,1.0,149,7,1,1.8000000000000114,25.0
9111,2006,13.0,hungaroring,False,1.0,False,1.0,False,monteiro,Portuguese,mf1,16,9,0.0,0.0,21.0,0,0,10,4.200000000000003,30.0
9118,2006,13.0,hungaroring,False,1.0,False,1.0,False,liuzzi,Italian,toro_rosso,17,16,,0.0,18.0,1,0,9,2.5,26.0
9119,2006,13.0,Auto%#,False,1.0,False,1.0,False,rosberg,German,williams,18,17,4.0,0.0,15.0,10,,8,2.5,
9115,2006,13.0,hungaroring,False,1.0,False,1.0,False,sato,Japanese,super_aguri,,Auto%#,0.0,0.0,22.0,0,0,11,3.4000000000000057,29.0
9113,2006,13.0,hungaroring,False,1.0,False,1.0,False,speed,American,toro_rosso,20,11,0.0,0.0,19.0,1,0,9,3.4000000000000057,23.0
9123,2006,13.0,hungaroring,False,1.0,False,1.0,False,yamamoto,Japanese,super_aguri,21,21,0.0,0.0,0.0,0,0,11,4.400000000000006,24.0
9112,2006,13.0,hungaroring,False,1.0,False,1.0,False,albers,Dutch,,22,10,0.0,0.0,20.0,0,0,10,3.5,27.0
9125,2006,14.0,istanbul,True,0.0,False,0.0,False,massa,Brazilian,ferrari,1,1,52.0,0.0,3.0,142,5,2,0.0,25.0
9127,2006,14.0,istanbul,True,0.0,False,0.0,False,michael_schumacher,German,ferrari,2,3,90.0,5.0,2.0,142,5,2,0.3999999999999915,37.0
9126,2006,14.0,istanbul,True,0.0,False,0.0,False,alonso,Spanish,renault,3,2,100.0,6.0,1.0,149,7,1,0.3999999999999915,25.0
9130,2006,14.0,istanbul,True,0.0,False,0.0,False,fisichella,Italian,renault,4,6,49.0,,4.0,149,7,1,0.6999999999999886,33.0
9138,,14.0,istanbul,True,0.0,False,0.0,False,heidfeld,German,bmw_sauber,5,14,19.0,0.0,9.0,26,0,6,0.8999999999999915,29.0
9128,2006,14.0,,True,0.0,False,0.0,False,button,British,honda,6,4,31.0,1.0,6.0,52,1,4,0.8999999999999915,26.0
9145,2006,14.0,istanbul,True,0.0,False,0.0,False,raikkonen,Finnish,mclaren,7,21,49.0,0.0,5.0,85,0,3,1.0,26.0
9136,2006,14.0,istanbul,True,0.0,False,0.0,False,kubica,Polish,bmw_sauber,8,12,0.0,0.0,0.0,26,0,6,1.2999999999999972,21.0
9134,2006,14.0,istanbul,True,,False,0.0,False,webber,Australian,williams,,10,6.0,0.0,15.0,10,0,8,2.5,30.0
9135,2006,14.0,istanbul,True,0.0,False,0.0,False,klien,Austrian,red_bull,10,11,2.0,0.0,17.0,16,0,7,1.0,23.0
9129,2006,14.0,istanbul,True,0.0,False,0.0,,rosa,Spanish,mclaren,11,5,10.0,,12.0,85,0,3,1.0,35.0
9133,2006,14.0,istanbul,True,0.0,False,0.0,False,trulli,Italian,toyota,12,9,10.0,0.0,13.0,26,0,5,1.0999999999999943,32.0
9132,2006,14.0,istanbul,True,0.0,False,0.0,False,barrichello,Brazilian,honda,13,8,21.0,0.0,8.0,52,1,4,1.3999999999999917,34.0
9142,2006,14.0,istanbul,True,0.0,False,0.0,,rosberg,German,williams,14,18,4.0,0.0,16.0,10,0,8,1.5,21.0
9131,2006,14.0,istanbul,True,0.0,False,0.0,False,ralf_schumacher,German,toyota,15,,16.0,0.0,10.0,26,0,5,0.6999999999999886,31.0
9139,2006,14.0,istanbul,True,0.0,False,0.0,False,coulthard,British,red_bull,16,15,14.0,0.0,11.0,16,0,7,2.1999999999999886,35.0
9137,2006,14.0,istanbul,True,0.0,False,0.0,False,speed,American,toro_rosso,17,13,0.0,0.0,19.0,1,0,9,2.299999999999997,23.0
9144,2006,14.0,istanbul,True,0.0,False,0.0,False,liuzzi,Italian,toro_rosso,18,20,1.0,0.0,18.0,1,0,9,2.299999999999997,26.0
9146,2006,14.0,istanbul,True,0.0,False,0.0,False,monteiro,Portuguese,mf1,,22,0.0,0.0,20.0,0,,10,,30.0
9143,2006,14.0,istanbul,True,0.0,False,0.0,False,yamamoto,Japanese,super_aguri,20,19,0.0,0.0,0.0,0,0,11,3.6999999999999886,24.0
9141,2006,14.0,istanbul,True,0.0,False,0.0,False,sato,Japanese,super_aguri,21,17,0.0,0.0,,0,0,11,4.0,29.0
9140,2006,14.0,istanbul,True,0.0,False,0.0,False,albers,Dutch,,22,16,0.0,0.0,21.0,0,0,10,1.6999999999999886,27.0
9148,2006,15.0,monza,True,0.0,False,0.0,False,raikkonen,Finnish,mclaren,1,2,49.0,0.0,5.0,89,0,3,0.0,26.0
9147,2006,15.0,monza,True,0.0,False,0.0,False,michael_schumacher,German,ferrari,2,1,96.0,5.0,2.0,158,6,2,0.0,37.0
9154,2006,15.0,Auto%#,True,0.0,False,0.0,False,heidfeld,German,bmw_sauber,3,8,,0.0,9.0,26,0,6,0.2000000000000028,29.0
9155,2006,15.0,monza,True,,False,0.0,False,massa,Brazilian,ferrari,4,9,62.0,1.0,3.0,158,6,2,0.2000000000000028,25.0
9151,2006,15.0,monza,True,0.0,False,0.0,False,button,British,honda,5,5,36.0,1.0,6.0,58,1,4,0.5,26.0
9149,2006,15.0,Auto%#,True,0.0,False,0.0,False,kubica,Polish,bmw_sauber,6,3,0.0,0.0,23.0,26,0,6,0.7999999999999972,21.0
9166,2006,15.0,monza,True,0.0,False,0.0,False,rosa,Spanish,Auto%#,7,,14.0,0.0,11.0,89,0,3,0.7999999999999972,35.0
9152,2006,15.0,monza,True,0.0,False,0.0,False,barrichello,Brazilian,honda,8,6,22.0,0.0,8.0,58,1,4,1.2999999999999972,34.0
,2006,15.0,,True,0.0,False,0.0,False,fisichella,Italian,renault,9,4,,1.0,4.0,160,7,1,1.7000000000000028,33.0
9165,2006,15.0,monza,True,0.0,False,0.0,False,alonso,Spanish,renault,10,19,108.0,6.0,1.0,160,7,1,,25.0
9153,2006,15.0,monza,True,0.0,False,0.0,False,trulli,Italian,toyota,11,7,10.0,0.0,13.0,28,0,5,0.4000000000000057,32.0
9168,2006,15.0,monza,True,0.0,False,0.0,False,rosberg,German,williams,12,22,4.0,0.0,16.0,10,0,8,0.7000000000000028,21.0
9161,2006,15.0,monza,True,0.0,False,0.0,False,ralf_schumacher,German,toyota,13,15,18.0,0.0,10.0,28,0,5,0.7999999999999972,31.0
,2006,15.0,monza,True,0.0,False,0.0,False,coulthard,British,red_bull,Auto%#,12,14.0,0.0,12.0,16,0,7,1.0999999999999943,35.0
9159,2006,15.0,monza,True,0.0,False,0.0,False,speed,American,toro_rosso,15,13,0.0,0.0,19.0,1,0,9,1.7000000000000028,23.0
9160,2006,15.0,monza,True,0.0,False,0.0,False,liuzzi,Italian,toro_rosso,17,14,1.0,0.0,18.0,1,0,9,1.5,26.0
9163,,15.0,monza,True,0.0,False,0.0,False,albers,Dutch,spyker_mf1,18,17,0.0,0.0,,0,0,0,1.5999999999999943,27.0
9156,2006,15.0,monza,,0.0,False,0.0,False,,Australian,williams,19,10,6.0,0.0,15.0,10,0,8,1.7999999999999972,30.0
9164,2006,15.0,monza,True,0.0,False,0.0,False,monteiro,Portuguese,spyker_mf1,20,18,0.0,0.0,20.0,0,0,0,2.4000000000000057,30.0
,2006,15.0,monza,True,0.0,Auto%#,0.0,False,sato,Japanese,super_aguri,21,16,0.0,0.0,22.0,0,0,11,2.799999999999997,29.0
9167,2006,15.0,monza,True,0.0,False,0.0,False,yamamoto,Japanese,super_aguri,22,21,0.0,0.0,0.0,0,0,11,4.5,24.0
9170,2006,16.0,shanghai,False,0.0,False,1.0,False,alonso,Spanish,renault,1,2,108.0,6.0,1.0,165,7,2,0.0,25.0
9171,2006,16.0,shanghai,False,0.0,,1.0,False,fisichella,Italian,renault,2,,57.0,1.0,4.0,165,7,2,,33.0
9174,2006,16.0,,False,0.0,False,1.0,False,barrichello,Brazilian,honda,3,6,25.0,0.0,8.0,65,1,4,1.0999999999999943,34.0
9172,2006,16.0,shanghai,False,0.0,,1.0,False,button,British,honda,4,4,40.0,1.0,6.0,65,1,4,1.0999999999999943,26.0
9189,2006,16.0,shanghai,False,0.0,False,1.0,False,raikkonen,Finnish,mclaren,5,21,57.0,0.0,5.0,97,0,3,1.3999999999999917,26.0
9169,2006,16.0,shanghai,False,0.0,False,1.0,False,michael_schumacher,German,ferrari,6,1,,6.0,2.0,168,7,1,1.3999999999999917,37.0
9173,2006,16.0,shanghai,False,0.0,False,1.0,False,rosa,Spanish,mclaren,7,5,14.0,0.0,11.0,97,0,3,1.5,35.0
9175,2006,16.0,shanghai,False,0.0,False,1.0,False,heidfeld,German,bmw_sauber,8,7,20.0,0.0,,33,0,5,1.6999999999999886,29.0
9181,2006,16.0,shanghai,False,0.0,False,1.0,False,kubica,Polish,bmw_sauber,9,13,6.0,0.0,15.0,33,0,5,2.1999999999999886,21.0
9180,2006,16.0,,False,0.0,False,1.0,False,doornbos,Dutch,red_bull,10,12,0.0,0.0,0.0,16,0,7,3.5999999999999943,25.0
9182,2006,16.0,shanghai,False,,False,1.0,False,speed,American,toro_rosso,11,14,0.0,0.0,20.0,1,0,9,1.5,23.0
9177,2006,16.0,shanghai,False,0.0,False,1.0,False,coulthard,British,red_bull,12,9,,0.0,12.0,16,0,7,1.5999999999999943,35.0
9178,2006,16.0,shanghai,False,0.0,False,1.0,False,liuzzi,Italian,toro_rosso,13,10,1.0,0.0,19.0,1,0,9,1.7999999999999972,26.0
,2006,16.0,shanghai,False,0.0,False,1.0,False,webber,Australian,,14,8,6.0,0.0,16.0,10,0,8,2.0,30.0
9179,2006,16.0,shanghai,False,0.0,False,1.0,False,rosberg,German,williams,15,11,,0.0,17.0,10,0,8,3.0,21.0
9185,2006,16.0,shanghai,False,0.0,False,1.0,False,ralf_schumacher,German,toyota,16,17,18.0,0.0,10.0,30,0,6,4.5,31.0
9187,2006,16.0,shanghai,False,0.0,False,1.0,False,trulli,Italian,toyota,17,19,12.0,0.0,13.0,30,0,6,4.699999999999989,32.0
9188,2006,16.0,shanghai,False,0.0,False,1.0,False,monteiro,Portuguese,spyker_mf1,18,20,0.0,0.0,21.0,0,0,12,5.5,30.0
9184,2006,16.0,shanghai,,0.0,False,1.0,False,yamamoto,Japanese,super_aguri,19,16,0.0,0.0,0.0,0,0,11,11.199999999999989,24.0
9186,2006,16.0,shanghai,False,0.0,False,1.0,False,massa,Brazilian,ferrari,20,18,62.0,1.0,3.0,168,7,1,1.5999999999999943,25.0
9190,2006,16.0,,False,0.0,False,1.0,False,sato,Japanese,super_aguri,21,22,0.0,0.0,23.0,0,0,11,5.899999999999992,29.0
9192,2006,17.0,suzuka,True,0.0,False,0.0,False,massa,Brazilian,ferrari,1,2,62.0,1.0,4.0,178,8,2,0.0,25.0
9210,2006,17.0,suzuka,True,0.0,False,0.0,False,michael_schumacher,German,ferrari,2,20,116.0,7.0,1.0,178,8,2,0.1000000000000085,37.0
9197,2006,17.0,suzuka,True,0.0,False,0.0,False,ralf_schumacher,,toyota,Auto%#,7,18.0,0.0,11.0,30,0,6,0.4000000000000057,31.0
9196,2006,17.0,suzuka,True,0.0,False,0.0,False,trulli,Italian,toyota,4,6,12.0,0.0,13.0,30,0,6,0.4000000000000057,32.0
9191,2006,17.0,suzuka,True,0.0,False,0.0,False,,Spanish,renault,5,1,116.0,6.0,2.0,179,7,1,0.8000000000000114,25.0
9193,2006,17.0,suzuka,True,,False,0.0,False,,Italian,renault,6,3,63.0,1.0,3.0,179,7,1,1.0,33.0
9194,2006,17.0,suzuka,True,0.0,,0.0,False,button,Auto%#,honda,7,4,45.0,1.0,6.0,73,1,,1.4000000000000057,26.0
9202,2006,17.0,suzuka,True,0.0,False,0.0,False,barrichello,Brazilian,honda,8,12,28.0,0.0,7.0,73,1,4,1.9000000000000057,34.0
9198,2006,17.0,suzuka,True,0.0,False,0.0,False,heidfeld,German,bmw_sauber,9,8,22.0,0.0,9.0,35,0,5,1.9000000000000057,29.0
9200,2006,17.0,suzuka,True,0.0,False,0.0,False,rosberg,German,williams,10,10,4.0,0.0,17.0,11,0,8,2.300000000000012,21.0
9195,2006,17.0,suzuka,True,0.0,False,0.0,False,raikkonen,Auto%#,mclaren,11,5,,0.0,5.0,101,0,3,1.2000000000000028,26.0
9199,2006,17.0,suzuka,True,0.0,False,0.0,False,kubica,Polish,bmw_sauber,12,Auto%#,6.0,0.0,,35,0,5,1.5,
9201,2006,17.0,suzuka,True,0.0,False,0.0,False,rosa,Spanish,mclaren,13,11,18.0,0.0,10.0,101,0,3,1.7000000000000028,35.0
9209,2006,17.0,suzuka,True,0.0,False,0.0,False,webber,Australian,williams,14,19,7.0,0.0,14.0,11,0,8,1.7000000000000028,
9204,2006,17.0,suzuka,True,0.0,False,0.0,False,liuzzi,Italian,toro_rosso,15,14,1.0,0.0,19.0,1,0,9,2.300000000000012,26.0
9212,2006,17.0,suzuka,True,0.0,False,0.0,False,albers,Dutch,spyker_mf1,16,22,0.0,0.0,22.0,0,0,12,4.200000000000003,27.0
9211,2006,17.0,suzuka,True,0.0,False,0.0,False,coulthard,British,red_bull,17,21,14.0,0.0,12.0,16,0,7,2.700000000000003,35.0
9203,2006,17.0,suzuka,True,0.0,False,0.0,False,doornbos,Dutch,red_bull,18,13,0.0,0.0,24.0,16,0,7,2.800000000000012,25.0
9208,2006,17.0,suzuka,True,0.0,False,0.0,False,speed,American,toro_rosso,19,18,0.0,0.0,20.0,1,0,9,3.300000000000012,23.0
9205,2006,17.0,suzuka,True,0.0,False,0.0,False,sato,Japanese,super_aguri,20,15,0.0,0.0,23.0,0,0,11,4.1000000000000085,29.0
9206,2006,17.0,suzuka,True,0.0,False,0.0,False,monteiro,,spyker_mf1,21,16,0.0,0.0,21.0,0,0,12,4.1000000000000085,30.0
9213,2006,18.0,interlagos,False,0.0,False,0.0,False,massa,Brazilian,ferrari,1,1,,1.0,3.0,186,8,2,0.0,25.0
9217,2006,18.0,interlagos,False,,False,0.0,False,raikkonen,Finnish,mclaren,2,5,61.0,0.0,5.0,105,0,3,0.5999999999999943,27.0
9231,2006,18.0,interlagos,False,0.0,False,0.0,False,trulli,Italian,toyota,3,19,15.0,0.0,12.0,35,0,6,,32.0
9214,2006,18.0,interlagos,False,0.0,False,0.0,False,alonso,Spanish,renault,4,2,,7.0,,195,8,1,0.8999999999999915,25.0
9219,2006,,interlagos,False,0.0,False,0.0,False,barrichello,Brazilian,honda,5,7,28.0,0.0,7.0,78,1,4,0.8999999999999915,34.0
9218,2006,18.0,,False,0.0,False,0.0,False,fisichella,Italian,,6,6,69.0,1.0,4.0,195,8,1,0.8999999999999915,33.0
9232,2006,18.0,interlagos,False,0.0,False,0.0,False,ralf_schumacher,German,toyota,7,20,20.0,0.0,10.0,35,0,6,1.0,31.0
9229,2006,18.0,interlagos,False,0.0,False,0.0,False,heidfeld,German,bmw_sauber,8,17,23.0,0.0,9.0,36,0,5,1.2000000000000028,29.0
9221,2006,18.0,interlagos,False,0.0,False,0.0,False,kubica,Polish,bmw_sauber,9,9,6.0,0.0,16.0,36,0,5,1.3999999999999917,21.0
9233,2006,18.0,interlagos,False,0.0,False,0.0,False,webber,Australian,williams,11,21,7.0,0.0,14.0,11,0,8,0.8999999999999915,30.0
9220,2006,18.0,interlagos,False,0.0,False,0.0,False,rosa,Spanish,mclaren,12,8,18.0,0.0,11.0,105,0,3,1.0,35.0
9234,2006,18.0,interlagos,False,0.0,False,0.0,False,rosberg,German,williams,13,22,4.0,0.0,17.0,11,0,8,1.0,21.0
9215,2006,18.0,interlagos,False,0.0,False,0.0,False,button,British,honda,14,3,50.0,1.0,6.0,78,1,4,1.0,
9225,2006,18.0,interlagos,False,0.0,False,0.0,False,liuzzi,Italian,toro_rosso,15,13,1.0,0.0,19.0,1,0,9,2.200000000000003,26.0
9223,2006,18.0,interlagos,False,0.0,False,0.0,False,speed,,toro_rosso,16,11,0.0,0.0,20.0,1,0,9,2.200000000000003,23.0
9226,2006,18.0,interlagos,False,0.0,False,0.0,False,albers,Dutch,spyker_mf1,17,14,0.0,0.0,22.0,0,0,12,,27.0
,2006,18.0,interlagos,False,0.0,False,0.0,False,coulthard,British,red_bull,18,18,14.0,,13.0,16,0,7,2.5,35.0
9222,2006,18.0,interlagos,False,,False,0.0,False,sato,Japanese,super_aguri,19,10,0.0,0.0,23.0,0,0,,2.5999999999999943,29.0
9228,2006,18.0,interlagos,False,0.0,False,0.0,False,yamamoto,Japanese,super_aguri,20,16,0.0,,27.0,0,0,11,2.700000000000003,24.0
9224,2006,18.0,interlagos,False,0.0,False,0.0,False,doornbos,Dutch,red_bull,22,12,0.0,0.0,24.0,16,0,7,1.8999999999999917,25.0
9235,2007,1.0,albert_park,True,0.0,False,0.0,False,raikkonen,Finnish,ferrari,1,1,0.0,0.0,0.0,0,0,0,0.0,27.0
9236,2007,1.0,,True,0.0,False,0.0,False,alonso,Spanish,mclaren,2,2,0.0,0.0,0.0,0,0,0,0.4000000000000057,25.0
9238,,1.0,albert_park,True,0.0,False,0.0,False,heidfeld,German,bmw_sauber,3,4,0.0,0.0,0.0,0,0,0,,29.0
9237,2007,1.0,albert_park,True,0.0,False,0.0,False,hamilton,British,mclaren,4,3,0.0,0.0,0.0,0,0,0,0.7000000000000028,22.0
9254,2007,1.0,,True,0.0,False,0.0,False,kubica,Polish,bmw_sauber,5,20,0.0,0.0,0.0,0,0,0,1.2000000000000028,22.0
9239,2007,1.0,albert_park,True,0.0,False,0.0,False,fisichella,Italian,renault,6,5,0.0,0.0,0.0,0,0,0,1.5,34.0
9247,2007,,albert_park,True,0.0,False,0.0,False,webber,Australian,red_bull,7,13,0.0,0.0,0.0,0,0,0,1.8000000000000114,30.0
9243,2007,1.0,albert_park,True,,False,0.0,Auto%#,trulli,Italian,toyota,8,9,0.0,0.0,0.0,0,0,0,2.300000000000012,32.0
9242,2007,1.0,Auto%#,True,0.0,False,0.0,False,ralf_schumacher,German,toyota,9,8,0.0,0.0,0.0,0,0,0,2.6000000000000085,31.0
9246,2007,1.0,albert_park,True,0.0,False,0.0,False,sato,Japanese,super_aguri,10,12,0.0,0.0,0.0,0,0,0,2.800000000000012,30.0
9250,2007,1.0,albert_park,True,,False,0.0,False,davidson,British,super_aguri,11,16,0.0,0.0,0.0,0,0,0,0.8000000000000114,27.0
9241,2007,1.0,albert_park,True,0.0,False,0.0,False,rosberg,German,williams,12,7,0.0,0.0,0.0,0,0,0,0.8000000000000114,21.0
9244,2007,1.0,albert_park,True,0.0,False,0.0,False,kovalainen,,renault,13,10,0.0,0.0,0.0,0,0,0,0.9000000000000057,25.0
9249,2007,1.0,albert_park,True,0.0,False,0.0,False,button,British,honda,14,15,0.0,0.0,0.0,0,0,0,1.2000000000000028,27.0
9252,2007,1.0,albert_park,True,0.0,False,0.0,False,wurz,Austrian,williams,15,18,0.0,0.0,0.0,0,0,0,,33.0
9245,2007,1.0,albert_park,True,0.0,False,0.0,False,barrichello,Brazilian,Auto%#,16,11,0.0,0.0,0.0,0,0,0,1.6000000000000083,34.0
9255,2007,1.0,albert_park,True,0.0,False,0.0,False,speed,American,toro_rosso,17,,0.0,0.0,0.0,0,0,0,2.200000000000003,24.0
9253,2007,1.0,albert_park,True,0.0,False,0.0,False,coulthard,British,red_bull,18,19,0.0,0.0,,0,0,0,2.5,35.0
9248,2007,1.0,albert_park,True,0.0,False,0.0,,liuzzi,Italian,toro_rosso,19,14,0.0,0.0,0.0,0,0,0,3.200000000000003,26.0
9251,2007,1.0,albert_park,True,0.0,False,0.0,False,sutil,German,spyker,20,17,0.0,0.0,0.0,0,0,0,3.200000000000003,24.0
9256,2007,1.0,albert_park,True,0.0,False,0.0,Auto%#,albers,Dutch,spyker,21,22,0.0,0.0,0.0,0,,0,5.800000000000011,27.0
9261,2007,2.0,Auto%#,False,0.0,False,0.0,Auto%#,massa,Brazilian,ferrari,1,5,3.0,0.0,6.0,13,1,1,0.0,25.0
9257,2007,,sepang,False,0.0,Auto%#,0.0,False,alonso,Spanish,mclaren,2,1,8.0,0.0,2.0,14,0,11,0.2999999999999971,25.0
9259,2007,2.0,sepang,False,0.0,False,0.0,False,raikkonen,Finnish,ferrari,3,3,10.0,1.0,1.0,13,1,1,0.5,27.0
9258,2007,2.0,sepang,False,0.0,False,0.0,False,hamilton,British,mclaren,4,2,6.0,0.0,3.0,14,0,11,1.0,22.0
9260,2007,2.0,sepang,False,0.0,False,0.0,False,heidfeld,German,bmw_sauber,5,4,5.0,0.0,4.0,5,0,2,1.5,29.0
9275,2007,2.0,sepang,False,0.0,False,0.0,False,rosberg,German,williams,Auto%#,19,2.0,0.0,7.0,2,0,4,1.7999999999999972,21.0
9274,2007,2.0,sepang,False,0.0,False,0.0,False,kubica,Polish,bmw_sauber,7,18,0.0,0.0,0.0,5,0,2,1.9000000000000057,22.0
9263,2007,2.0,sepang,False,0.0,False,0.0,False,trulli,Italian,toyota,8,7,0.0,0.0,9.0,1,0,5,1.9000000000000057,32.0
9271,2007,2.0,sepang,False,0.0,False,0.0,False,ralf_schumacher,German,toyota,9,15,1.0,0.0,8.0,1,0,5,2.0999999999999943,31.0
9266,2007,2.0,,False,0.0,False,0.0,,webber,Australian,red_bull,10,10,0.0,0.0,13.0,0,0,8,2.299999999999997,30.0
9264,2007,2.0,sepang,False,0.0,False,0.0,,kovalainen,Finnish,renault,11,8,0.0,0.0,10.0,4,0,3,0.5999999999999943,25.0
9262,2007,2.0,sepang,False,0.0,False,0.0,False,fisichella,Italian,renault,12,6,4.0,0.0,5.0,4,0,3,0.7000000000000028,34.0
9276,2007,2.0,sepang,False,0.0,False,0.0,False,coulthard,British,red_bull,13,20,0.0,0.0,0.0,0,0,8,0.7999999999999972,36.0
9269,2007,2.0,sepang,False,0.0,False,0.0,False,sato,Japanese,super_aguri,14,13,0.0,0.0,12.0,0,0,7,0.9000000000000057,30.0
9268,2007,2.0,sepang,False,0.0,False,0.0,False,button,British,honda,15,12,0.0,0.0,15.0,0,0,6,1.0999999999999943,27.0
9273,2007,2.0,sepang,False,0.0,False,0.0,False,liuzzi,Italian,toro_rosso,16,17,0.0,0.0,14.0,0,0,9,1.0999999999999943,26.0
9270,2007,2.0,sepang,False,0.0,False,0.0,False,speed,American,toro_rosso,17,14,0.0,0.0,0.0,0,0,9,1.5999999999999943,24.0
9272,2007,2.0,sepang,False,0.0,False,0.0,False,davidson,British,super_aguri,18,16,0.0,0.0,16.0,0,0,7,1.7999999999999972,27.0
9265,2007,2.0,sepang,False,0.0,False,0.0,False,wurz,Austrian,williams,19,9,0.0,0.0,0.0,2,0,4,2.299999999999997,33.0
9277,2007,,sepang,False,0.0,False,0.0,False,albers,Dutch,spyker,20,21,0.0,0.0,0.0,,0,10,3.299999999999997,27.0
9278,2007,2.0,sepang,False,0.0,False,,,sutil,German,spyker,21,22,0.0,0.0,,0,0,10,3.4000000000000057,24.0
9267,2007,2.0,,False,0.0,False,0.0,False,barrichello,Brazilian,,22,Auto%#,0.0,0.0,11.0,0,0,6,1.7999999999999972,34.0
9279,2007,3.0,bahrain,False,0.0,False,0.0,False,massa,Brazilian,ferrari,1,1,7.0,,6.0,23,1,1,0.0,25.0
9280,2007,3.0,bahrain,False,0.0,False,0.0,Auto%#,hamilton,British,mclaren,2,2,14.0,0.0,3.0,32,1,11,0.2000000000000028,22.0
9281,2007,3.0,bahrain,False,0.0,False,,False,raikkonen,Finnish,ferrari,3,3,16.0,1.0,2.0,23,1,1,0.3999999999999915,27.0
9283,2007,3.0,bahrain,False,0.0,False,0.0,Auto%#,alonso,Spanish,mclaren,4,5,18.0,1.0,1.0,32,1,11,0.5,25.0
9282,2007,,bahrain,False,,False,0.0,False,heidfeld,German,bmw_sauber,5,4,10.0,0.0,4.0,10,0,2,0.7000000000000028,29.0
9284,2007,3.0,bahrain,False,0.0,False,0.0,Auto%#,kubica,Polish,bmw_sauber,6,6,0.0,0.0,20.0,10,0,2,1.0,22.0
9286,2007,3.0,bahrain,False,0.0,False,0.0,False,fisichella,Italian,renault,Auto%#,8,7.0,0.0,5.0,8,0,3,1.3999999999999917,34.0
9295,2007,3.0,bahrain,False,0.0,False,0.0,False,webber,Australian,red_bull,8,,0.0,0.0,12.0,0,0,6,1.3999999999999917,30.0
9285,2007,3.0,bahrain,False,0.0,False,0.0,False,trulli,Italian,toyota,9,7,2.0,0.0,7.0,3,0,4,1.5,32.0
9288,2007,3.0,bahrain,False,0.0,False,,False,rosberg,German,williams,10,10,2.0,0.0,8.0,2,0,5,1.7000000000000028,21.0
9289,2007,3.0,bahrain,False,0.0,False,0.0,False,wurz,Austrian,williams,11,11,0.0,0.0,11.0,2,0,5,,33.0
9287,2007,3.0,bahrain,False,0.0,False,,False,kovalainen,,,12,9,1.0,0.0,9.0,8,0,3,0.2000000000000028,25.0
9294,2007,3.0,bahrain,False,0.0,False,0.0,False,davidson,British,super_aguri,13,,0.0,0.0,18.0,,0,Auto%#,0.3999999999999915,27.0
9290,2007,3.0,bahrain,False,0.0,False,0.0,False,ralf_schumacher,German,toyota,14,12,1.0,0.0,,3,0,4,0.5999999999999943,31.0
9291,2007,3.0,bahrain,False,0.0,False,0.0,False,barrichello,Brazilian,honda,15,13,0.0,0.0,13.0,0,0,,0.8999999999999915,34.0
9299,2007,3.0,bahrain,False,0.0,False,0.0,False,button,British,honda,16,21,0.0,0.0,15.0,0,0,7,1.0,27.0
9297,2007,3.0,bahrain,False,,False,0.0,False,sato,Japanese,super_aguri,17,19,0.0,0.0,14.0,0,0,8,1.2999999999999972,30.0
9298,2007,3.0,bahrain,False,0.0,False,0.0,False,liuzzi,Italian,toro_rosso,18,20,0.0,0.0,16.0,0,0,Auto%#,1.2999999999999972,26.0
9300,2007,3.0,Auto%#,False,0.0,,0.0,False,speed,American,toro_rosso,19,22,,0.0,17.0,0,0,9,1.5999999999999943,
9293,2007,3.0,bahrain,False,0.0,False,0.0,False,sutil,German,spyker,20,15,0.0,0.0,19.0,0,0,10,2.5999999999999943,24.0
9296,2007,3.0,bahrain,False,0.0,False,0.0,False,coulthard,British,red_bull,21,18,0.0,0.0,0.0,0,0,6,2.5999999999999943,36.0
9292,2007,3.0,bahrain,False,0.0,False,0.0,False,albers,Dutch,spyker,22,14,0.0,0.0,0.0,0,0,10,2.799999999999997,27.0
9301,2007,4.0,catalunya,True,0.0,False,0.0,False,massa,Brazilian,ferrari,1,1,17.0,1.0,4.0,39,2,1,0.0,26.0
9303,2007,4.0,catalunya,True,0.0,False,0.0,False,alonso,Spanish,mclaren,2,3,22.0,1.0,,44,1,11,0.0999999999999943,25.0
9319,2007,4.0,catalunya,True,0.0,False,0.0,False,raikkonen,Finnish,ferrari,3,19,22.0,1.0,2.0,39,2,1,0.2999999999999971,27.0
9302,2007,4.0,catalunya,True,0.0,False,0.0,False,hamilton,British,mclaren,Auto%#,2,22.0,0.0,3.0,44,1,11,0.3999999999999915,22.0
9304,2007,4.0,catalunya,True,0.0,False,0.0,False,kubica,Auto%#,bmw_sauber,,4,3.0,0.0,8.0,18,0,2,0.8999999999999915,22.0
9320,2007,4.0,catalunya,True,0.0,False,0.0,False,trulli,Auto%#,toyota,6,20,,0.0,7.0,5,0,4,0.8999999999999915,32.0
9315,2007,4.0,catalunya,True,0.0,False,0.0,False,heidfeld,German,,7,15,15.0,0.0,5.0,18,0,Auto%#,,30.0
9307,2007,4.0,catalunya,True,0.0,False,0.0,False,kovalainen,Finnish,renault,8,7,1.0,0.0,10.0,9,0,3,1.1999999999999886,25.0
9305,2007,4.0,catalunya,True,0.0,False,0.0,False,coulthard,British,red_bull,9,5,0.0,,0.0,0,0,6,1.2999999999999972,36.0
9309,,4.0,catalunya,True,0.0,False,0.0,False,fisichella,Italian,renault,10,9,8.0,0.0,6.0,9,0,3,1.5,34.0
9306,2007,4.0,catalunya,True,0.0,False,0.0,False,rosberg,Auto%#,williams,11,6,2.0,,9.0,2,0,5,0.5999999999999943,21.0
9310,2007,4.0,catalunya,True,0.0,False,0.0,False,barrichello,Brazilian,honda,12,10,0.0,0.0,14.0,0,0,7,0.6999999999999886,34.0
9308,2007,4.0,catalunya,True,0.0,False,0.0,False,sato,Japanese,Auto%#,13,8,0.0,0.0,15.0,0,0,8,0.6999999999999886,30.0
9312,2007,4.0,catalunya,True,0.0,False,0.0,False,button,British,honda,14,12,0.0,0.0,16.0,0,0,7,0.6999999999999886,27.0
9316,2007,4.0,catalunya,True,0.0,False,0.0,False,ralf_schumacher,,toyota,17,16,1.0,0.0,11.0,5,0,4,1.2999999999999972,31.0
9322,2007,4.0,catalunya,True,0.0,False,0.0,False,wurz,Austrian,williams,18,22,0.0,0.0,12.0,2,0,5,1.3999999999999917,33.0
9321,2007,4.0,catalunya,True,0.0,False,0.0,False,webber,Australian,red_bull,19,21,0.0,0.0,13.0,0,0,6,2.0,30.0
9313,2007,4.0,catalunya,True,0.0,False,0.0,False,sutil,German,spyker,Auto%#,13,0.0,0.0,20.0,0,0,10,2.3999999999999915,24.0
9314,2007,4.0,catalunya,True,0.0,False,0.0,False,albers,Dutch,spyker,21,14,0.0,0.0,18.0,0,,10,2.5999999999999943,28.0
9323,2007,5.0,monaco,False,0.0,False,0.0,False,alonso,Spanish,mclaren,1,1,28.0,1.0,2.0,58,1,11,0.0,25.0
9324,2007,5.0,monaco,False,0.0,Auto%#,0.0,False,hamilton,British,mclaren,2,2,30.0,0.0,1.0,58,1,11,0.2000000000000028,22.0
9325,2007,5.0,monaco,False,0.0,False,0.0,False,massa,Brazilian,ferrari,3,3,27.0,2.0,3.0,49,,1,0.2999999999999971,26.0
9326,2007,,monaco,False,0.0,False,0.0,False,fisichella,Italian,renault,4,4,8.0,0.0,,11,0,3,0.5999999999999943,34.0
9334,2007,5.0,,False,0.0,Auto%#,0.0,False,rosberg,German,,5,12,5.0,0.0,8.0,5,0,4,0.7000000000000028,21.0
9343,2007,5.0,monaco,False,0.0,False,0.0,False,webber,Australian,red_bull,6,21,0.0,0.0,16.0,4,0,6,1.0999999999999943,30.0
9328,2007,5.0,monaco,False,0.0,False,0.0,False,heidfeld,German,Auto%#,7,6,15.0,0.0,5.0,23,0,2,1.0999999999999943,30.0
9327,2007,5.0,monaco,False,0.0,False,0.0,False,kubica,Polish,bmw_sauber,8,5,8.0,0.0,6.0,23,0,2,1.2999999999999972,22.0
9332,2007,5.0,monaco,False,0.0,False,0.0,False,barrichello,Brazilian,honda,9,10,0.0,0.0,15.0,0,0,8,1.7999999999999972,35.0
9333,2007,5.0,monaco,False,0.0,False,0.0,False,button,British,honda,10,11,0.0,0.0,18.0,0,0,8,2.200000000000003,27.0
9329,2007,5.0,Auto%#,False,0.0,False,,False,wurz,Austrian,williams,11,7,0.0,0.0,14.0,5,0,4,1.0,33.0
9344,2007,5.0,monaco,False,0.0,False,0.0,False,liuzzi,Italian,toro_rosso,12,22,0.0,0.0,21.0,,0,10,1.0,26.0
9336,2007,5.0,monaco,False,0.0,False,0.0,False,coulthard,British,red_bull,13,14,4.0,0.0,9.0,4,0,6,,36.0
9337,2007,5.0,monaco,False,0.0,False,0.0,False,trulli,Italian,toyota,14,15,4.0,0.0,10.0,5,0,5,1.2999999999999972,32.0
9335,2007,5.0,monaco,False,0.0,False,0.0,False,kovalainen,Finnish,renault,15,13,3.0,0.0,11.0,11,0,3,1.3999999999999917,25.0
9340,2007,5.0,monaco,False,0.0,False,0.0,False,davidson,British,super_aguri,17,18,0.0,0.0,17.0,1,0,7,2.5999999999999943,28.0
9331,2007,5.0,monaco,False,0.0,False,0.0,False,speed,American,toro_rosso,18,,0.0,0.0,22.0,0,0,10,2.700000000000003,24.0
9342,2007,5.0,monaco,False,0.0,False,0.0,False,sutil,German,spyker,19,20,0.0,0.0,19.0,0,0,9,2.700000000000003,24.0
9338,2007,5.0,monaco,False,0.0,False,0.0,False,ralf_schumacher,German,toyota,20,16,1.0,0.0,13.0,5,0,5,2.799999999999997,31.0
9339,2007,5.0,monaco,,0.0,False,0.0,False,sato,Japanese,super_aguri,21,17,,0.0,12.0,1,0,7,2.8999999999999915,30.0
9345,2007,6.0,villeneuve,True,0.0,False,0.0,False,hamilton,British,mclaren,1,1,38.0,0.0,2.0,76,2,11,0.0,22.0
9351,2007,6.0,villeneuve,True,0.0,False,0.0,False,alonso,Spanish,mclaren,Auto%#,7,38.0,2.0,1.0,76,2,11,0.5,25.0
9346,2007,6.0,villeneuve,True,0.0,False,0.0,False,heidfeld,German,bmw_sauber,3,2,18.0,0.0,,30,0,2,0.5999999999999943,30.0
9349,2007,6.0,villeneuve,True,0.0,False,0.0,False,raikkonen,Finnish,ferrari,4,5,23.0,1.0,4.0,56,3,1,0.7000000000000028,27.0
9365,2007,6.0,villeneuve,True,0.0,False,0.0,False,massa,Brazilian,Auto%#,5,21,33.0,2.0,3.0,56,3,1,0.8999999999999915,26.0
9353,2007,6.0,villeneuve,True,0.0,False,0.0,False,webber,Australian,red_bull,6,9,0.0,0.0,17.0,4,0,Auto%#,1.2000000000000028,30.0
9354,2007,6.0,villeneuve,True,0.0,False,0.0,False,rosberg,German,williams,7,10,5.0,0.0,8.0,7,0,4,1.2000000000000028,21.0
9361,2007,6.0,Auto%#,True,0.0,False,0.0,False,kubica,Auto%#,bmw_sauber,8,17,12.0,0.0,7.0,30,0,2,1.2999999999999972,22.0
9366,2007,6.0,villeneuve,True,0.0,False,0.0,False,fisichella,Italian,renault,9,22,13.0,0.0,6.0,16,0,3,1.5,
9357,2007,6.0,villeneuve,True,0.0,False,0.0,,trulli,Italian,toyota,Auto%#,13,4.0,0.0,10.0,5,0,5,2.0,32.0
9350,2007,6.0,villeneuve,True,0.0,False,0.0,,sato,Japanese,super_aguri,11,6,1.0,0.0,,1,0,7,1.0,30.0
9358,2007,6.0,villeneuve,True,0.0,False,0.0,False,liuzzi,Italian,toro_rosso,12,14,0.0,0.0,22.0,0,0,8,1.0999999999999943,26.0
9356,2007,6.0,villeneuve,True,0.0,False,0.0,False,barrichello,Brazilian,honda,13,12,0.0,0.0,16.0,0,0,9,1.3999999999999917,35.0
9360,2007,6.0,villeneuve,True,0.0,False,0.0,False,coulthard,British,red_bull,14,16,4.0,0.0,,4,0,6,1.5999999999999943,36.0
9364,2007,6.0,villeneuve,True,0.0,False,0.0,,button,British,honda,15,20,0.0,0.0,18.0,0,0,9,1.7999999999999972,27.0
9363,2007,6.0,villeneuve,True,0.0,False,0.0,False,speed,American,toro_rosso,16,19,0.0,0.0,15.0,0,0,8,1.8999999999999917,24.0
9355,2007,6.0,villeneuve,True,0.0,False,0.0,False,davidson,British,super_aguri,17,11,0.0,,19.0,1,0,7,1.7999999999999972,28.0
9352,2007,6.0,villeneuve,True,0.0,False,0.0,False,ralf_schumacher,German,Auto%#,18,8,1.0,0.0,14.0,5,0,5,1.8999999999999917,31.0
9347,2007,6.0,villeneuve,True,0.0,False,,False,wurz,Austrian,williams,19,3,2.0,0.0,,7,0,4,2.3999999999999915,33.0
9362,2007,6.0,villeneuve,True,0.0,False,,False,sutil,German,spyker,20,18,0.0,0.0,20.0,0,0,,2.799999999999997,24.0
9359,2007,6.0,villeneuve,True,0.0,False,0.0,False,albers,Dutch,spyker,21,15,0.0,0.0,21.0,0,0,10,3.5,28.0
9348,2007,6.0,villeneuve,True,0.0,False,0.0,False,kovalainen,Finnish,renault,22,4,3.0,0.0,11.0,16,0,3,2.0999999999999943,
9367,2007,7.0,indianapolis,True,0.0,False,0.0,False,hamilton,British,mclaren,1,1,48.0,1.0,1.0,88,3,,0.0,22.0
9368,2007,7.0,indianapolis,True,0.0,False,0.0,False,alonso,Spanish,mclaren,2,2,40.0,2.0,2.0,88,3,11,0.2000000000000028,25.0
9369,2007,7.0,indianapolis,True,0.0,False,0.0,False,massa,Brazilian,ferrari,Auto%#,3,33.0,2.0,3.0,60,3,1,0.4000000000000057,26.0
9370,2007,7.0,indianapolis,True,0.0,False,0.0,,raikkonen,Finnish,ferrari,4,4,27.0,1.0,4.0,60,3,1,0.5,27.0
9384,,7.0,indianapolis,True,0.0,False,0.0,False,heidfeld,German,bmw_sauber,5,18,26.0,0.0,5.0,38,0,2,0.5,30.0
9371,2007,7.0,indianapolis,True,0.0,,0.0,False,kovalainen,Finnish,renault,6,5,8.0,0.0,9.0,21,0,3,1.0,25.0
9374,,7.0,indianapolis,True,0.0,False,0.0,False,vettel,German,bmw_sauber,7,8,0.0,0.0,0.0,38,0,2,1.2000000000000028,19.0
9372,2007,7.0,indianapolis,True,0.0,,0.0,False,trulli,,toyota,8,6,4.0,0.0,13.0,6,0,5,1.5,32.0
9373,2007,7.0,indianapolis,True,0.0,False,0.0,False,webber,Australian,red_bull,9,7,0.0,0.0,15.0,4,0,6,1.6000000000000083,30.0
9375,2007,7.0,indianapolis,,0.0,False,0.0,False,fisichella,Italian,renault,10,9,13.0,0.0,6.0,21,0,Auto%#,1.7000000000000028,34.0
9386,2007,7.0,Auto%#,True,0.0,False,0.0,False,coulthard,British,red_bull,11,20,4.0,0.0,11.0,,0,6,0.6000000000000085,36.0
9388,2007,7.0,indianapolis,True,,False,0.0,False,ralf_schumacher,German,toyota,12,22,2.0,0.0,14.0,6,0,5,0.6000000000000085,
9378,2007,7.0,indianapolis,True,0.0,False,0.0,False,button,British,honda,13,12,0.0,0.0,19.0,0,0,9,0.7000000000000028,27.0
9382,2007,7.0,indianapolis,True,0.0,False,0.0,False,rosberg,Auto%#,williams,14,16,5.0,0.0,10.0,13,0,4,0.7999999999999972,21.0
9387,2007,7.0,indianapolis,True,0.0,False,0.0,False,barrichello,Brazilian,honda,15,21,0.0,0.0,17.0,0,,9,0.9000000000000057,35.0
9377,2007,7.0,indianapolis,True,0.0,False,0.0,False,davidson,British,super_aguri,16,11,0.0,0.0,18.0,4,0,7,1.0,28.0
9376,2007,7.0,indianapolis,True,0.0,False,0.0,False,wurz,Austrian,williams,17,10,8.0,0.0,8.0,13,0,4,1.1000000000000083,33.0
9385,2007,7.0,indianapolis,True,0.0,False,,False,sato,Japanese,super_aguri,18,19,4.0,0.0,12.0,4,0,7,1.2000000000000028,30.0
,2007,7.0,Auto%#,True,0.0,False,0.0,False,liuzzi,Italian,toro_rosso,19,17,0.0,0.0,22.0,0,0,8,1.2000000000000028,26.0
9379,2007,7.0,indianapolis,True,0.0,False,0.0,False,speed,American,toro_rosso,20,13,0.0,0.0,16.0,0,0,8,1.4000000000000057,24.0
9380,2007,,indianapolis,True,0.0,False,0.0,False,sutil,German,spyker,21,14,0.0,0.0,20.0,0,0,10,1.7999999999999972,24.0
9381,2007,7.0,indianapolis,True,0.0,False,0.0,False,albers,Dutch,spyker,22,15,0.0,0.0,21.0,0,0,10,2.299999999999997,28.0
9390,2007,8.0,magny_cours,False,0.0,False,0.0,True,massa,Brazilian,ferrari,1,2,39.0,2.0,3.0,71,3,1,0.0,26.0
9391,2007,8.0,magny_cours,False,0.0,False,0.0,True,hamilton,British,mclaren,2,3,58.0,2.0,1.0,106,4,Auto%#,0.0999999999999943,22.0
9389,2007,8.0,magny_cours,False,0.0,False,0.0,True,raikkonen,,ferrari,3,1,32.0,1.0,4.0,71,,1,0.2999999999999971,27.0
9392,2007,8.0,magny_cours,False,0.0,False,0.0,True,kubica,Polish,bmw_sauber,4,4,12.0,0.0,,39,0,2,0.5,22.0
9394,2007,8.0,magny_cours,False,0.0,False,0.0,True,fisichella,Italian,renault,5,6,13.0,0.0,6.0,25,0,3,0.7000000000000028,34.0
9403,2007,8.0,magny_cours,False,0.0,False,0.0,True,kovalainen,Finnish,Auto%#,6,15,12.0,0.0,8.0,25,0,3,0.7999999999999972,25.0
9393,2007,8.0,magny_cours,False,0.0,False,0.0,True,heidfeld,German,bmw_sauber,7,5,26.0,0.0,5.0,39,0,2,0.9000000000000057,30.0
9409,2007,8.0,magny_cours,,0.0,False,,True,trulli,Italian,toyota,8,21,7.0,0.0,,9,0,5,0.9000000000000057,32.0
9397,2007,8.0,magny_cours,False,0.0,,0.0,True,rosberg,German,williams,9,9,5.0,0.0,11.0,13,0,4,1.2999999999999972,22.0
9398,2007,8.0,magny_cours,False,0.0,False,0.0,True,ralf_schumacher,German,toyota,11,10,2.0,0.0,15.0,9,0,5,0.5,32.0
9396,2007,8.0,magny_cours,False,0.0,False,0.0,True,button,British,honda,12,8,0.0,0.0,20.0,0,0,9,0.5999999999999943,27.0
9399,2007,8.0,magny_cours,False,0.0,False,0.0,,barrichello,Brazilian,honda,13,11,0.0,0.0,18.0,0,0,9,0.7999999999999972,
9400,2007,8.0,magny_cours,False,0.0,False,0.0,True,webber,Australian,red_bull,14,12,,0.0,14.0,6,0,6,0.7999999999999972,30.0
9406,2007,8.0,magny_cours,False,0.0,False,,True,speed,American,toro_rosso,15,18,0.0,0.0,17.0,0,0,8,1.0,24.0
9410,2007,8.0,magny_cours,False,0.0,False,0.0,True,liuzzi,Italian,,17,22,0.0,0.0,23.0,0,0,8,1.0999999999999943,26.0
9402,,8.0,magny_cours,False,0.0,False,0.0,True,wurz,Austrian,williams,18,14,8.0,0.0,9.0,13,0,4,1.2000000000000028,33.0
9408,2007,8.0,magny_cours,False,0.0,False,0.0,True,davidson,British,super_aguri,19,20,0.0,0.0,,4,0,7,1.4000000000000057,28.0
9407,2007,8.0,magny_cours,False,0.0,False,0.0,True,albers,Dutch,spyker,20,19,0.0,0.0,22.0,0,0,,2.799999999999997,28.0
9405,,8.0,magny_cours,False,0.0,False,0.0,True,sutil,German,spyker,21,17,0.0,0.0,21.0,0,0,10,2.9000000000000057,24.0
,2007,8.0,magny_cours,False,0.0,False,0.0,True,sato,Japanese,super_aguri,22,16,4.0,0.0,13.0,4,0,7,1.2000000000000028,30.0
9413,2007,9.0,silverstone,True,0.0,True,0.0,False,hamilton,British,mclaren,1,3,64.0,2.0,1.0,114,4,11,0.0,22.0
9411,2007,9.0,silverstone,True,0.0,True,0.0,False,raikkonen,Finnish,ferrari,2,1,42.0,,4.0,89,4,1,0.0999999999999943,27.0
9412,2007,9.0,silverstone,True,0.0,True,0.0,False,alonso,Spanish,mclaren,3,2,50.0,2.0,2.0,114,4,11,0.0999999999999943,25.0
9415,2007,9.0,silverstone,True,0.0,True,0.0,False,massa,Brazilian,ferrari,4,5,47.0,2.0,3.0,89,4,1,0.2999999999999971,26.0
9414,2007,9.0,silverstone,True,0.0,True,0.0,False,kubica,Polish,bmw_sauber,5,4,17.0,0.0,6.0,48,0,,0.4000000000000057,22.0
9429,2007,9.0,silverstone,True,0.0,True,0.0,False,ralf_schumacher,German,toyota,6,20,2.0,0.0,15.0,9,0,5,0.5,32.0
9417,2007,,silverstone,True,0.0,True,0.0,False,kovalainen,Finnish,renault,7,7,12.0,0.0,8.0,28,0,3,0.7000000000000028,25.0
9418,2007,9.0,silverstone,True,0.0,True,0.0,False,fisichella,Italian,renault,8,8,16.0,,7.0,28,0,3,0.7999999999999972,34.0
9416,2007,9.0,silverstone,True,0.0,True,0.0,False,heidfeld,German,bmw_sauber,9,6,30.0,0.0,5.0,48,0,2,,30.0
9426,2007,9.0,silverstone,True,0.0,True,0.0,Auto%#,trulli,Italian,toyota,10,17,7.0,0.0,10.0,9,0,5,1.2000000000000028,32.0
9431,2007,9.0,silverstone,True,0.0,True,,False,webber,Australian,red_bull,11,22,2.0,0.0,14.0,6,0,6,0.2000000000000028,30.0
9421,2007,9.0,silverstone,True,0.0,True,0.0,False,coulthard,British,Auto%#,12,11,4.0,0.0,12.0,6,0,6,0.2999999999999971,36.0
9423,2007,9.0,silverstone,True,0.0,True,0.0,False,wurz,Austrian,williams,13,13,8.0,0.0,9.0,13,0,4,0.4000000000000057,33.0
9419,2007,9.0,Auto%#,True,0.0,True,0.0,False,barrichello,Brazilian,honda,14,9,0.0,0.0,19.0,1,0,8,0.4000000000000057,35.0
9428,2007,9.0,silverstone,,0.0,True,0.0,False,speed,American,toro_rosso,15,19,0.0,0.0,18.0,0,0,9,0.5,24.0
9425,2007,9.0,silverstone,True,0.0,True,0.0,False,liuzzi,Italian,toro_rosso,16,16,0.0,0.0,23.0,0,0,9,0.7999999999999972,26.0
9422,2007,9.0,silverstone,True,0.0,True,0.0,False,rosberg,German,williams,17,12,5.0,0.0,11.0,13,0,4,1.2000000000000028,22.0
9420,2007,9.0,silverstone,True,0.0,Auto%#,0.0,False,button,British,honda,18,10,1.0,0.0,16.0,1,0,8,1.2999999999999972,27.0
9427,2007,9.0,silverstone,True,0.0,True,0.0,,davidson,British,super_aguri,19,18,0.0,0.0,20.0,4,0,7,1.4000000000000057,28.0
9430,2007,,silverstone,True,0.0,True,0.0,False,sutil,German,spyker,20,21,0.0,0.0,21.0,0,0,10,2.0,24.0
9424,2007,9.0,silverstone,True,0.0,True,0.0,False,sato,Japanese,super_aguri,21,Auto%#,4.0,0.0,13.0,4,0,7,2.5999999999999943,30.0
9445,2007,10.0,nurburgring,False,0.0,False,1.0,False,raikkonen,Finnish,ferrari,1,14,52.0,3.0,3.0,103,5,1,0.0,27.0
9432,2007,10.0,nurburgring,False,0.0,False,1.0,False,alonso,Spanish,,2,1,58.0,2.0,2.0,128,5,11,0.2000000000000028,25.0
9433,2007,10.0,nurburgring,False,0.0,False,1.0,False,massa,Brazilian,ferrari,3,2,51.0,2.0,4.0,103,5,1,0.2999999999999971,26.0
,2007,10.0,nurburgring,False,0.0,False,,False,heidfeld,German,bmw_sauber,4,6,33.0,0.0,5.0,56,0,2,0.2999999999999971,30.0
9438,2007,10.0,nurburgring,False,0.0,False,1.0,False,kubica,Polish,bmw_sauber,5,7,22.0,0.0,6.0,56,0,2,0.5999999999999943,22.0
9434,2007,10.0,nurburgring,False,0.0,False,1.0,False,webber,Australian,red_bull,,3,2.0,0.0,,6,0,6,1.0,30.0
9439,2007,10.0,nurburgring,False,0.0,False,1.0,False,kovalainen,Finnish,renault,7,8,14.0,0.0,8.0,,0,3,1.0,25.0
9444,2007,,nurburgring,False,0.0,False,1.0,False,trulli,Italian,toyota,8,13,7.0,0.0,10.0,9,0,Auto%#,1.0,33.0
9447,2007,10.0,nurburgring,False,0.0,False,1.0,False,ralf_schumacher,German,toyota,9,16,2.0,0.0,15.0,9,0,5,1.0999999999999943,32.0
9440,2007,10.0,,False,,False,1.0,False,hamilton,British,mclaren,10,9,70.0,2.0,1.0,128,5,11,,22.0
9451,2007,10.0,nurburgring,False,0.0,False,1.0,False,,German,williams,11,20,,0.0,11.0,13,0,4,0.5,22.0
9435,2007,10.0,nurburgring,False,0.0,False,1.0,False,wurz,Austrian,williams,12,4,8.0,0.0,9.0,13,0,4,0.5,
9441,2007,10.0,nurburgring,False,,False,1.0,False,fisichella,Italian,renault,13,10,17.0,0.0,7.0,31,0,3,0.5,34.0
9442,2007,10.0,nurburgring,False,0.0,False,1.0,False,barrichello,Brazilian,honda,14,11,0.0,0.0,18.0,1,0,8,0.7000000000000028,35.0
9443,2007,10.0,nurburgring,False,0.0,False,1.0,False,davidson,British,super_aguri,15,12,0.0,0.0,20.0,4,0,7,1.0,28.0
9446,2007,10.0,nurburgring,False,0.0,False,1.0,False,sato,Japanese,super_aguri,16,15,4.0,0.0,13.0,4,0,7,1.2999999999999972,30.0
9449,2007,10.0,nurburgring,False,0.0,False,1.0,False,button,British,honda,17,18,1.0,0.0,16.0,1,0,8,1.5,27.0
9452,2007,10.0,nurburgring,False,0.0,False,1.0,False,,American,toro_rosso,18,21,0.0,0.0,19.0,0,0,9,1.5,24.0
9453,2007,10.0,nurburgring,False,,False,1.0,False,liuzzi,Italian,,19,22,0.0,0.0,23.0,0,0,9,1.5999999999999943,26.0
9436,2007,10.0,nurburgring,False,0.0,,1.0,False,coulthard,British,red_bull,20,5,4.0,0.0,12.0,6,0,6,1.7000000000000028,36.0
9450,2007,10.0,nurburgring,False,0.0,False,1.0,False,sutil,German,spyker,21,19,0.0,0.0,21.0,0,0,10,3.0,24.0
9448,2007,10.0,nurburgring,False,0.0,False,1.0,False,markus_winkelhock,German,spyker,22,17,0.0,0.0,0.0,0,0,10,4.400000000000006,27.0
9454,2007,11.0,hungaroring,False,0.0,False,0.0,False,hamilton,British,mclaren,1,1,70.0,2.0,1.0,138,5,11,0.0,22.0
9456,2007,11.0,hungaroring,False,0.0,False,0.0,False,heidfeld,German,bmw_sauber,2,3,36.0,0.0,5.0,61,0,2,0.5,30.0
9455,2007,11.0,hungaroring,False,0.0,False,0.0,False,raikkonen,Finnish,ferrari,3,2,52.0,3.0,4.0,111,5,1,0.6000000000000085,27.0
9460,2007,11.0,hungaroring,False,0.0,False,0.0,False,rosberg,German,williams,4,7,5.0,0.0,13.0,18,0,4,0.7999999999999972,22.0
9459,2007,11.0,hungaroring,False,0.0,False,0.0,False,ralf_schumacher,German,toyota,5,6,2.0,0.0,15.0,9,0,6,0.9000000000000057,32.0
9457,2007,11.0,hungaroring,False,,False,0.0,False,alonso,Spanish,mclaren,6,4,68.0,3.0,2.0,138,5,11,-0.0999999999999943,26.0
9458,2007,11.0,hungaroring,False,0.0,False,0.0,False,kubica,Polish,bmw_sauber,7,5,24.0,0.0,6.0,61,0,2,1.1000000000000083,22.0
9463,2007,11.0,hungaroring,False,,False,0.0,,trulli,Italian,toyota,8,10,,0.0,,9,0,6,1.4000000000000057,33.0
9462,2007,11.0,hungaroring,False,0.0,False,0.0,False,webber,Australian,red_bull,9,9,8.0,0.0,10.0,16,0,5,1.5,30.0
9464,2007,11.0,hungaroring,False,0.0,False,0.0,False,coulthard,British,red_bull,10,11,8.0,0.0,11.0,16,0,5,0.9000000000000057,36.0
9461,2007,11.0,hungaroring,False,0.0,Auto%#,0.0,False,kovalainen,Finnish,renault,11,8,15.0,0.0,8.0,32,0,3,,25.0
9467,2007,11.0,hungaroring,False,0.0,False,0.0,,wurz,Austrian,williams,12,14,13.0,0.0,9.0,18,0,4,1.1000000000000083,33.0
9465,2007,11.0,hungaroring,False,0.0,False,0.0,False,fisichella,Italian,renault,13,12,17.0,0.0,7.0,32,0,3,1.2999999999999972,34.0
9466,2007,11.0,hungaroring,False,0.0,False,0.0,False,,Brazilian,ferrari,14,13,59.0,2.0,3.0,111,5,1,1.2000000000000028,26.0
9473,2007,11.0,hungaroring,False,0.0,False,0.0,False,davidson,British,super_aguri,15,20,0.0,0.0,20.0,4,0,7,1.2999999999999972,28.0
9472,2007,11.0,hungaroring,False,0.0,False,0.0,False,liuzzi,Italian,toro_rosso,16,19,0.0,0.0,23.0,0,0,9,2.200000000000003,26.0
9474,2007,11.0,hungaroring,False,0.0,False,0.0,False,button,British,honda,17,21,1.0,0.0,16.0,1,0,8,1.9000000000000057,27.0
9471,2007,11.0,hungaroring,False,0.0,False,0.0,False,barrichello,Brazilian,honda,18,18,0.0,0.0,18.0,1,0,8,2.1000000000000085,35.0
9468,2007,11.0,hungaroring,False,0.0,False,0.0,,sato,Japanese,super_aguri,19,15,4.0,0.0,14.0,4,0,,2.299999999999997,30.0
9469,2007,11.0,hungaroring,False,0.0,False,0.0,False,vettel,German,toro_rosso,20,,1.0,0.0,17.0,0,0,9,2.4000000000000057,20.0
9470,2007,11.0,hungaroring,False,0.0,False,0.0,False,sutil,German,spyker,21,17,0.0,0.0,21.0,0,0,Auto%#,2.9000000000000057,24.0
9475,2007,11.0,hungaroring,False,0.0,False,0.0,False,yamamoto,Japanese,spyker,22,22,0.0,0.0,0.0,0,0,10,4.0,25.0
9476,2007,12.0,istanbul,True,0.0,False,0.0,False,massa,Brazilian,ferrari,1,1,59.0,2.0,4.0,119,5,1,0.0,26.0
9480,2007,12.0,istanbul,True,0.0,False,0.0,,hamilton,British,mclaren,2,5,80.0,3.0,1.0,138,6,11,0.1000000000000085,22.0
9477,2007,12.0,istanbul,True,0.0,False,0.0,False,raikkonen,,ferrari,3,2,60.0,3.0,3.0,119,5,1,0.2000000000000028,27.0
9478,2007,12.0,istanbul,True,0.0,False,0.0,False,alonso,Spanish,mclaren,4,3,73.0,3.0,2.0,138,6,11,0.2999999999999971,26.0
9483,2007,12.0,istanbul,True,0.0,False,0.0,False,kubica,Polish,bmw_sauber,Auto%#,8,28.0,0.0,6.0,,0,2,0.4000000000000057,22.0
9479,2007,12.0,istanbul,True,0.0,False,0.0,False,heidfeld,German,bmw_sauber,6,4,,0.0,5.0,71,0,2,0.7000000000000028,30.0
9481,2007,12.0,istanbul,True,0.0,False,,Auto%#,kovalainen,Finnish,renault,7,6,16.0,0.0,,33,0,3,1.2000000000000028,25.0
9482,2007,12.0,istanbul,True,0.0,False,0.0,False,rosberg,,williams,8,7,7.0,0.0,12.0,20,0,4,1.2000000000000028,22.0
9491,2007,12.0,istanbul,True,0.0,False,0.0,False,trulli,Italian,toyota,,16,7.0,0.0,13.0,12,0,6,1.4000000000000057,33.0
9484,2007,12.0,istanbul,True,0.0,False,0.0,False,fisichella,,renault,10,9,17.0,0.0,7.0,33,0,3,2.0,34.0
9489,2007,12.0,istanbul,True,0.0,False,0.0,False,davidson,British,super_aguri,11,14,0.0,0.0,20.0,4,0,7,0.7000000000000028,28.0
9497,2007,12.0,istanbul,True,0.0,False,0.0,False,webber,Australian,red_bull,12,22,8.0,,,16,0,5,0.7000000000000028,30.0
9485,2007,12.0,istanbul,True,0.0,False,0.0,False,coulthard,British,red_bull,13,10,8.0,0.0,11.0,16,0,5,0.7999999999999972,36.0
9486,2007,12.0,istanbul,True,0.0,False,0.0,False,wurz,Austrian,williams,14,11,13.0,0.0,,20,0,4,1.1000000000000083,33.0
9490,2007,12.0,istanbul,True,0.0,False,0.0,,liuzzi,Italian,toro_rosso,15,15,0.0,0.0,23.0,0,0,9,1.5,27.0
9487,2007,12.0,istanbul,True,0.0,False,0.0,False,ralf_schumacher,German,toyota,16,12,5.0,0.0,14.0,12,0,6,1.5,32.0
9493,2007,12.0,istanbul,True,0.0,False,0.0,False,sato,Japanese,super_aguri,17,18,4.0,0.0,15.0,4,0,7,1.7000000000000028,30.0
9494,2007,12.0,istanbul,True,0.0,False,0.0,,vettel,German,toro_rosso,18,19,1.0,0.0,17.0,0,0,9,2.1000000000000085,20.0
9496,2007,12.0,istanbul,True,0.0,False,0.0,False,sutil,German,spyker,19,21,0.0,0.0,21.0,0,0,10,2.6000000000000085,24.0
9495,2007,12.0,istanbul,True,0.0,False,0.0,False,yamamoto,Japanese,spyker,20,20,0.0,0.0,0.0,0,0,10,4.200000000000003,25.0
9488,2007,12.0,istanbul,True,0.0,False,0.0,False,button,British,honda,21,13,1.0,0.0,,1,0,8,0.9000000000000057,27.0
9492,2007,12.0,istanbul,True,0.0,False,0.0,False,barrichello,Brazilian,honda,22,17,0.0,0.0,18.0,1,0,8,0.9000000000000057,35.0
9498,2007,13.0,monza,True,0.0,False,0.0,False,alonso,Spanish,mclaren,1,1,79.0,3.0,2.0,148,6,11,0.0,26.0
9499,2007,13.0,monza,True,0.0,False,0.0,False,hamilton,British,mclaren,2,2,84.0,3.0,1.0,148,6,11,0.0,22.0
9518,2007,13.0,monza,True,0.0,False,0.0,False,massa,Brazilian,ferrari,3,21,69.0,3.0,3.0,137,6,1,0.5,26.0
9501,2007,13.0,monza,True,0.0,False,0.0,False,heidfeld,German,bmw_sauber,4,4,47.0,0.0,5.0,77,0,2,1.2000000000000028,30.0
9500,2007,13.0,monza,True,0.0,False,0.0,False,raikkonen,Finnish,ferrari,,3,68.0,3.0,4.0,137,6,1,1.2000000000000028,27.0
9502,2007,13.0,monza,True,0.0,False,0.0,False,kubica,Polish,bmw_sauber,6,5,29.0,0.0,6.0,77,0,2,1.4000000000000057,22.0
9504,2007,13.0,monza,True,0.0,False,0.0,False,kovalainen,Finnish,renault,7,7,19.0,0.0,7.0,,0,3,2.0999999999999943,25.0
9503,2007,13.0,monza,True,0.0,False,0.0,False,rosberg,German,williams,8,6,9.0,0.0,10.0,22,0,4,2.4000000000000057,22.0
9508,2007,13.0,monza,True,0.0,,0.0,False,trulli,Italian,toyota,9,11,7.0,0.0,13.0,12,0,6,2.5999999999999943,33.0
9505,2007,13.0,monza,True,0.0,False,0.0,False,button,British,honda,10,8,1.0,,16.0,1,0,8,3.200000000000003,27.0
9506,2007,13.0,monza,True,0.0,False,0.0,False,webber,Australian,red_bull,11,9,8.0,0.0,11.0,16,0,5,1.2000000000000028,31.0
9507,2007,,monza,True,0.0,False,0.0,False,barrichello,Brazilian,honda,12,10,0.0,0.0,18.0,1,0,8,1.2000000000000028,35.0
9510,2007,13.0,monza,True,0.0,False,0.0,False,wurz,Austrian,williams,13,13,13.0,0.0,9.0,22,0,4,1.2000000000000028,33.0
9511,2007,13.0,monza,True,0.0,False,0.0,False,davidson,British,super_aguri,14,14,0.0,0.0,20.0,4,0,7,1.2999999999999972,28.0
9509,,13.0,monza,True,0.0,False,0.0,False,fisichella,Italian,renault,15,12,17.0,0.0,8.0,36,0,,1.2999999999999972,34.0
,2007,13.0,monza,True,0.0,False,0.0,False,vettel,German,toro_rosso,16,18,1.0,0.0,17.0,0,0,9,1.4000000000000057,20.0
9513,2007,13.0,monza,,,False,0.0,False,sato,Japanese,super_aguri,17,16,4.0,0.0,15.0,4,0,7,1.7000000000000028,30.0
9512,2007,13.0,monza,True,0.0,False,0.0,False,ralf_schumacher,German,toyota,18,15,5.0,0.0,14.0,,0,6,1.7999999999999972,32.0
9514,2007,13.0,monza,True,0.0,False,0.0,False,liuzzi,Italian,toro_rosso,19,17,0.0,0.0,23.0,0,0,9,1.9000000000000057,27.0
9519,2007,13.0,monza,True,0.0,False,0.0,False,coulthard,British,red_bull,20,22,8.0,0.0,12.0,16,0,5,2.0,36.0
9516,2007,13.0,,True,0.0,,0.0,False,sutil,German,spyker,21,19,0.0,0.0,21.0,0,,10,2.700000000000003,24.0
9517,2007,13.0,monza,True,0.0,False,0.0,False,yamamoto,Japanese,spyker,22,20,0.0,0.0,24.0,0,0,10,3.0999999999999943,25.0
9520,2007,14.0,spa,True,0.0,True,0.0,False,raikkonen,Finnish,ferrari,1,1,74.0,3.0,3.0,143,6,1,0.0,27.0
9521,2007,14.0,,True,0.0,True,0.0,False,massa,Brazilian,ferrari,2,2,69.0,3.0,4.0,143,6,1,0.0,26.0
9522,2007,14.0,,True,0.0,True,0.0,False,alonso,Spanish,,3,3,89.0,4.0,2.0,166,7,,0.0999999999999943,26.0
9523,2007,14.0,spa,True,,True,0.0,False,hamilton,British,,4,4,92.0,3.0,,166,7,11,0.4000000000000057,22.0
9525,2007,14.0,spa,True,0.0,True,0.0,False,,German,williams,5,Auto%#,12.0,0.0,10.0,25,0,4,1.2999999999999972,22.0
9524,2007,14.0,,True,0.0,True,0.0,False,heidfeld,German,bmw_sauber,6,5,52.0,0.0,5.0,86,0,2,1.4000000000000057,30.0
9526,2007,14.0,spa,True,0.0,True,0.0,False,webber,Australian,red_bull,7,7,8.0,0.0,11.0,16,0,5,1.5,31.0
9530,2007,14.0,spa,True,0.0,True,0.0,False,trulli,Italian,toyota,8,11,7.0,0.0,13.0,12,0,6,1.7999999999999972,33.0
9527,2007,14.0,spa,,0.0,True,0.0,False,,Finnish,renault,9,8,21.0,0.0,7.0,38,,3,2.5,25.0
9529,2007,14.0,spa,True,0.0,True,0.0,False,ralf_schumacher,German,toyota,10,10,5.0,0.0,14.0,12,0,6,0.5999999999999943,32.0
9539,,14.0,spa,True,0.0,True,0.0,False,coulthard,British,red_bull,11,,8.0,0.0,12.0,16,0,5,0.7999999999999972,36.0
9537,2007,14.0,spa,True,0.0,True,0.0,False,button,British,honda,12,18,2.0,0.0,16.0,2,0,8,1.0,27.0
9531,2007,14.0,spa,True,0.0,True,0.0,False,liuzzi,Italian,toro_rosso,13,12,0.0,0.0,23.0,0,0,9,1.0999999999999943,27.0
9528,2007,14.0,spa,True,0.0,True,0.0,False,kubica,Polish,bmw_sauber,14,9,33.0,0.0,6.0,86,0,2,1.0,22.0
9538,2007,14.0,spa,True,0.0,True,0.0,False,wurz,Austrian,williams,15,19,13.0,0.0,9.0,25,0,4,1.4000000000000057,33.0
9540,2007,14.0,spa,True,0.0,True,0.0,Auto%#,vettel,German,toro_rosso,16,21,1.0,0.0,17.0,0,0,9,1.5999999999999943,20.0
9532,2007,14.0,spa,True,0.0,True,0.0,False,barrichello,Brazilian,honda,17,13,0.0,0.0,18.0,2,0,8,2.0,35.0
9534,2007,14.0,spa,True,0.0,True,0.0,False,sato,Japanese,super_aguri,18,15,4.0,0.0,15.0,4,0,7,2.0,30.0
9533,2007,14.0,spa,True,0.0,True,,False,sutil,German,spyker,19,14,0.0,0.0,21.0,0,0,10,2.0,
9535,2007,14.0,spa,True,0.0,,0.0,False,davidson,British,super_aguri,20,16,0.0,0.0,20.0,4,0,7,2.200000000000003,28.0
9536,2007,14.0,spa,True,0.0,True,,False,yamamoto,,spyker,21,,0.0,0.0,,0,0,10,3.5999999999999943,25.0
9541,2007,14.0,spa,True,,True,0.0,False,fisichella,Italian,renault,22,22,17.0,0.0,8.0,38,0,3,0.5999999999999943,34.0
9542,2007,15.0,fuji,False,0.0,False,1.0,False,,British,mclaren,1,1,97.0,3.0,1.0,192,7,11,0.0,22.0
9562,2007,15.0,fuji,False,,False,1.0,False,alonso,Spanish,mclaren,2,21,95.0,4.0,2.0,192,7,11,0.0,26.0
9544,2007,15.0,fuji,False,0.0,False,1.0,False,raikkonen,Finnish,ferrari,3,3,84.0,4.0,3.0,161,7,1,0.0999999999999943,27.0
9547,2007,15.0,fuji,False,0.0,False,1.0,False,massa,Brazilian,ferrari,4,6,77.0,3.0,4.0,161,7,1,0.3999999999999915,26.0
9555,2007,15.0,fuji,False,,False,1.0,False,heidfeld,German,bmw_sauber,,14,56.0,0.0,5.0,90,0,2,1.0999999999999943,30.0
9552,2007,15.0,fuji,False,0.0,False,1.0,False,button,British,honda,6,11,2.0,0.0,16.0,2,0,8,1.5,27.0
9561,2007,15.0,fuji,False,0.0,False,1.0,False,webber,Australian,red_bull,7,20,10.0,0.0,11.0,18,0,5,1.5,31.0
9560,2007,15.0,fuji,False,0.0,False,1.0,False,vettel,German,Auto%#,8,19,1.0,0.0,17.0,0,0,9,1.5999999999999943,20.0
9548,2007,15.0,fuji,False,0.0,False,1.0,False,,Polish,bmw_sauber,9,7,33.0,0.0,6.0,90,0,2,1.7999999999999972,22.0
,2007,15.0,fuji,False,0.0,False,1.0,False,fisichella,Italian,renault,10,5,17.0,0.0,,39,0,3,0.5999999999999943,34.0
9543,2007,15.0,fuji,False,0.0,,1.0,False,kovalainen,Finnish,renault,11,2,22.0,0.0,7.0,39,0,3,0.7999999999999972,25.0
9545,2007,15.0,fuji,False,0.0,False,1.0,False,coulthard,British,red_bull,12,4,8.0,0.0,12.0,18,0,5,0.7999999999999972,36.0
9554,2007,15.0,fuji,False,0.0,False,1.0,Auto%#,trulli,Italian,toyota,13,13,7.0,0.0,,12,0,6,0.8999999999999915,
9550,2007,15.0,fuji,False,0.0,False,1.0,False,liuzzi,Italian,toro_rosso,14,9,0.0,0.0,21.0,0,0,9,1.5,27.0
9559,2007,15.0,fuji,False,0.0,False,1.0,False,rosberg,German,williams,16,18,15.0,0.0,9.0,28,0,4,1.2999999999999972,22.0
9551,2007,15.0,fuji,False,0.0,False,,False,barrichello,Brazilian,honda,17,10,0.0,0.0,,2,0,8,1.8999999999999917,35.0
9563,2007,15.0,fuji,False,0.0,False,1.0,False,wurz,Austrian,williams,18,22,13.0,0.0,10.0,28,0,4,,33.0
9558,2007,15.0,fuji,False,0.0,False,1.0,False,davidson,British,super_aguri,19,17,0.0,0.0,20.0,4,0,7,2.1999999999999886,28.0
9549,2007,15.0,fuji,False,0.0,False,1.0,False,sutil,German,spyker,20,8,0.0,0.0,22.0,0,,10,3.1999999999999886,24.0
9556,,15.0,fuji,False,,False,1.0,False,sato,Japanese,super_aguri,Auto%#,15,4.0,0.0,15.0,4,0,7,3.3999999999999915,30.0
9553,2007,15.0,fuji,False,0.0,False,1.0,False,yamamoto,Japanese,spyker,22,12,0.0,0.0,24.0,0,0,10,4.299999999999997,25.0
9582,2007,16.0,shanghai,False,0.0,False,1.0,False,hamilton,British,mclaren,1,19,107.0,4.0,1.0,202,8,11,0.0,22.0
9564,2007,16.0,shanghai,False,0.0,False,1.0,False,raikkonen,Finnish,,2,1,90.0,4.0,3.0,170,7,1,0.0999999999999943,27.0
9566,2007,16.0,shanghai,False,0.0,Auto%#,1.0,False,massa,Brazilian,ferrari,3,3,80.0,3.0,4.0,170,7,1,0.2999999999999971,26.0
9565,2007,16.0,shanghai,False,0.0,False,1.0,False,alonso,Spanish,mclaren,4,2,95.0,4.0,2.0,202,8,11,0.6999999999999886,26.0
9571,2007,16.0,shanghai,False,0.0,False,1.0,False,coulthard,British,red_bull,5,8,13.0,0.0,11.0,23,0,5,1.6999999999999886,36.0
9583,2007,16.0,shanghai,False,,False,1.0,False,ralf_schumacher,German,toyota,6,20,5.0,0.0,14.0,12,0,6,2.0999999999999943,32.0
9573,2007,16.0,shanghai,False,0.0,False,1.0,False,webber,Australian,red_bull,7,10,10.0,0.0,12.0,23,0,5,2.299999999999997,31.0
9570,2007,,shanghai,False,0.0,False,1.0,False,heidfeld,German,bmw_sauber,8,7,56.0,0.0,5.0,92,0,2,2.5999999999999943,30.0
9581,2007,16.0,shanghai,False,0.0,,1.0,False,kubica,Polish,bmw_sauber,9,18,35.0,0.0,6.0,92,0,2,2.5999999999999943,22.0
9568,2007,16.0,shanghai,False,0.0,False,1.0,False,button,British,honda,10,5,2.0,,16.0,2,0,8,3.3999999999999915,27.0
9569,2007,16.0,shanghai,False,0.0,False,1.0,False,liuzzi,Italian,toro_rosso,11,6,0.0,0.0,20.0,0,0,10,1.0,
9576,2007,16.0,shanghai,False,0.0,False,1.0,False,trulli,Italian,toyota,12,13,7.0,0.0,13.0,12,0,6,1.0999999999999943,33.0
9572,2007,16.0,shanghai,False,0.0,False,1.0,False,kovalainen,Finnish,renault,13,9,30.0,0.0,7.0,51,0,3,1.0999999999999943,25.0
9585,2007,16.0,shanghai,False,0.0,False,1.0,False,davidson,British,,14,,0.0,0.0,22.0,4,0,7,1.2999999999999972,28.0
9579,2007,16.0,shanghai,False,0.0,False,1.0,False,rosberg,German,Auto%#,15,16,15.0,0.0,,28,0,4,1.5999999999999943,22.0
9578,2007,16.0,shanghai,False,0.0,,1.0,False,barrichello,Brazilian,honda,16,15,0.0,,19.0,2,0,8,1.3999999999999917,35.0
9567,2007,16.0,shanghai,False,0.0,False,1.0,False,vettel,German,toro_rosso,17,4,1.0,0.0,18.0,0,0,10,1.0,20.0
9574,2007,16.0,shanghai,False,,False,1.0,False,fisichella,Italian,renault,18,11,21.0,0.0,8.0,51,0,3,1.3999999999999917,34.0
9575,2007,16.0,shanghai,False,0.0,False,1.0,False,wurz,Austrian,williams,,12,13.0,0.0,10.0,28,0,4,1.5999999999999943,33.0
9577,2007,16.0,shanghai,False,0.0,False,,False,sato,Japanese,super_aguri,20,14,4.0,0.0,15.0,4,0,7,2.299999999999997,30.0
9584,,16.0,shanghai,False,0.0,False,1.0,False,sutil,Auto%#,spyker,21,21,1.0,0.0,17.0,1,0,9,2.799999999999997,24.0
9580,2007,16.0,shanghai,False,0.0,False,1.0,False,,Japanese,spyker,22,17,0.0,0.0,23.0,1,0,9,3.3999999999999915,25.0
,2007,17.0,interlagos,False,0.0,False,0.0,False,massa,Brazilian,ferrari,1,2,86.0,3.0,4.0,186,8,1,0.0,26.0
9592,2007,17.0,interlagos,False,0.0,False,0.0,False,hamilton,British,mclaren,2,7,107.0,4.0,1.0,210,8,11,0.1999999999999886,22.0
9586,2007,17.0,interlagos,False,0.0,False,0.0,False,raikkonen,Finnish,ferrari,3,1,100.0,5.0,3.0,186,8,1,0.3999999999999915,28.0
9588,2007,17.0,interlagos,False,0.0,False,0.0,,alonso,Spanish,mclaren,4,3,103.0,4.0,2.0,210,8,11,0.5,26.0
9605,2007,17.0,interlagos,False,0.0,False,0.0,False,webber,Australian,red_bull,5,,10.0,0.0,12.0,24,0,5,1.0,31.0
9591,2007,17.0,interlagos,False,0.0,,0.0,False,heidfeld,German,bmw_sauber,6,6,58.0,0.0,5.0,94,0,2,1.1999999999999886,30.0
9590,2007,17.0,interlagos,False,0.0,False,0.0,False,kubica,Polish,bmw_sauber,7,5,35.0,0.0,6.0,,0,2,1.1999999999999886,22.0
9593,2007,17.0,interlagos,False,,False,0.0,False,trulli,Italian,toyota,8,8,7.0,0.0,13.0,12,0,6,1.2999999999999972,33.0
9594,2007,17.0,interlagos,False,0.0,False,0.0,False,coulthard,British,red_bull,9,9,14.0,0.0,10.0,24,0,5,1.3999999999999917,36.0
9589,2007,17.0,interlagos,False,0.0,Auto%#,0.0,False,rosberg,German,williams,10,4,15.0,0.0,9.0,28,0,4,1.5999999999999943,22.0
9601,2007,17.0,,False,0.0,False,0.0,False,,Brazilian,honda,11,16,0.0,0.0,20.0,6,0,8,1.0,35.0
9607,2007,17.0,interlagos,False,0.0,False,0.0,False,fisichella,Italian,renault,12,22,21.0,0.0,8.0,51,0,3,1.0999999999999943,34.0
9603,2007,17.0,interlagos,False,0.0,False,0.0,False,vettel,German,toro_rosso,13,18,6.0,0.0,14.0,8,0,7,1.1999999999999886,20.0
9598,2007,17.0,interlagos,False,0.0,False,0.0,False,liuzzi,,toro_rosso,14,13,3.0,0.0,18.0,8,0,7,1.3999999999999917,27.0
9596,2007,17.0,interlagos,False,0.0,False,0.0,False,ralf_schumacher,German,toyota,15,11,5.0,0.0,16.0,12,0,6,1.3999999999999917,32.0
9604,2007,17.0,interlagos,False,0.0,False,0.0,False,button,British,honda,16,19,6.0,0.0,15.0,6,0,8,1.5999999999999943,27.0
9602,2007,,interlagos,False,0.0,False,0.0,False,,Finnish,renault,17,17,30.0,0.0,7.0,51,0,3,2.1999999999999886,26.0
9597,2007,17.0,interlagos,False,0.0,False,,False,sato,Japanese,super_aguri,18,12,4.0,0.0,17.0,4,0,9,2.1999999999999886,30.0
9595,2007,17.0,interlagos,False,0.0,False,0.0,False,nakajima,Japanese,williams,19,10,0.0,0.0,0.0,28,0,4,2.5,22.0
9599,2007,17.0,interlagos,False,0.0,False,0.0,False,davidson,British,super_aguri,20,14,0.0,0.0,22.0,4,0,9,2.6999999999999886,28.0
9600,2007,17.0,interlagos,False,,False,0.0,False,sutil,German,spyker,21,15,1.0,0.0,19.0,1,0,10,3.299999999999997,24.0
9606,2007,17.0,interlagos,False,,False,0.0,False,yamamoto,Japanese,spyker,22,21,0.0,0.0,23.0,1,0,10,3.5999999999999943,25.0
9608,2008,1.0,albert_park,True,0.0,False,0.0,False,hamilton,British,mclaren,1,1,0.0,0.0,0.0,0,0,0,0.0,23.0
9616,2008,1.0,albert_park,True,,False,0.0,False,kubica,Polish,bmw_sauber,2,9,0.0,0.0,0.0,0,0,0,0.2000000000000028,23.0
9612,2008,1.0,albert_park,True,0.0,False,0.0,False,,Finnish,mclaren,Auto%#,5,0.0,0.0,0.0,0,0,0,0.3999999999999915,26.0
9620,2008,1.0,albert_park,True,0.0,False,0.0,False,massa,,ferrari,4,13,0.0,0.0,0.0,0,0,0,0.5,26.0
9609,2008,1.0,albert_park,True,0.0,False,0.0,False,heidfeld,German,bmw_sauber,5,2,0.0,0.0,0.0,0,0,0,0.5,30.0
9622,2008,1.0,albert_park,True,0.0,False,0.0,False,trulli,Italian,toyota,6,15,0.0,0.0,0.0,,0,0,1.7999999999999972,33.0
9610,2008,1.0,albert_park,True,0.0,False,,False,rosberg,German,williams,7,,0.0,0.0,0.0,0,0,0,2.0,22.0
9621,2008,,albert_park,True,0.0,False,0.0,False,coulthard,British,red_bull,8,14,0.0,0.0,0.0,0,0,0,2.299999999999997,36.0
9628,2008,1.0,albert_park,True,0.0,False,,False,barrichello,Brazilian,honda,10,22,0.0,0.0,0.0,0,0,0,-0.5,35.0
9611,2008,1.0,albert_park,True,0.0,False,0.0,False,alonso,Spanish,renault,11,4,0.0,0.0,,0,0,0,-0.5,26.0
9624,,1.0,Auto%#,True,0.0,False,0.0,False,button,British,honda,12,18,0.0,0.0,0.0,0,0,0,-0.4000000000000057,28.0
9613,2008,1.0,albert_park,True,,False,0.0,False,nakajima,Japanese,williams,13,6,0.0,0.0,0.0,0,0,0,-0.2999999999999971,23.0
9627,2008,1.0,albert_park,True,0.0,False,0.0,False,fisichella,Italian,force_india,16,21,0.0,0.0,0.0,0,0,0,0.5,35.0
9614,2008,1.0,albert_park,True,0.0,False,,False,bourdais,French,toro_rosso,17,7,0.0,0.0,0.0,0,0,0,0.7000000000000028,29.0
9617,2008,1.0,albert_park,True,0.0,False,0.0,False,glock,German,toyota,18,10,0.0,0.0,0.0,0,0,0,2.8999999999999915,25.0
9618,2008,1.0,albert_park,True,0.0,,0.0,False,sato,Japanese,super_aguri,19,11,0.0,0.0,0.0,0,0,0,1.5,31.0
9619,2008,1.0,albert_park,True,0.0,False,0.0,False,piquet_jr,Brazilian,renault,20,12,0.0,0.0,0.0,0,0,0,1.5999999999999943,22.0
9625,,1.0,albert_park,,0.0,False,0.0,,davidson,British,super_aguri,21,Auto%#,0.0,0.0,0.0,0,0,0,2.3999999999999915,28.0
9647,2008,2.0,sepang,False,0.0,False,0.0,True,massa,Brazilian,,1,19,0.0,0.0,0.0,1,0,6,0.0,26.0
9629,2008,2.0,sepang,False,,False,0.0,True,raikkonen,Finnish,ferrari,2,1,1.0,0.0,8.0,1,0,6,0.5,28.0
9632,2008,2.0,sepang,False,0.0,False,0.0,True,trulli,Italian,toyota,3,4,0.0,0.0,0.0,0,0,0,,33.0
9630,2008,2.0,sepang,False,0.0,False,0.0,True,kubica,Polish,bmw_sauber,4,2,0.0,0.0,0.0,8,0,3,1.0,23.0
9634,2008,2.0,sepang,False,0.0,False,0.0,True,,German,bmw_sauber,5,6,8.0,0.0,2.0,8,0,3,1.0999999999999943,30.0
9635,2008,2.0,sepang,False,0.0,False,0.0,True,,Australian,red_bull,Auto%#,7,0.0,0.0,0.0,0,0,0,1.2999999999999972,31.0
9636,2008,2.0,sepang,False,0.0,False,0.0,True,alonso,Spanish,renault,7,8,5.0,0.0,4.0,5,0,4,2.799999999999997,26.0
9631,2008,2.0,sepang,,0.0,False,,True,kovalainen,Finnish,mclaren,8,3,4.0,0.0,5.0,14,1,1,0.8999999999999915,
9633,2008,2.0,sepang,False,0.0,False,0.0,True,hamilton,British,mclaren,9,5,10.0,1.0,1.0,14,1,1,1.0,23.0
9649,2008,2.0,sepang,False,0.0,False,0.0,True,glock,German,toyota,,21,0.0,0.0,0.0,0,0,0,4.0,
9638,2008,2.0,sepang,False,0.0,False,0.0,True,button,British,honda,11,10,0.0,0.0,0.0,0,0,0,,28.0
9637,2008,2.0,sepang,False,0.0,False,0.0,True,coulthard,British,red_bull,12,9,0.0,,0.0,0,0,0,-0.2999999999999971,36.0
9639,2008,2.0,sepang,False,0.0,False,0.0,True,piquet_jr,Brazilian,renault,13,11,0.0,0.0,0.0,5,0,4,-0.1000000000000085,22.0
9641,2008,2.0,sepang,False,0.0,False,0.0,True,barrichello,Brazilian,honda,14,13,0.0,0.0,0.0,0,0,0,-0.1000000000000085,35.0
9646,2008,2.0,sepang,False,0.0,False,0.0,True,vettel,German,toro_rosso,15,18,0.0,0.0,0.0,2,0,5,-0.1000000000000085,20.0
9642,2008,2.0,sepang,False,0.0,False,0.0,True,rosberg,German,williams,16,14,6.0,0.0,3.0,9,0,2,0.0,22.0
9640,2008,2.0,sepang,False,0.0,False,0.0,True,fisichella,Italian,force_india,17,12,0.0,0.0,0.0,0,0,0,0.5,35.0
9650,2008,2.0,sepang,False,0.0,False,0.0,True,,French,toro_rosso,18,22,2.0,0.0,7.0,2,0,5,1.0,29.0
9644,2008,2.0,,False,0.0,False,0.0,True,sato,Japanese,super_aguri,19,16,0.0,0.0,0.0,0,0,0,1.3999999999999917,31.0
9648,2008,2.0,sepang,False,,False,0.0,True,sutil,German,force_india,20,20,0.0,0.0,0.0,0,0,0,1.3999999999999917,25.0
9643,2008,2.0,sepang,False,0.0,False,,True,davidson,British,super_aguri,21,15,0.0,0.0,0.0,0,0,0,1.7999999999999972,28.0
9645,2008,2.0,sepang,False,0.0,False,0.0,True,nakajima,Japanese,williams,22,17,3.0,0.0,6.0,9,0,2,0.7000000000000028,23.0
9653,2008,3.0,bahrain,False,0.0,True,0.0,False,kubica,Polish,bmw_sauber,1,3,8.0,0.0,5.0,19,0,Auto%#,0.0,23.0
9651,2008,3.0,bahrain,False,0.0,True,0.0,False,massa,Brazilian,ferrari,2,1,0.0,0.0,0.0,11,1,3,0.0,26.0
9663,2008,3.0,bahrain,False,0.0,True,0.0,False,hamilton,British,mclaren,3,13,14.0,1.0,1.0,24,1,1,0.2000000000000028,23.0
9652,,3.0,bahrain,False,0.0,True,0.0,False,raikkonen,Finnish,ferrari,4,2,11.0,1.0,2.0,11,1,3,0.3000000000000113,28.0
9655,2008,3.0,bahrain,False,0.0,True,0.0,False,kovalainen,Finnish,mclaren,5,5,10.0,0.0,4.0,24,1,1,0.4000000000000057,26.0
9654,2008,3.0,bahrain,False,0.0,True,0.0,False,heidfeld,German,bmw_sauber,6,4,11.0,0.0,3.0,19,0,2,0.6000000000000085,30.0
9656,2008,3.0,bahrain,False,0.0,True,0.0,False,trulli,Italian,toyota,7,6,5.0,0.0,8.0,5,0,6,0.9000000000000057,33.0
9658,2008,3.0,bahrain,False,0.0,True,0.0,False,rosberg,German,williams,8,8,6.0,0.0,6.0,9,0,4,0.9000000000000057,22.0
9671,2008,3.0,bahrain,False,0.0,True,0.0,False,button,British,honda,,21,0.0,0.0,13.0,,0,9,2.0,28.0
9660,2008,3.0,bahrain,False,0.0,True,0.0,False,alonso,Spanish,renault,10,10,6.0,0.0,7.0,6,0,5,2.0,26.0
9657,2008,3.0,bahrain,False,0.0,True,0.0,False,webber,Australian,red_bull,11,7,2.0,0.0,11.0,2,0,7,-0.6999999999999886,31.0
9661,2008,3.0,bahrain,False,0.0,True,0.0,False,barrichello,Brazilian,honda,12,11,0.0,0.0,16.0,0,0,9,-0.5999999999999943,35.0
9659,2008,3.0,bahrain,False,0.0,True,0.0,False,glock,German,toyota,13,9,0.0,0.0,0.0,5,0,6,-0.5999999999999943,26.0
9670,2008,3.0,bahrain,False,0.0,True,0.0,False,piquet_jr,Brazilian,renault,14,20,0.0,0.0,14.0,6,0,5,-0.2999999999999971,22.0
,2008,3.0,bahrain,False,0.0,True,0.0,False,bourdais,French,toro_rosso,15,15,2.0,0.0,10.0,2,0,8,-0.1999999999999886,29.0
9664,2008,3.0,Auto%#,False,0.0,True,0.0,False,nakajima,Japanese,williams,16,14,3.0,0.0,9.0,9,0,4,,23.0
9668,2008,3.0,bahrain,False,,True,0.0,False,coulthard,British,red_bull,17,18,0.0,0.0,12.0,2,0,7,0.3000000000000113,37.0
9662,,3.0,bahrain,False,,True,0.0,,fisichella,Italian,force_india,18,12,0.0,0.0,15.0,0,0,10,0.4000000000000057,35.0
9672,2008,3.0,bahrain,False,,True,0.0,False,vettel,German,toro_rosso,19,22,0.0,0.0,0.0,2,0,8,0.5,20.0
9669,2008,3.0,bahrain,False,0.0,True,0.0,False,sutil,German,force_india,20,19,0.0,0.0,0.0,0,0,10,0.7000000000000028,25.0
9666,2008,3.0,bahrain,False,0.0,True,0.0,False,davidson,British,super_aguri,21,16,0.0,0.0,17.0,0,0,11,1.0,28.0
9667,2008,3.0,bahrain,False,0.0,True,0.0,False,sato,Japanese,super_aguri,22,17,0.0,0.0,18.0,0,0,11,2.6000000000000085,31.0
9673,2008,,catalunya,True,0.0,False,0.0,,raikkonen,Finnish,ferrari,1,1,19.0,1.0,1.0,29,2,2,0.0,28.0
9687,2008,4.0,catalunya,True,0.0,False,0.0,False,alonso,,renault,2,15,6.0,0.0,9.0,6,0,6,0.1000000000000085,26.0
9674,2008,4.0,catalunya,True,0.0,False,0.0,False,massa,Brazilian,ferrari,3,2,10.0,1.0,6.0,29,,2,0.2999999999999971,27.0
9676,2008,4.0,catalunya,True,,False,0.0,False,kubica,Polish,bmw_sauber,4,4,14.0,0.0,4.0,30,0,1,0.2999999999999971,23.0
9675,2008,4.0,catalunya,True,0.0,False,0.0,False,hamilton,British,mclaren,5,3,14.0,1.0,3.0,28,1,3,0.2999999999999971,23.0
9689,2008,4.0,catalunya,True,0.0,False,0.0,False,kovalainen,Finnish,mclaren,6,17,14.0,0.0,5.0,28,1,Auto%#,0.4000000000000057,26.0
9677,2008,4.0,catalunya,True,0.0,False,0.0,Auto%#,webber,Australian,red_bull,7,5,4.0,0.0,10.0,4,0,7,0.6000000000000085,31.0
9680,2008,4.0,catalunya,True,,False,0.0,False,trulli,Italian,toyota,8,8,8.0,0.0,7.0,8,0,5,0.7000000000000028,33.0
9681,2008,4.0,catalunya,True,0.0,False,0.0,False,heidfeld,German,bmw_sauber,9,9,16.0,0.0,2.0,30,0,1,0.7000000000000028,30.0
9692,2008,4.0,catalunya,True,0.0,False,0.0,False,piquet_jr,Brazilian,renault,10,20,0.0,0.0,17.0,6,0,6,0.9000000000000057,22.0
9688,2008,4.0,catalunya,True,0.0,False,0.0,False,barrichello,Brazilian,honda,11,16,0.0,0.0,16.0,0,0,9,-0.7999999999999972,35.0
9679,2008,4.0,,True,0.0,False,0.0,False,nakajima,,williams,12,7,3.0,0.0,11.0,10,0,4,-0.7000000000000028,23.0
9678,2008,4.0,,True,0.0,False,0.0,False,button,British,honda,13,6,0.0,0.0,15.0,0,0,9,-0.5999999999999943,28.0
9683,2008,4.0,catalunya,True,0.0,False,0.0,False,,German,toyota,14,11,0.0,0.0,14.0,8,0,5,-0.5999999999999943,26.0
9686,2008,4.0,catalunya,True,,False,0.0,False,rosberg,German,williams,15,14,7.0,0.0,8.0,10,0,4,-0.5,22.0
9691,2008,4.0,catalunya,True,0.0,False,0.0,False,bourdais,French,toro_rosso,16,19,2.0,0.0,12.0,2,0,8,-0.0999999999999943,29.0
9684,2008,4.0,catalunya,True,0.0,False,0.0,False,coulthard,British,red_bull,,12,0.0,0.0,13.0,4,0,7,0.0,37.0
9694,2008,4.0,catalunya,True,0.0,False,0.0,False,vettel,German,toro_rosso,18,22,0.0,0.0,0.0,2,0,Auto%#,0.2999999999999971,20.0
9682,2008,4.0,catalunya,True,0.0,False,0.0,False,fisichella,Italian,force_india,19,10,0.0,0.0,18.0,0,0,10,0.7000000000000028,35.0
9693,2008,4.0,catalunya,True,0.0,False,0.0,False,sutil,German,force_india,20,21,0.0,0.0,21.0,0,0,10,1.4000000000000057,25.0
9690,2008,4.0,catalunya,,0.0,Auto%#,0.0,False,davidson,British,super_aguri,21,18,0.0,0.0,19.0,0,0,11,1.5,29.0
9685,2008,4.0,catalunya,True,0.0,False,0.0,False,sato,Japanese,super_aguri,22,13,0.0,0.0,20.0,0,0,11,1.7000000000000028,31.0
9695,2008,5.0,,True,0.0,False,0.0,False,massa,Brazilian,ferrari,1,1,18.0,1.0,4.0,47,3,1,0.0,27.0
9706,2008,5.0,istanbul,True,0.0,False,0.0,False,kovalainen,Finnish,mclaren,2,12,14.0,,6.0,34,1,3,0.2000000000000028,26.0
9696,2008,5.0,istanbul,True,0.0,False,0.0,False,hamilton,British,,3,2,20.0,1.0,2.0,34,1,3,0.3000000000000113,23.0
9697,2008,5.0,istanbul,,0.0,False,,False,raikkonen,Finnish,ferrari,4,3,29.0,2.0,1.0,,3,1,0.3000000000000113,28.0
9698,2008,5.0,istanbul,True,,False,0.0,False,kubica,Polish,bmw_sauber,,4,19.0,0.0,3.0,35,0,2,,23.0
9701,2008,5.0,istanbul,True,,,0.0,False,webber,Australian,red_bull,6,7,8.0,0.0,8.0,8,0,6,0.8000000000000114,31.0
9700,2008,5.0,istanbul,True,0.0,,0.0,False,alonso,Spanish,renault,7,6,6.0,0.0,10.0,6,0,7,0.8000000000000114,26.0
9704,,5.0,istanbul,True,0.0,False,0.0,False,trulli,Italian,toyota,8,10,9.0,0.0,7.0,9,0,5,1.2000000000000028,33.0
9699,2008,5.0,istanbul,True,0.0,False,0.0,False,heidfeld,German,bmw_sauber,9,5,16.0,0.0,5.0,35,0,2,1.3000000000000114,31.0
9703,2008,5.0,istanbul,True,0.0,False,0.0,False,coulthard,British,red_bull,10,9,0.0,0.0,15.0,,0,6,2.4000000000000057,37.0
9702,2008,5.0,istanbul,True,0.0,False,0.0,False,rosberg,German,williams,11,8,7.0,0.0,9.0,12,0,4,-0.5999999999999943,22.0
9708,2008,5.0,istanbul,,0.0,False,0.0,False,barrichello,Brazilian,honda,12,14,0.0,0.0,17.0,3,0,8,-0.3999999999999915,35.0
9705,2008,5.0,,True,0.0,False,0.0,False,button,British,honda,13,11,3.0,0.0,12.0,3,0,8,-0.2999999999999971,28.0
9711,2008,5.0,istanbul,True,0.0,False,0.0,False,vettel,German,toro_rosso,14,17,0.0,0.0,0.0,2,0,9,-0.1999999999999886,20.0
9707,2008,5.0,istanbul,True,0.0,False,0.0,False,glock,German,toyota,15,13,0.0,0.0,14.0,9,0,5,0.2000000000000028,26.0
9713,2008,5.0,istanbul,True,0.0,False,0.0,False,nakajima,Japanese,williams,16,19,5.0,,11.0,12,0,4,-0.0999999999999943,23.0
9709,2008,5.0,istanbul,True,,,0.0,False,piquet_jr,Brazilian,renault,17,15,0.0,0.0,18.0,6,0,7,0.0,22.0
9712,2008,5.0,istanbul,True,0.0,False,0.0,False,bourdais,French,toro_rosso,18,18,2.0,0.0,13.0,2,0,9,0.0,29.0
9710,2008,5.0,istanbul,True,,False,0.0,False,sutil,German,force_india,19,16,0.0,0.0,21.0,0,0,10,0.7000000000000028,25.0
9714,2008,5.0,,True,0.0,False,0.0,False,fisichella,Italian,force_india,20,20,0.0,0.0,16.0,0,0,10,0.2000000000000028,35.0
9717,2008,6.0,Auto%#,False,0.0,False,0.0,False,massa,Brazilian,ferrari,1,3,28.0,2.0,2.0,63,4,1,0.0,27.0
9723,2008,6.0,monaco,False,0.0,False,0.0,False,raikkonen,Finnish,ferrari,2,9,35.0,2.0,1.0,63,4,1,0.0,28.0
9715,2008,6.0,monaco,False,0.0,False,0.0,False,hamilton,British,mclaren,3,1,28.0,1.0,3.0,42,1,3,0.0,
9722,2008,6.0,monaco,False,0.0,False,0.0,False,kovalainen,,mclaren,4,8,14.0,0.0,6.0,42,1,3,0.4000000000000057,26.0
9716,2008,6.0,monaco,False,0.0,False,0.0,False,kubica,Polish,bmw_sauber,5,2,24.0,0.0,4.0,44,0,2,0.4000000000000057,23.0
9730,2008,6.0,monaco,False,0.0,False,0.0,False,rosberg,,williams,6,16,8.0,0.0,10.0,13,0,4,0.7000000000000028,22.0
9724,2008,6.0,monaco,,0.0,False,,False,alonso,Spanish,renault,7,10,9.0,0.0,8.0,9,0,7,1.1000000000000083,26.0
9727,2008,6.0,monaco,False,0.0,False,0.0,False,trulli,Italian,toyota,8,13,9.0,0.0,9.0,9,0,6,1.4000000000000057,33.0
9718,2008,6.0,monaco,False,0.0,False,0.0,False,webber,Australian,red_bull,9,4,10.0,0.0,7.0,10,0,5,1.5,31.0
9726,2008,6.0,monaco,False,,False,0.0,False,glock,German,,10,12,0.0,0.0,15.0,9,0,6,0.1000000000000085,26.0
9725,2008,6.0,monaco,False,0.0,False,0.0,False,button,British,honda,11,11,3.0,0.0,12.0,3,0,8,,28.0
9728,2008,6.0,monaco,False,0.0,False,0.0,False,heidfeld,Auto%#,,12,14,20.0,,5.0,44,0,2,0.7000000000000028,31.0
9721,2008,6.0,monaco,False,0.0,False,0.0,False,nakajima,Japanese,williams,13,7,5.0,0.0,11.0,13,0,4,0.7000000000000028,23.0
,2008,6.0,monaco,False,0.0,False,0.0,False,barrichello,Brazilian,honda,14,6,0.0,0.0,17.0,3,0,8,0.7000000000000028,36.0
9734,2008,6.0,monaco,False,0.0,False,0.0,False,bourdais,French,toro_rosso,16,20,2.0,0.0,13.0,2,0,9,1.0,29.0
9731,,6.0,,False,0.0,False,0.0,Auto%#,,Brazilian,renault,17,17,,0.0,18.0,9,0,7,1.1000000000000083,22.0
9729,2008,6.0,,False,0.0,False,0.0,False,sutil,German,force_india,18,15,0.0,0.0,21.0,0,0,10,1.4000000000000057,
9719,2008,6.0,monaco,,0.0,False,0.0,False,vettel,German,toro_rosso,19,5,0.0,0.0,22.0,2,0,9,1.2000000000000028,20.0
9732,2008,6.0,monaco,,0.0,False,0.0,False,fisichella,Italian,force_india,20,18,0.0,0.0,16.0,,0,10,2.0,35.0
9751,2008,7.0,villeneuve,True,0.0,False,0.0,False,hamilton,British,mclaren,1,19,38.0,2.0,1.0,53,2,2,0.0,23.0
9735,2008,7.0,villeneuve,True,0.0,False,0.0,False,,Polish,bmw_sauber,2,,32.0,,4.0,52,0,3,0.5999999999999943,23.0
9750,2008,7.0,villeneuve,True,0.0,False,0.0,False,raikkonen,Finnish,ferrari,3,18,35.0,2.0,2.0,69,4,1,0.7999999999999972,28.0
9748,2008,7.0,villeneuve,True,0.0,,0.0,False,alonso,Spanish,renault,4,16,9.0,0.0,8.0,9,0,7,0.7999999999999972,26.0
9743,2008,7.0,villeneuve,True,0.0,False,0.0,False,rosberg,German,williams,5,10,8.0,0.0,10.0,15,0,4,0.8999999999999915,22.0
9739,,7.0,villeneuve,True,0.0,False,0.0,False,massa,Brazilian,ferrari,6,5,34.0,2.0,3.0,69,4,1,1.0999999999999943,27.0
9742,2008,7.0,,True,0.0,False,0.0,False,kovalainen,Finnish,mclaren,7,9,15.0,0.0,6.0,53,2,2,1.1999999999999886,26.0
9736,2008,7.0,villeneuve,True,0.0,False,0.0,False,heidfeld,German,bmw_sauber,8,,20.0,0.0,5.0,52,0,3,1.6999999999999886,31.0
9741,2008,7.0,villeneuve,True,,False,0.0,False,barrichello,Brazilian,honda,9,7,3.0,0.0,14.0,6,0,9,2.8999999999999915,36.0
9738,2008,7.0,villeneuve,True,0.0,False,0.0,False,glock,German,toyota,11,4,0.0,0.0,17.0,9,0,6,0.0999999999999943,26.0
9747,,7.0,villeneuve,True,0.0,False,0.0,False,nakajima,Japanese,williams,12,15,7.0,0.0,11.0,15,0,Auto%#,0.1999999999999886,23.0
9737,2008,7.0,villeneuve,True,0.0,False,0.0,False,coulthard,British,red_bull,13,3,0.0,0.0,16.0,15,,5,0.2999999999999971,37.0
9740,2008,7.0,villeneuve,True,0.0,False,0.0,False,trulli,Italian,toyota,14,6,9.0,0.0,9.0,9,0,6,0.3999999999999915,33.0
,2008,7.0,villeneuve,True,0.0,False,0.0,False,piquet_jr,Brazilian,renault,15,17,0.0,0.0,19.0,9,0,7,0.5,22.0
9752,2008,7.0,villeneuve,True,0.0,False,0.0,False,sutil,German,force_india,16,20,0.0,0.0,22.0,0,0,10,1.1999999999999886,25.0
9746,2008,7.0,villeneuve,True,0.0,False,0.0,False,fisichella,Italian,force_india,17,14,0.0,0.0,18.0,0,0,10,1.2999999999999972,35.0
9745,2008,7.0,villeneuve,True,0.0,False,0.0,False,bourdais,French,toro_rosso,18,,2.0,0.0,15.0,6,0,8,1.0,29.0
9754,,8.0,magny_cours,False,0.0,True,1.0,False,raikkonen,Finnish,ferrari,1,2,35.0,2.0,,73,4,1,0.0,28.0
9753,2008,8.0,magny_cours,False,0.0,True,1.0,False,massa,Brazilian,ferrari,2,1,38.0,2.0,3.0,73,4,1,0.0999999999999943,27.0
9760,2008,8.0,magny_cours,False,0.0,True,1.0,False,alonso,Spanish,renault,3,8,9.0,0.0,9.0,9,0,7,0.3999999999999915,26.0
9755,2008,8.0,magny_cours,False,0.0,True,1.0,False,trulli,Italian,toyota,4,3,12.0,0.0,8.0,17,0,5,0.5,33.0
9757,2008,8.0,magny_cours,False,0.0,True,1.0,False,kubica,Polish,Auto%#,,5,42.0,1.0,1.0,70,1,2,0.5999999999999943,23.0
9758,2008,8.0,magny_cours,False,0.0,True,1.0,False,webber,Australian,red_bull,6,6,15.0,0.0,7.0,21,0,4,0.7999999999999972,31.0
9761,2008,8.0,magny_cours,False,0.0,True,1.0,False,coulthard,British,red_bull,7,9,6.0,0.0,12.0,21,0,4,1.0,37.0
9763,2008,8.0,magny_cours,False,0.0,True,1.0,False,glock,German,toyota,,,5.0,0.0,13.0,17,0,5,1.1999999999999886,26.0
9759,2008,8.0,magny_cours,False,0.0,True,1.0,False,piquet_jr,Brazilian,renault,9,7,0.0,0.0,19.0,9,0,,-0.6000000000000085,22.0
9756,2008,8.0,magny_cours,False,0.0,True,1.0,False,kovalainen,Finnish,mclaren,10,4,15.0,0.0,6.0,53,2,3,0.5,26.0
9765,2008,8.0,,False,0.0,True,1.0,False,heidfeld,German,bmw_sauber,11,13,28.0,0.0,5.0,70,1,2,-0.6000000000000085,31.0
9764,2008,8.0,magny_cours,False,0.0,True,,False,vettel,German,toro_rosso,12,12,5.0,0.0,14.0,7,0,9,-0.6000000000000085,20.0
9762,2008,8.0,magny_cours,False,0.0,True,,False,hamilton,British,mclaren,13,10,38.0,2.0,2.0,53,2,3,0.2999999999999971,23.0
9769,2008,8.0,magny_cours,False,0.0,True,1.0,False,bourdais,,toro_rosso,14,17,2.0,0.0,17.0,7,0,9,-0.4000000000000057,29.0
9767,2008,8.0,magny_cours,False,0.0,True,1.0,False,nakajima,,williams,15,15,7.0,0.0,11.0,15,0,6,-0.2000000000000028,23.0
9772,2008,8.0,magny_cours,False,0.0,True,1.0,False,button,British,honda,16,20,3.0,0.0,16.0,8,0,8,-0.1000000000000085,28.0
9770,2008,8.0,magny_cours,False,0.0,True,1.0,False,fisichella,Italian,force_india,17,18,0.0,0.0,18.0,0,0,10,0.5999999999999943,35.0
9771,2008,8.0,magny_cours,False,0.0,True,1.0,False,sutil,German,force_india,18,19,0.0,0.0,22.0,0,0,10,0.6999999999999886,25.0
9768,2008,8.0,magny_cours,False,0.0,True,1.0,False,rosberg,,williams,19,16,8.0,0.0,10.0,15,0,,-0.2000000000000028,22.0
9766,2008,8.0,Auto%#,False,,True,,False,barrichello,Brazilian,honda,20,14,5.0,0.0,15.0,8,0,8,-0.1000000000000085,36.0
9777,2008,9.0,silverstone,False,0.0,False,0.0,False,kovalainen,Finnish,mclaren,1,5,20.0,0.0,6.0,58,2,3,0.0,26.0
9781,2008,9.0,silverstone,False,0.0,False,0.0,False,webber,Australian,red_bull,2,10,18.0,0.0,8.0,24,0,4,0.5999999999999943,31.0
,2008,,silverstone,False,0.0,False,0.0,False,raikkonen,Finnish,ferrari,3,4,43.0,2.0,3.0,91,5,1,0.7000000000000028,28.0
9773,2008,9.0,silverstone,False,0.0,False,0.0,False,hamilton,British,mclaren,4,1,38.0,2.0,4.0,58,2,3,0.7999999999999972,23.0
9774,2008,9.0,silverstone,False,0.0,False,0.0,False,heidfeld,German,bmw_sauber,5,2,28.0,0.0,5.0,74,1,2,0.9000000000000057,31.0
9778,2008,9.0,silverstone,False,0.0,False,0.0,False,alonso,Spanish,renault,6,6,10.0,0.0,9.0,12,0,7,1.0,26.0
9787,2008,9.0,silverstone,,0.0,False,0.0,False,piquet_jr,Brazilian,renault,7,16,,,17.0,,0,7,1.5,22.0
9790,2008,9.0,silverstone,False,0.0,False,0.0,False,vettel,German,toro_rosso,,19,5.0,0.0,14.0,7,0,9,2.299999999999997,21.0
9784,2008,9.0,Auto%#,False,0.0,False,0.0,False,massa,Brazilian,ferrari,9,13,48.0,3.0,1.0,91,5,1,2.299999999999997,27.0
9791,,9.0,silverstone,False,0.0,False,0.0,False,coulthard,British,red_bull,11,20,6.0,0.0,12.0,24,0,4,-0.7999999999999972,37.0
9783,2008,9.0,silverstone,False,0.0,False,0.0,Auto%#,glock,German,toyota,12,12,5.0,0.0,13.0,23,0,5,-0.7000000000000028,26.0
9782,2008,9.0,silverstone,False,0.0,False,0.0,False,bourdais,French,toro_rosso,13,11,2.0,0.0,18.0,7,0,9,-0.5,29.0
9779,2008,9.0,silverstone,False,0.0,False,0.0,False,trulli,Italian,toyota,14,7,18.0,0.0,7.0,23,0,,-0.4000000000000057,33.0
9780,2008,9.0,silverstone,False,0.0,False,0.0,False,nakajima,Japanese,williams,,8,7.0,0.0,,15,0,6,0.0999999999999943,23.0
,2008,9.0,silverstone,False,0.0,False,0.0,False,barrichello,Brazilian,honda,16,3,5.0,0.0,15.0,8,0,8,0.5,36.0
9786,2008,9.0,silverstone,False,0.0,False,0.0,False,,British,honda,17,15,,0.0,16.0,8,,8,0.5999999999999943,28.0
9789,2008,9.0,silverstone,False,0.0,False,0.0,False,sutil,German,force_india,18,18,0.0,0.0,22.0,0,0,10,0.7999999999999972,25.0
9788,2008,9.0,silverstone,False,0.0,False,0.0,False,fisichella,Italian,Auto%#,19,17,0.0,0.0,19.0,0,0,10,0.9000000000000057,35.0
9792,2008,10.0,hockenheimring,False,,False,0.0,False,hamilton,British,mclaren,1,1,48.0,3.0,1.0,72,3,3,0.0,23.0
9794,2008,10.0,hockenheimring,False,,False,0.0,False,massa,Brazilian,ferrari,2,3,48.0,3.0,2.0,96,5,1,0.2000000000000028,27.0
9796,2008,10.0,hockenheimring,False,0.0,False,0.0,False,kovalainen,Finnish,,3,5,24.0,0.0,6.0,72,3,3,0.3999999999999915,26.0
9800,2008,10.0,Auto%#,False,0.0,False,,False,trulli,Italian,toyota,4,9,20.0,0.0,7.0,25,0,4,0.5,34.0
9802,2008,10.0,hockenheimring,False,0.0,False,0.0,False,alonso,Spanish,renault,5,11,13.0,,9.0,15,0,7,0.7000000000000028,26.0
9797,2008,10.0,hockenheimring,False,0.0,False,0.0,False,raikkonen,Finnish,ferrari,6,6,48.0,,3.0,96,5,1,0.7000000000000028,28.0
9798,2008,10.0,hockenheimring,False,0.0,False,0.0,False,kubica,Polish,bmw_sauber,7,7,46.0,1.0,4.0,82,1,2,0.7999999999999972,23.0
9810,2008,10.0,hockenheimring,False,0.0,False,0.0,False,webber,Australian,red_bull,8,19,,0.0,8.0,24,0,5,1.2999999999999972,31.0
9799,2008,10.0,hockenheimring,False,0.0,False,0.0,False,vettel,German,toro_rosso,9,8,5.0,0.0,15.0,7,0,9,1.5,21.0
9804,2008,,hockenheimring,False,0.0,Auto%#,0.0,False,coulthard,British,red_bull,10,13,6.0,0.0,13.0,24,0,5,1.7999999999999972,37.0
9811,2008,10.0,hockenheimring,False,0.0,False,0.0,False,glock,German,toyota,11,,5.0,0.0,14.0,25,0,4,-0.2000000000000028,26.0
9795,2008,10.0,hockenheimring,False,0.0,False,0.0,False,heidfeld,German,bmw_sauber,12,4,36.0,0.0,5.0,82,1,2,-0.1000000000000085,31.0
9801,2008,10.0,hockenheimring,,0.0,False,0.0,False,rosberg,German,williams,13,10,8.0,0.0,11.0,16,0,6,-0.1000000000000085,23.0
9808,2008,10.0,hockenheimring,False,0.0,False,0.0,False,button,British,honda,14,17,3.0,0.0,16.0,14,0,8,0.0,28.0
9803,2008,10.0,hockenheimring,False,0.0,False,0.0,False,bourdais,French,toro_rosso,15,12,2.0,0.0,17.0,7,0,,0.2000000000000028,29.0
9805,2008,10.0,hockenheimring,False,0.0,False,0.0,False,nakajima,Japanese,williams,16,,8.0,0.0,12.0,16,0,6,0.3999999999999915,23.0
9793,2008,10.0,hockenheimring,False,0.0,False,0.0,Auto%#,piquet_jr,Brazilian,renault,17,2,2.0,0.0,18.0,15,0,Auto%#,0.5,22.0
9809,2008,10.0,hockenheimring,False,0.0,False,0.0,False,barrichello,Brazilian,honda,18,18,11.0,0.0,10.0,14,0,8,0.5,36.0
9806,2008,10.0,Auto%#,False,0.0,False,0.0,False,sutil,German,force_india,19,15,0.0,0.0,22.0,0,0,10,1.0,25.0
9807,2008,10.0,hockenheimring,False,0.0,,0.0,False,fisichella,Italian,Auto%#,Auto%#,16,0.0,0.0,19.0,0,,10,1.2999999999999972,35.0
9816,2008,11.0,,False,,False,0.0,False,hamilton,British,mclaren,,5,58.0,4.0,1.0,86,4,3,0.0,23.0
9812,2008,11.0,hungaroring,False,0.0,False,0.0,False,kovalainen,Finnish,mclaren,2,1,28.0,0.0,6.0,86,4,3,0.1999999999999886,26.0
9828,2008,11.0,hungaroring,False,0.0,False,0.0,False,massa,Brazilian,ferrari,3,17,54.0,3.0,2.0,105,5,1,0.2999999999999971,27.0
9819,2008,11.0,hungaroring,False,0.0,False,0.0,False,,Polish,bmw_sauber,4,8,48.0,1.0,4.0,89,1,2,0.3999999999999915,23.0
9813,2008,11.0,hungaroring,False,0.0,False,0.0,False,glock,German,toyota,5,2,5.0,0.0,16.0,25,0,4,0.3999999999999915,26.0
9814,2008,11.0,hungaroring,False,0.0,False,0.0,False,,Finnish,ferrari,6,3,51.0,2.0,3.0,105,5,1,0.5999999999999943,28.0
9815,2008,11.0,hungaroring,False,0.0,False,0.0,False,alonso,Spanish,renault,7,4,13.0,0.0,9.0,23,,6,0.7999999999999972,27.0
9820,2008,11.0,hungaroring,False,0.0,False,0.0,False,webber,Auto%#,red_bull,8,9,18.0,0.0,8.0,24,0,5,0.7999999999999972,31.0
9818,2008,11.0,hungaroring,False,0.0,False,0.0,False,trulli,Italian,toyota,9,7,20.0,0.0,7.0,25,0,4,,34.0
9817,,11.0,hungaroring,False,0.0,False,0.0,False,piquet_jr,Brazilian,renault,10,6,10.0,0.0,11.0,23,0,6,1.5,23.0
9831,2008,11.0,hungaroring,False,0.0,Auto%#,0.0,False,vettel,German,toro_rosso,11,20,6.0,0.0,15.0,8,0,9,-0.8000000000000114,21.0
9823,2008,11.0,hungaroring,False,0.0,False,0.0,False,button,Auto%#,honda,12,12,3.0,0.0,17.0,14,0,8,-0.6000000000000085,28.0
9822,2008,11.0,hungaroring,False,0.0,False,0.0,False,coulthard,British,red_bull,13,11,6.0,0.0,14.0,24,0,5,-0.4000000000000057,37.0
9821,2008,11.0,hungaroring,False,0.0,False,0.0,False,heidfeld,German,bmw_sauber,15,10,41.0,0.0,5.0,89,1,2,0.0999999999999943,31.0
9824,2008,11.0,hungaroring,False,0.0,False,0.0,False,nakajima,Japanese,williams,16,13,8.0,0.0,13.0,16,0,7,0.1999999999999886,23.0
9827,2008,11.0,hungaroring,False,0.0,False,0.0,False,barrichello,Brazilian,honda,17,16,11.0,0.0,10.0,14,0,8,0.3999999999999915,36.0
9826,2008,11.0,hungaroring,False,0.0,False,0.0,False,fisichella,Italian,force_india,18,15,0.0,0.0,19.0,0,0,10,,35.0
9829,2008,11.0,hungaroring,False,0.0,False,0.0,False,bourdais,French,toro_rosso,19,18,2.0,0.0,18.0,8,0,9,0.0999999999999943,29.0
9830,2008,11.0,hungaroring,False,0.0,False,0.0,False,sutil,German,force_india,20,19,0.0,0.0,21.0,0,0,10,1.1999999999999886,25.0
9832,2008,12.0,valencia,,0.0,False,0.0,False,massa,Brazilian,ferrari,1,1,54.0,3.0,3.0,111,5,1,0.0,27.0
9833,2008,12.0,valencia,True,0.0,False,0.0,False,,British,mclaren,2,2,62.0,4.0,1.0,100,5,2,0.2000000000000028,23.0
9834,2008,12.0,valencia,True,0.0,False,0.0,False,kubica,Polish,bmw_sauber,,3,49.0,1.0,4.0,90,1,3,0.4000000000000057,23.0
9848,2008,12.0,Auto%#,True,0.0,False,0.0,False,raikkonen,Finnish,ferrari,4,18,57.0,2.0,2.0,111,5,1,0.5,28.0
9835,2008,12.0,valencia,True,0.0,False,0.0,False,kovalainen,Finnish,mclaren,5,4,38.0,1.0,,100,5,2,0.9000000000000057,26.0
9837,2008,12.0,valencia,True,0.0,False,0.0,False,vettel,German,toro_rosso,6,6,6.0,0.0,16.0,8,0,9,1.0999999999999943,21.0
9836,2008,12.0,valencia,True,0.0,False,0.0,False,trulli,Italian,toyota,7,5,,0.0,7.0,35,0,4,1.2999999999999972,
9840,2008,12.0,valencia,True,0.0,,0.0,False,heidfeld,German,bmw_sauber,8,9,41.0,0.0,5.0,90,1,3,1.5999999999999943,31.0
9839,2008,12.0,valencia,True,0.0,False,0.0,False,rosberg,German,williams,9,8,8.0,0.0,13.0,16,0,7,1.7000000000000028,23.0
9841,2008,12.0,valencia,True,0.0,False,0.0,False,bourdais,French,toro_rosso,Auto%#,10,2.0,0.0,18.0,8,0,9,1.7999999999999972,29.0
9846,2008,12.0,valencia,True,0.0,False,0.0,False,nakajima,,williams,11,15,8.0,0.0,,16,0,7,-0.5999999999999943,23.0
9849,2008,12.0,valencia,True,0.0,False,0.0,,alonso,Spanish,renault,12,20,18.0,0.0,8.0,31,0,5,-0.5999999999999943,27.0
9838,2008,12.0,valencia,True,0.0,False,0.0,False,glock,German,toyota,13,7,13.0,0.0,10.0,35,0,4,-0.5,26.0
9843,2008,12.0,valencia,True,0.0,,0.0,False,webber,Australian,red_bull,14,12,18.0,0.0,9.0,24,0,6,-0.5,31.0
9842,2008,12.0,valencia,True,0.0,False,0.0,False,piquet_jr,Brazilian,renault,15,11,13.0,0.0,11.0,31,0,5,-0.2999999999999971,23.0
9844,2008,12.0,valencia,True,0.0,False,0.0,False,button,British,honda,Auto%#,13,3.0,0.0,17.0,14,0,,-0.0999999999999943,28.0
9847,2008,12.0,valencia,True,0.0,False,0.0,False,coulthard,British,red_bull,17,17,6.0,,15.0,24,0,6,0.2000000000000028,37.0
9845,2008,12.0,valencia,True,0.0,False,0.0,False,fisichella,Italian,force_india,18,14,0.0,0.0,19.0,0,0,10,0.2999999999999971,35.0
9852,2008,13.0,spa,False,0.0,False,1.0,False,hamilton,British,mclaren,1,3,70.0,4.0,1.0,113,5,2,0.0,23.0
9850,2008,13.0,spa,False,0.0,False,1.0,Auto%#,massa,Brazilian,ferrari,2,1,64.0,4.0,2.0,121,6,1,0.4000000000000057,27.0
9859,2008,13.0,spa,False,0.0,False,1.0,False,kovalainen,Finnish,mclaren,3,10,43.0,1.0,,113,5,,0.5,26.0
9867,2008,13.0,spa,False,0.0,False,1.0,False,raikkonen,Finnish,ferrari,4,18,57.0,2.0,3.0,121,6,1,0.7000000000000028,28.0
9851,2008,13.0,spa,,0.0,False,1.0,False,heidfeld,German,bmw_sauber,5,2,41.0,0.0,6.0,96,1,3,1.0,31.0
9853,2008,13.0,spa,False,,False,1.0,False,alonso,Spanish,renault,6,4,18.0,0.0,8.0,31,0,5,1.2000000000000028,27.0
9857,2008,13.0,spa,False,0.0,False,1.0,False,webber,,red_bull,7,8,18.0,0.0,9.0,24,0,6,1.4000000000000057,32.0
9855,2008,13.0,spa,False,0.0,False,1.0,False,kubica,Polish,bmw_sauber,8,6,55.0,1.0,4.0,96,1,3,1.5,23.0
9856,2008,13.0,spa,False,0.0,False,1.0,False,bourdais,French,toro_rosso,9,7,2.0,0.0,18.0,11,0,9,1.7000000000000028,29.0
9854,2008,13.0,spa,False,0.0,False,1.0,False,vettel,German,toro_rosso,10,5,9.0,0.0,14.0,11,0,9,3.0,21.0
9865,2008,13.0,spa,False,0.0,False,1.0,False,trulli,Italian,toyota,11,16,26.0,0.0,7.0,41,0,4,-0.3999999999999915,34.0
9869,2008,13.0,spa,False,0.0,False,1.0,False,piquet_jr,Auto%#,renault,12,20,13.0,0.0,11.0,31,0,5,-0.2999999999999971,23.0
9858,2008,13.0,spa,False,0.0,False,1.0,False,glock,German,toyota,13,9,15.0,0.0,10.0,41,0,4,-0.2999999999999971,26.0
9860,2008,13.0,spa,False,,False,1.0,False,coulthard,British,red_bull,14,11,6.0,0.0,16.0,24,0,6,-0.2999999999999971,37.0
9861,2008,13.0,spa,False,0.0,False,1.0,False,rosberg,German,williams,15,12,9.0,0.0,13.0,17,0,7,0.1000000000000085,23.0
9868,2008,13.0,spa,False,0.0,False,1.0,False,barrichello,Brazilian,honda,16,19,11.0,0.0,12.0,14,0,8,0.9000000000000057,36.0
9864,2008,13.0,spa,False,0.0,False,1.0,False,button,British,honda,17,15,3.0,0.0,17.0,14,0,8,0.9000000000000057,28.0
9862,2008,13.0,spa,False,0.0,False,1.0,False,sutil,German,force_india,18,13,0.0,0.0,21.0,0,0,10,0.9000000000000057,25.0
9863,2008,13.0,spa,False,0.0,False,1.0,False,nakajima,Japanese,,19,14,8.0,0.0,15.0,17,0,7,1.0,23.0
9866,2008,13.0,spa,,0.0,False,1.0,False,,Italian,Auto%#,20,17,0.0,0.0,19.0,0,0,10,1.1000000000000083,35.0
9870,2008,14.0,monza,False,0.0,True,0.0,False,vettel,German,toro_rosso,1,1,13.0,0.0,12.0,17,0,8,0.0,21.0
9871,2008,14.0,monza,False,0.0,True,0.0,False,kovalainen,Finnish,mclaren,2,2,43.0,1.0,6.0,119,5,2,0.0,26.0
9877,2008,14.0,monza,False,0.0,True,0.0,False,webber,Australian,red_bull,3,8,19.0,0.0,9.0,25,0,6,0.5,32.0
9887,2008,14.0,monza,False,0.0,True,0.0,False,bourdais,French,toro_rosso,4,18,4.0,0.0,17.0,17,0,,0.8000000000000114,29.0
9883,2008,14.0,,False,0.0,True,0.0,False,rosberg,,Auto%#,5,14,9.0,0.0,14.0,17,0,7,1.2000000000000028,23.0
9875,2008,14.0,monza,False,0.0,True,0.0,False,massa,Brazilian,Auto%#,6,6,74.0,5.0,2.0,131,7,1,1.3000000000000114,27.0
9882,2008,14.0,monza,False,0.0,True,,False,trulli,Italian,toyota,7,13,26.0,0.0,7.0,41,0,4,1.6000000000000083,34.0
9873,2008,14.0,Auto%#,False,0.0,True,0.0,False,alonso,Spanish,renault,Auto%#,4,23.0,0.0,8.0,36,0,5,2.200000000000003,27.0
9880,2008,14.0,monza,False,0.0,True,0.0,,glock,German,toyota,9,11,15.0,0.0,10.0,41,,4,2.200000000000003,26.0
9874,2008,14.0,monza,False,0.0,True,0.0,False,heidfeld,German,bmw_sauber,10,5,49.0,0.0,5.0,,1,3,2.300000000000012,31.0
9872,2008,14.0,monza,False,0.0,True,0.0,False,kubica,Polish,bmw_sauber,11,3,58.0,1.0,3.0,,1,3,-0.8999999999999915,23.0
9889,2008,14.0,monza,False,0.0,True,0.0,False,fisichella,Italian,force_india,12,20,0.0,0.0,19.0,0,0,10,-0.8999999999999915,35.0
9885,2008,14.0,monza,False,0.0,True,0.0,False,coulthard,British,red_bull,13,16,6.0,0.0,16.0,25,0,6,-0.2999999999999971,37.0
9878,2008,14.0,monza,,0.0,True,0.0,False,raikkonen,Finnish,ferrari,14,9,57.0,2.0,4.0,131,7,1,-0.0999999999999943,28.0
9876,2008,14.0,monza,False,,True,0.0,False,hamilton,British,mclaren,15,7,76.0,4.0,1.0,119,5,2,1.7000000000000028,23.0
9886,2008,14.0,monza,False,0.0,True,0.0,False,barrichello,Brazilian,honda,16,17,11.0,0.0,13.0,14,0,9,-1.0999999999999943,36.0
,,14.0,monza,False,0.0,True,0.0,False,piquet_jr,Brazilian,renault,17,10,13.0,0.0,11.0,36,0,5,-1.0,23.0
9881,2008,14.0,monza,False,0.0,True,0.0,False,nakajima,Japanese,williams,18,12,8.0,0.0,15.0,17,0,7,-0.8999999999999915,23.0
9884,2008,14.0,monza,False,0.0,True,0.0,False,button,British,honda,19,15,3.0,0.0,18.0,14,0,9,-0.5999999999999943,28.0
9888,2008,14.0,monza,False,0.0,True,0.0,False,sutil,German,force_india,20,19,0.0,0.0,20.0,0,,10,-0.1999999999999886,25.0
9902,2008,15.0,marina_bay,False,0.0,False,0.0,Auto%#,massa,Brazilian,ferrari,1,13,77.0,,2.0,134,7,1,0.0,27.0
9892,2008,15.0,,False,,False,0.0,,hamilton,British,mclaren,2,3,78.0,4.0,1.0,,5,2,0.7000000000000028,23.0
9903,2008,15.0,marina_bay,False,0.0,False,0.0,False,raikkonen,Finnish,ferrari,3,15,57.0,2.0,4.0,134,7,1,0.7999999999999972,28.0
9900,2008,15.0,marina_bay,False,0.0,False,0.0,False,kubica,Polish,bmw_sauber,4,11,64.0,1.0,3.0,117,1,3,1.0,23.0
9899,,15.0,marina_bay,False,0.0,False,0.0,False,kovalainen,,mclaren,5,10,51.0,1.0,6.0,129,5,2,1.1000000000000083,26.0
9894,2008,15.0,marina_bay,False,0.0,False,,False,vettel,German,,6,5,23.0,1.0,,27,1,6,1.4000000000000057,21.0
9893,,15.0,marina_bay,False,0.0,False,0.0,False,glock,German,toyota,7,4,15.0,0.0,11.0,41,0,4,1.5,26.0
9891,2008,15.0,marina_bay,False,0.0,False,0.0,False,rosberg,German,williams,8,2,9.0,0.0,14.0,17,0,8,1.7999999999999972,23.0
9895,2008,15.0,marina_bay,False,0.0,False,0.0,False,heidfeld,German,bmw_sauber,9,6,53.0,0.0,5.0,117,1,3,1.2000000000000028,31.0
9897,2008,15.0,Auto%#,False,0.0,False,0.0,False,nakajima,Japanese,williams,10,8,8.0,0.0,15.0,17,0,8,2.700000000000003,23.0
9904,2008,15.0,marina_bay,False,0.0,False,0.0,Auto%#,trulli,Italian,toyota,11,16,26.0,0.0,8.0,,0,4,0.2000000000000028,34.0
9898,2008,15.0,marina_bay,False,0.0,False,0.0,False,button,British,honda,12,9,3.0,0.0,18.0,14,0,9,0.2999999999999971,28.0
9906,2008,15.0,marina_bay,False,0.0,False,0.0,False,webber,Australian,red_bull,13,18,20.0,0.0,10.0,26,0,7,0.4000000000000057,32.0
9896,2008,15.0,marina_bay,False,0.0,False,0.0,False,coulthard,British,red_bull,14,7,6.0,0.0,16.0,26,0,7,0.5,37.0
9908,2008,15.0,marina_bay,False,0.0,False,,False,piquet_jr,Brazilian,renault,16,20,13.0,0.0,12.0,41,0,5,1.2000000000000028,23.0
9901,2008,15.0,marina_bay,False,0.0,False,0.0,False,bourdais,French,toro_rosso,17,12,4.0,0.0,17.0,,1,6,1.6000000000000083,29.0
9907,2008,15.0,marina_bay,False,0.0,False,0.0,False,barrichello,Brazilian,honda,18,19,11.0,0.0,13.0,14,0,9,1.7999999999999972,36.0
9905,2008,15.0,marina_bay,False,0.0,False,0.0,False,sutil,Auto%#,force_india,19,17,0.0,0.0,20.0,0,0,10,3.1000000000000085,25.0
9920,2008,,fuji,False,0.0,False,0.0,True,hamilton,British,mclaren,1,12,84.0,4.0,1.0,135,5,1,0.0,23.0
9911,2008,16.0,fuji,False,0.0,False,0.0,True,raikkonen,Finnish,ferrari,2,3,,2.0,4.0,134,7,2,0.1999999999999886,28.0
9925,2008,16.0,fuji,False,0.0,False,0.0,True,kovalainen,Finnish,mclaren,3,17,51.0,1.0,6.0,135,5,1,0.3999999999999915,26.0
,2008,16.0,fuji,False,0.0,False,0.0,True,alonso,,renault,4,1,38.0,1.0,7.0,51,1,4,0.5,27.0
9915,2008,16.0,fuji,False,0.0,False,0.0,True,massa,Brazilian,ferrari,5,7,77.0,5.0,2.0,134,7,2,0.5,27.0
9910,2008,16.0,fuji,False,0.0,False,0.0,True,kubica,Polish,bmw_sauber,6,2,64.0,1.0,3.0,120,1,,0.5999999999999943,23.0
9913,2008,16.0,fuji,False,0.0,,0.0,True,trulli,Italian,toyota,7,5,26.0,0.0,9.0,46,0,Auto%#,0.5999999999999943,34.0
9927,2008,16.0,fuji,False,0.0,,0.0,True,glock,German,toyota,8,19,20.0,0.0,10.0,46,0,5,0.6999999999999886,26.0
,2008,16.0,fuji,False,0.0,False,0.0,True,vettel,German,toro_rosso,9,6,27.0,1.0,8.0,31,1,6,1.1999999999999886,21.0
9918,2008,16.0,fuji,False,0.0,False,0.0,True,bourdais,French,toro_rosso,10,10,4.0,0.0,17.0,31,1,6,1.7999999999999972,29.0
9928,2008,16.0,fuji,False,0.0,False,0.0,True,coulthard,British,red_bull,Auto%#,20,8.0,0.0,16.0,28,0,7,-0.2000000000000028,37.0
9912,2008,16.0,fuji,False,0.0,False,0.0,True,piquet_jr,Brazilian,renault,12,4,13.0,0.0,13.0,51,1,4,-0.1000000000000085,23.0
9916,2008,16.0,fuji,False,0.0,Auto%#,0.0,True,webber,Australian,red_bull,13,8,20.0,0.0,11.0,28,0,7,0.0,32.0
9923,2008,16.0,fuji,False,0.0,False,0.0,True,nakajima,Japanese,williams,14,15,9.0,0.0,15.0,26,0,8,0.1999999999999886,23.0
9919,2008,16.0,fuji,False,0.0,False,0.0,True,rosberg,German,williams,15,11,17.0,0.0,12.0,26,0,8,0.2999999999999971,23.0
9917,2008,16.0,fuji,False,,False,0.0,True,heidfeld,German,bmw_sauber,16,9,56.0,0.0,5.0,120,1,3,0.3999999999999915,31.0
9921,2008,16.0,fuji,False,0.0,False,0.0,True,barrichello,Brazilian,honda,17,13,11.0,0.0,14.0,14,0,9,0.5,36.0
9922,2008,16.0,fuji,False,,False,0.0,True,button,British,honda,18,14,3.0,0.0,18.0,14,0,9,0.6999999999999886,28.0
9926,2008,16.0,fuji,False,0.0,Auto%#,0.0,True,sutil,German,force_india,19,18,0.0,0.0,20.0,0,0,10,0.7999999999999972,
,2008,16.0,fuji,False,0.0,False,0.0,True,fisichella,Italian,force_india,20,16,0.0,0.0,19.0,0,0,10,1.5,35.0
9929,2008,17.0,shanghai,,0.0,True,0.0,False,hamilton,British,mclaren,1,1,84.0,4.0,1.0,135,5,2,0.0,23.0
9931,2008,17.0,shanghai,False,0.0,True,0.0,False,raikkonen,Finnish,ferrari,2,3,63.0,2.0,4.0,,7,1,0.2999999999999971,29.0
9930,2008,17.0,shanghai,False,0.0,True,0.0,False,massa,Brazilian,ferrari,3,2,79.0,5.0,2.0,142,7,1,0.6000000000000085,27.0
9932,2008,17.0,shanghai,False,0.0,True,0.0,False,alonso,Spanish,,4,4,48.0,2.0,,66,2,4,0.6000000000000085,27.0
9946,2008,17.0,shanghai,False,0.0,True,0.0,False,kovalainen,Finnish,mclaren,5,18,51.0,1.0,6.0,135,5,2,0.6000000000000085,27.0
9937,2008,17.0,shanghai,False,0.0,Auto%#,0.0,False,vettel,German,toro_rosso,6,9,30.0,1.0,8.0,34,1,6,1.4000000000000057,21.0
9948,2008,17.0,shanghai,False,0.0,True,0.0,Auto%#,trulli,Italian,toyota,7,20,30.0,0.0,9.0,50,0,5,1.6000000000000083,34.0
,2008,17.0,shanghai,False,0.0,True,0.0,False,bourdais,French,toro_rosso,8,13,4.0,0.0,17.0,34,1,6,2.6000000000000085,29.0
9933,2008,17.0,shanghai,False,0.0,True,0.0,False,heidfeld,German,bmw_sauber,9,5,56.0,0.0,5.0,128,1,3,0.9000000000000057,31.0
9936,2008,17.0,shanghai,False,0.0,True,0.0,False,piquet_jr,Brazilian,renault,10,8,18.0,0.0,12.0,66,2,4,-0.5999999999999943,23.0
9934,2008,17.0,shanghai,False,0.0,True,0.0,False,kubica,Polish,bmw_sauber,11,6,72.0,1.0,3.0,128,1,3,-0.5,23.0
9935,2008,17.0,shanghai,False,0.0,True,0.0,False,glock,German,toyota,12,7,20.0,0.0,11.0,50,0,5,-0.3999999999999915,26.0
9939,2008,17.0,shanghai,False,0.0,True,0.0,False,barrichello,Brazilian,honda,13,11,11.0,0.0,14.0,,0,9,-0.2000000000000028,36.0
9943,2008,17.0,shanghai,False,0.0,True,0.0,False,rosberg,German,williams,14,15,17.0,0.0,13.0,26,0,8,-0.0999999999999943,23.0
9938,2008,17.0,shanghai,False,0.0,True,0.0,False,coulthard,British,red_bull,15,10,8.0,0.0,16.0,29,0,7,0.4000000000000057,37.0
9942,2008,17.0,shanghai,False,0.0,True,0.0,False,webber,Australian,red_bull,16,14,21.0,,10.0,29,0,7,0.7999999999999972,32.0
9940,2008,17.0,shanghai,False,0.0,True,0.0,False,nakajima,Japanese,williams,17,12,9.0,0.0,15.0,26,0,8,0.6000000000000085,23.0
9944,2008,,shanghai,False,0.0,True,0.0,False,button,British,honda,18,16,3.0,,18.0,14,0,9,0.7999999999999972,28.0
9947,2008,17.0,shanghai,False,0.0,True,0.0,False,sutil,German,force_india,19,19,0.0,0.0,20.0,0,0,10,1.4000000000000057,25.0
9945,2008,,shanghai,False,0.0,True,0.0,,fisichella,Italian,force_india,20,17,0.0,0.0,19.0,0,0,10,1.4000000000000057,35.0
9949,2008,18.0,interlagos,False,0.0,False,1.0,False,,Brazilian,ferrari,1,1,87.0,5.0,2.0,156,,1,0.0,27.0
9956,2008,18.0,interlagos,False,0.0,False,1.0,False,trulli,Italian,toyota,2,8,30.0,0.0,9.0,52,0,5,0.2999999999999971,34.0
9951,2008,18.0,interlagos,False,0.0,False,1.0,False,raikkonen,Finnish,ferrari,,3,69.0,2.0,4.0,156,7,1,0.3999999999999915,29.0
9953,2008,18.0,interlagos,False,0.0,False,1.0,False,hamilton,British,mclaren,4,5,94.0,5.0,,145,6,2,0.3999999999999915,23.0
9955,2008,18.0,interlagos,False,0.0,False,1.0,False,kovalainen,Finnish,mclaren,5,7,51.0,1.0,7.0,145,,2,0.5,
9950,2008,18.0,interlagos,False,0.0,False,1.0,False,alonso,Spanish,renault,6,2,53.0,2.0,6.0,,2,4,0.5999999999999943,27.0
9952,2008,18.0,interlagos,False,0.0,False,1.0,False,vettel,German,toro_rosso,7,4,30.0,,8.0,34,1,6,,21.0
9958,2008,18.0,interlagos,False,0.0,False,,False,heidfeld,German,bmw_sauber,8,10,60.0,0.0,5.0,135,1,3,0.8999999999999915,31.0
9962,2008,18.0,interlagos,False,0.0,False,1.0,False,bourdais,French,toro_rosso,9,14,4.0,0.0,17.0,34,1,6,1.6999999999999886,29.0
9954,2008,18.0,interlagos,False,0.0,False,,False,glock,German,toyota,10,6,22.0,0.0,10.0,52,0,5,1.7999999999999972,26.0
9967,2008,18.0,interlagos,False,0.0,False,,False,piquet_jr,Brazilian,renault,Auto%#,19,19.0,0.0,12.0,72,2,4,-0.3000000000000113,23.0
9957,2008,18.0,interlagos,False,0.0,False,1.0,,webber,Australian,red_bull,12,9,21.0,0.0,11.0,29,0,7,-0.1000000000000085,32.0
9959,2008,18.0,interlagos,False,0.0,False,1.0,False,kubica,,bmw_sauber,13,11,75.0,1.0,3.0,135,,3,-0.1000000000000085,23.0
9968,2008,18.0,interlagos,False,0.0,False,1.0,False,coulthard,,red_bull,14,20,8.0,0.0,16.0,29,0,7,0.2999999999999971,37.0
9963,2008,18.0,interlagos,False,0.0,False,1.0,False,barrichello,Brazilian,honda,Auto%#,15,11.0,0.0,14.0,14,0,9,0.6999999999999886,36.0
9965,2008,18.0,interlagos,False,0.0,False,,False,nakajima,Japanese,williams,16,17,9.0,0.0,15.0,26,0,8,0.3999999999999915,23.0
9961,2008,18.0,interlagos,False,0.0,,,False,button,British,honda,17,13,3.0,0.0,18.0,14,0,9,0.3999999999999915,28.0
9960,2008,18.0,interlagos,False,0.0,False,1.0,False,rosberg,German,williams,18,12,17.0,0.0,13.0,26,0,8,0.5999999999999943,23.0
9966,2008,18.0,interlagos,False,0.0,False,1.0,False,fisichella,Italian,force_india,19,18,0.0,0.0,19.0,0,0,10,1.0,35.0
9964,2008,18.0,interlagos,False,,False,1.0,False,sutil,German,force_india,20,16,0.0,0.0,20.0,0,0,10,1.0999999999999943,25.0
9969,2009,1.0,albert_park,True,0.0,False,0.0,False,button,British,brawn,1,1,0.0,0.0,0.0,0,0,,0.0,29.0
9970,2009,1.0,albert_park,True,,False,0.0,False,barrichello,Brazilian,brawn,2,2,0.0,0.0,0.0,0,0,0,0.2999999999999971,36.0
9979,2009,1.0,albert_park,True,0.0,False,0.0,False,vettel,German,,3,13,0.0,,,0,0,0,0.5999999999999943,21.0
9980,2009,1.0,albert_park,True,0.0,False,0.0,False,kubica,Polish,bmw_sauber,4,14,0.0,0.0,0.0,0,0,0,0.7000000000000028,24.0
9972,2009,1.0,albert_park,True,,False,0.0,False,rosberg,German,williams,5,6,0.0,0.0,,0,0,0,0.7999999999999972,23.0
9982,2009,1.0,albert_park,True,0.0,False,0.0,False,massa,Brazilian,ferrari,6,16,0.0,0.0,0.0,0,0,0,0.7999999999999972,27.0
9981,2009,1.0,albert_park,True,0.0,False,0.0,False,raikkonen,Finnish,ferrari,7,15,0.0,0.0,0.0,0,0,0,1.0,29.0
9978,2009,1.0,albert_park,True,0.0,False,,False,webber,Australian,red_bull,8,12,0.0,0.0,0.0,0,0,0,1.0,32.0
9976,2009,1.0,albert_park,True,0.0,False,0.0,False,heidfeld,German,bmw_sauber,9,10,0.0,0.0,0.0,0,0,0,-0.7000000000000028,31.0
9971,2009,1.0,albert_park,True,0.0,False,0.0,False,alonso,Spanish,renault,10,5,0.0,0.0,0.0,0,0,0,-0.6000000000000085,27.0
9984,2009,1.0,albert_park,True,0.0,False,0.0,False,nakajima,Japanese,williams,11,18,0.0,0.0,0.0,0,0,0,-0.6000000000000085,24.0
9985,2009,1.0,albert_park,True,0.0,False,0.0,False,kovalainen,Finnish,mclaren,12,19,0.0,0.0,0.0,0,0,0,-0.5,27.0
9973,2009,1.0,albert_park,True,0.0,False,0.0,False,buemi,Swiss,toro_rosso,13,7,0.0,0.0,0.0,0,0,0,0.2999999999999971,20.0
9983,2009,1.0,albert_park,True,0.0,False,0.0,False,piquet_jr,Brazilian,renault,14,17,0.0,0.0,0.0,0,0,0,,23.0
9977,2009,1.0,albert_park,True,0.0,False,0.0,False,fisichella,Italian,force_india,15,11,0.0,0.0,0.0,0,0,0,0.5,36.0
9975,2009,1.0,albert_park,True,0.0,False,,False,sutil,German,force_india,16,9,0.0,0.0,,0,0,0,0.5,26.0
9974,2009,1.0,albert_park,True,0.0,False,0.0,False,bourdais,French,toro_rosso,17,8,0.0,0.0,0.0,0,0,0,0.7999999999999972,30.0
9987,2009,2.0,sepang,False,0.0,True,1.0,False,button,British,brawn,1,1,10.0,1.0,1.0,18,1,1,0.0,29.0
9990,2009,2.0,sepang,False,0.0,True,1.0,False,trulli,Italian,toyota,2,4,6.0,0.0,3.0,11,0,2,0.0999999999999943,34.0
9989,2009,2.0,Auto%#,False,0.0,True,1.0,False,glock,German,toyota,3,3,5.0,0.0,4.0,11,0,2,0.5,27.0
9994,2009,2.0,sepang,False,0.0,True,1.0,False,rosberg,German,Auto%#,4,8,3.0,0.0,,3,0,4,0.5,23.0
9992,2009,2.0,sepang,False,0.0,,1.0,False,webber,Australian,red_bull,5,6,0.0,0.0,12.0,0,0,8,0.5999999999999943,
10005,2009,2.0,sepang,False,0.0,True,1.0,False,kubica,Polish,bmw_sauber,6,19,0.0,0.0,,0,0,7,0.8999999999999915,24.0
10000,2009,2.0,sepang,False,0.0,True,1.0,False,raikkonen,Finnish,ferrari,7,14,0.0,0.0,15.0,0,0,9,1.0,29.0
9991,2009,2.0,sepang,False,0.0,True,1.0,False,barrichello,Brazilian,brawn,8,5,8.0,0.0,2.0,18,1,1,0.5,36.0
9997,2009,2.0,sepang,False,0.0,True,1.0,False,alonso,Spanish,renault,9,11,4.0,0.0,5.0,4,0,3,2.5,27.0
9988,2009,2.0,sepang,False,0.0,True,1.0,False,heidfeld,German,bmw_sauber,10,2,0.0,0.0,10.0,0,0,7,-0.4000000000000057,31.0
9998,2009,2.0,sepang,False,0.0,True,1.0,False,nakajima,Japanese,williams,11,12,0.0,0.0,0.0,3,0,4,-0.4000000000000057,24.0
9993,2009,2.0,sepang,False,0.0,True,1.0,False,hamilton,British,mclaren,12,7,0.0,0.0,0.0,0,0,0,-0.2999999999999971,
10001,2009,2.0,sepang,False,0.0,True,1.0,False,vettel,German,red_bull,13,15,0.0,0.0,13.0,0,0,8,0.2999999999999971,21.0
10006,2009,2.0,sepang,False,0.0,True,1.0,False,kovalainen,Finnish,mclaren,14,,0.0,0.0,0.0,0,0,0,-0.2999999999999971,27.0
9996,2009,2.0,sepang,False,0.0,True,1.0,False,bourdais,French,toro_rosso,15,10,1.0,0.0,8.0,3,0,5,0.2000000000000028,30.0
9995,2009,2.0,sepang,False,0.0,True,1.0,False,massa,Brazilian,ferrari,16,9,0.0,0.0,0.0,0,0,9,0.3999999999999915,27.0
9999,2009,2.0,sepang,False,,True,1.0,False,,Brazilian,renault,17,13,0.0,0.0,0.0,4,0,3,0.5,23.0
10004,2009,2.0,sepang,False,0.0,True,1.0,False,fisichella,Italian,force_india,18,18,0.0,0.0,11.0,0,0,6,0.7000000000000028,36.0
10003,2009,2.0,sepang,False,0.0,True,1.0,False,sutil,German,force_india,19,17,0.0,0.0,9.0,0,0,6,,26.0
10002,2009,2.0,sepang,False,0.0,True,1.0,False,buemi,Swiss,toro_rosso,20,16,2.0,0.0,7.0,3,0,5,0.8999999999999915,
10007,2009,3.0,shanghai,False,0.0,False,1.0,Auto%#,vettel,German,red_bull,1,1,0.0,0.0,16.0,0,0,7,0.0,21.0
10015,2009,,shanghai,False,0.0,False,,False,alonso,Spanish,renault,2,9,4.0,0.0,6.0,4,0,4,0.2000000000000028,27.0
10008,2009,3.0,shanghai,False,0.0,False,1.0,False,webber,Australian,red_bull,3,2,0.0,0.0,9.0,0,0,7,0.2999999999999971,
10010,2009,3.0,shanghai,False,0.0,False,1.0,False,barrichello,Brazilian,brawn,4,4,10.0,0.0,,25,2,1,0.2999999999999971,36.0
10009,2009,3.0,Auto%#,False,0.0,False,1.0,False,button,British,brawn,5,3,15.0,,1.0,25,2,1,0.2999999999999971,29.0
10026,2009,3.0,shanghai,False,0.0,False,1.0,,trulli,Italian,toyota,6,20,0.0,0.0,3.0,0,0,2,0.5999999999999943,34.0
10021,2009,,shanghai,False,0.0,False,1.0,False,rosberg,German,williams,,15,0.0,0.0,7.0,0,0,5,1.2000000000000028,23.0
10016,2009,3.0,shanghai,False,0.0,False,1.0,False,raikkonen,Finnish,ferrari,8,10,0.0,0.0,18.0,0,0,10,1.8999999999999917,29.0
10012,2009,3.0,shanghai,False,0.0,False,1.0,False,hamilton,British,mclaren,9,,1.0,0.0,10.0,1,0,8,2.3999999999999915,24.0
10014,2009,3.0,shanghai,False,0.0,,1.0,False,buemi,Swiss,toro_rosso,10,8,2.0,0.0,8.0,3,0,6,3.0999999999999943,20.0
10018,2009,3.0,shanghai,False,0.0,False,1.0,False,heidfeld,German,bmw_sauber,11,12,4.0,0.0,5.0,4,0,3,-0.2000000000000028,31.0
10011,2009,3.0,shanghai,False,0.0,False,1.0,,kovalainen,Finnish,mclaren,12,5,0.0,0.0,20.0,,0,8,-0.2000000000000028,27.0
10025,2009,3.0,shanghai,False,0.0,False,1.0,False,massa,Brazilian,ferrari,13,19,0.0,0.0,13.0,0,0,Auto%#,-0.2000000000000028,27.0
10024,2009,3.0,shanghai,False,0.0,False,1.0,,nakajima,Japanese,williams,14,18,0.0,0.0,15.0,0,0,5,0.0,24.0
,2009,3.0,shanghai,False,0.0,False,1.0,False,bourdais,French,toro_rosso,Auto%#,11,1.0,0.0,11.0,3,0,,0.7000000000000028,30.0
10022,2009,3.0,shanghai,False,0.0,False,1.0,False,piquet_jr,Brazilian,renault,16,16,0.0,0.0,17.0,4,0,,0.7000000000000028,23.0
10019,2009,3.0,shanghai,False,0.0,False,1.0,False,kubica,Polish,bmw_sauber,17,13,0.0,0.0,19.0,4,0,3,0.7999999999999972,24.0
10023,2009,3.0,shanghai,False,0.0,False,1.0,False,sutil,German,force_india,,17,0.0,0.0,12.0,0,0,9,1.5,26.0
10013,2009,3.0,shanghai,False,0.0,False,1.0,False,glock,German,toyota,19,7,8.0,0.0,4.0,0,0,2,-0.1000000000000085,27.0
10020,2009,3.0,shanghai,False,0.0,False,1.0,False,fisichella,Italian,Auto%#,20,14,0.0,0.0,14.0,0,0,9,1.5,36.0
10029,2009,4.0,bahrain,True,,False,0.0,False,trulli,Italian,toyota,1,3,0.0,0.0,6.0,0,0,3,0.0,34.0
10033,2009,,bahrain,True,0.0,False,0.0,False,glock,German,toyota,2,7,10.0,0.0,4.0,0,0,3,0.2999999999999971,27.0
10028,2009,4.0,bahrain,True,0.0,False,0.0,False,vettel,German,red_bull,3,2,10.0,1.0,3.0,0,1,2,0.5999999999999943,21.0
10027,2009,4.0,bahrain,True,0.0,False,0.0,False,button,British,brawn,4,1,21.0,2.0,1.0,36,2,1,0.5999999999999943,29.0
10030,2009,4.0,bahrain,True,0.0,False,0.0,False,,British,mclaren,5,4,4.0,0.0,10.0,8,0,4,0.7999999999999972,24.0
10031,2009,4.0,bahrain,True,0.0,False,0.0,False,barrichello,Brazilian,brawn,6,5,15.0,0.0,2.0,36,2,Auto%#,0.7999999999999972,36.0
10034,2009,4.0,bahrain,True,0.0,False,0.0,False,alonso,Spanish,renault,7,8,4.0,0.0,8.0,4,0,6,1.1999999999999886,27.0
10040,2009,4.0,bahrain,True,0.0,False,0.0,False,massa,Brazilian,ferrari,8,14,0.0,0.0,15.0,0,0,9,1.3999999999999917,28.0
10035,2009,4.0,bahrain,True,0.0,,0.0,False,rosberg,German,williams,Auto%#,Auto%#,0.0,0.0,11.0,0,0,8,1.6999999999999886,23.0
10032,2009,4.0,bahrain,True,0.0,False,0.0,False,raikkonen,Finnish,ferrari,10,6,0.0,0.0,16.0,0,0,9,2.0,29.0
10038,2009,4.0,bahrain,True,0.0,False,0.0,False,kovalainen,Finnish,mclaren,11,12,4.0,0.0,9.0,8,0,4,-0.2000000000000028,27.0
10046,2009,4.0,,True,0.0,False,0.0,False,,Japanese,williams,12,20,0.0,0.0,18.0,0,0,8,-0.1000000000000085,24.0
10044,2009,4.0,bahrain,True,0.0,False,0.0,False,kubica,Polish,bmw_sauber,13,18,0.0,0.0,19.0,4,0,5,0.0999999999999943,24.0
10045,2009,4.0,bahrain,True,0.0,False,0.0,False,heidfeld,German,bmw_sauber,14,19,4.0,0.0,7.0,4,0,5,0.1999999999999886,31.0
10036,,4.0,bahrain,True,0.0,False,0.0,False,piquet_jr,Auto%#,renault,15,10,0.0,0.0,20.0,4,0,6,0.5,23.0
10043,2009,4.0,bahrain,True,0.0,False,0.0,False,buemi,Swiss,toro_rosso,16,17,3.0,0.0,12.0,4,0,7,0.3999999999999915,20.0
10041,2009,4.0,bahrain,True,,False,0.0,False,fisichella,Italian,force_india,17,15,0.0,0.0,17.0,0,0,10,0.5,36.0
10037,2009,4.0,bahrain,True,0.0,False,0.0,False,webber,Australian,red_bull,18,,0.0,0.0,5.0,0,1,2,0.5999999999999943,32.0
10042,2009,4.0,bahrain,True,0.0,False,0.0,False,sutil,German,force_india,19,,0.0,0.0,14.0,0,0,10,0.2999999999999971,26.0
,2009,4.0,,True,0.0,False,0.0,False,bourdais,French,,20,13,1.0,0.0,13.0,4,0,7,0.7999999999999972,30.0
10047,2009,5.0,catalunya,True,0.0,False,0.0,False,button,British,brawn,1,1,31.0,3.0,1.0,50,3,1,0.0,29.0
10050,2009,5.0,catalunya,True,0.0,False,0.0,False,vettel,German,red_bull,2,4,18.0,1.0,3.0,0,1,2,0.2000000000000028,21.0
10048,2009,5.0,catalunya,True,0.0,False,0.0,False,barrichello,Brazilian,brawn,3,2,19.0,0.0,2.0,50,3,1,0.2999999999999971,36.0
10052,2009,5.0,catalunya,True,0.0,False,0.0,False,massa,Brazilian,ferrari,4,6,0.0,0.0,15.0,3,0,9,0.4000000000000057,28.0
10049,2009,5.0,catalunya,True,0.0,False,0.0,False,webber,Australian,red_bull,5,3,0.0,0.0,,0,1,2,0.5,32.0
10056,2009,5.0,catalunya,True,0.0,False,0.0,False,glock,German,toyota,6,10,12.0,0.0,5.0,0,0,3,0.7000000000000028,27.0
10063,2009,5.0,catalunya,True,0.0,False,0.0,False,trulli,Italian,toyota,7,17,0.0,0.0,4.0,0,,3,0.7999999999999972,34.0
10051,2009,5.0,catalunya,True,0.0,False,0.0,False,alonso,Spanish,renault,8,5,5.0,0.0,8.0,5,0,5,0.9000000000000057,27.0
10054,2009,5.0,catalunya,True,0.0,False,0.0,False,rosberg,German,williams,9,8,0.0,0.0,11.0,0,0,8,2.0999999999999943,23.0
10057,2009,5.0,catalunya,True,0.0,False,0.0,False,kubica,Polish,bmw_sauber,10,11,0.0,0.0,20.0,4,0,6,2.200000000000003,24.0
10059,2009,5.0,catalunya,True,0.0,False,0.0,False,nakajima,,williams,11,13,,0.0,19.0,0,0,8,0.0,24.0
10058,2009,5.0,catalunya,True,0.0,Auto%#,0.0,False,piquet_jr,Brazilian,renault,12,12,0.0,0.0,17.0,5,0,5,0.0999999999999943,23.0
10053,2009,5.0,catalunya,True,0.0,False,0.0,False,heidfeld,German,bmw_sauber,13,7,4.0,0.0,9.0,4,0,6,0.2000000000000028,32.0
10055,2009,5.0,catalunya,True,0.0,False,0.0,False,hamilton,British,mclaren,14,9,9.0,0.0,7.0,13,0,4,0.2999999999999971,24.0
10064,2009,5.0,Auto%#,True,0.0,False,0.0,False,buemi,Swiss,toro_rosso,15,18,3.0,0.0,13.0,4,0,7,0.5999999999999943,20.0
10061,2009,5.0,catalunya,True,0.0,False,0.0,False,raikkonen,Finnish,ferrari,16,15,3.0,0.0,12.0,3,0,9,0.7999999999999972,29.0
10065,2009,5.0,catalunya,True,0.0,False,0.0,False,bourdais,French,toro_rosso,17,19,1.0,0.0,14.0,4,0,7,0.7999999999999972,30.0
10062,2009,5.0,,True,0.0,False,0.0,False,kovalainen,Finnish,mclaren,18,16,4.0,0.0,10.0,13,0,4,1.2000000000000028,27.0
10066,2009,5.0,catalunya,True,0.0,False,0.0,False,sutil,German,Auto%#,19,20,0.0,0.0,16.0,0,0,10,1.2000000000000028,26.0
10060,2009,5.0,catalunya,True,0.0,False,0.0,False,fisichella,Italian,force_india,20,14,0.0,0.0,18.0,0,0,10,1.7000000000000028,36.0
10067,2009,6.0,monaco,True,0.0,Auto%#,0.0,False,button,,,1,1,41.0,4.0,1.0,68,4,1,0.0,
10069,2009,6.0,monaco,True,0.0,False,0.0,False,raikkonen,Finnish,ferrari,2,3,,0.0,13.0,6,0,7,0.0,29.0
10068,2009,,monaco,True,0.0,False,0.0,False,barrichello,Brazilian,brawn,3,2,27.0,0.0,2.0,68,4,1,0.1999999999999886,37.0
10083,2009,6.0,monaco,True,0.0,False,,False,vettel,German,red_bull,4,18,23.0,1.0,3.0,0,1,2,0.3999999999999915,21.0
10070,2009,6.0,monaco,True,0.0,False,0.0,False,massa,Brazilian,ferrari,5,4,3.0,0.0,12.0,6,,7,0.5,28.0
10072,2009,6.0,Auto%#,True,0.0,False,0.0,False,rosberg,German,williams,6,6,0.0,0.0,10.0,0,0,8,0.5999999999999943,23.0
10081,2009,6.0,monaco,True,0.0,False,0.0,False,kovalainen,Finnish,mclaren,Auto%#,16,4.0,0.0,11.0,13,0,4,0.5999999999999943,27.0
10071,2009,,,True,0.0,False,0.0,False,webber,Australian,red_bull,8,5,0.0,0.0,4.0,0,1,2,0.7999999999999972,32.0
10073,2009,6.0,monaco,,0.0,False,0.0,False,alonso,Spanish,renault,9,7,9.0,0.0,8.0,9,0,5,1.0999999999999943,27.0
10080,2009,6.0,monaco,True,0.0,False,0.0,False,nakajima,Japanese,williams,10,15,0.0,0.0,,0,0,8,2.3999999999999915,24.0
10085,2009,6.0,monaco,True,0.0,False,0.0,False,buemi,Swiss,toro_rosso,11,20,3.0,0.0,14.0,4,0,9,0.8999999999999915,20.0
10084,2009,6.0,monaco,True,0.0,False,,False,piquet_jr,Brazilian,renault,12,19,0.0,0.0,17.0,9,,,0.8999999999999915,23.0
10075,2009,6.0,monaco,True,0.0,False,0.0,False,fisichella,Italian,force_india,13,9,0.0,0.0,19.0,0,0,10,1.1999999999999886,36.0
10074,2009,,,True,0.0,False,0.0,Auto%#,bourdais,French,toro_rosso,14,8,,0.0,15.0,4,0,9,1.3999999999999917,30.0
10079,2009,6.0,monaco,True,0.0,False,0.0,False,sutil,German,force_india,15,,0.0,0.0,16.0,0,0,10,,26.0
10076,2009,6.0,monaco,True,0.0,False,0.0,False,heidfeld,German,bmw_sauber,16,11,6.0,,,6,0,6,1.3999999999999917,32.0
10082,2009,6.0,monaco,True,0.0,False,0.0,False,kubica,Polish,bmw_sauber,17,17,0.0,,18.0,6,0,6,1.5,24.0
10078,2009,6.0,monaco,True,0.0,False,0.0,False,trulli,Italian,toyota,18,13,0.0,0.0,5.0,0,0,3,1.5999999999999943,34.0
10077,2009,6.0,monaco,True,0.0,False,0.0,False,hamilton,British,mclaren,Auto%#,12,9.0,0.0,7.0,13,0,4,1.3999999999999917,24.0
10088,2009,7.0,istanbul,True,0.0,False,0.0,False,vettel,German,red_bull,1,3,23.0,1.0,3.0,0,1,2,0.0,21.0
10086,2009,7.0,istanbul,True,0.0,False,0.0,False,button,British,brawn,2,1,51.0,5.0,1.0,86,5,1,0.1000000000000085,29.0
10104,2009,7.0,istanbul,True,0.0,False,0.0,False,barrichello,Brazilian,brawn,3,,35.0,0.0,2.0,86,5,1,0.2999999999999971,37.0
10087,2009,7.0,istanbul,True,0.0,False,,False,webber,Australian,red_bull,4,2,0.0,0.0,4.0,0,1,2,0.2999999999999971,32.0
10089,2009,7.0,istanbul,True,0.0,False,0.0,False,trulli,Italian,toyota,5,4,0.0,0.0,5.0,0,0,3,0.4000000000000057,34.0
10094,2009,7.0,istanbul,True,0.0,False,0.0,False,raikkonen,Finnish,ferrari,6,9,9.0,0.0,8.0,17,,4,,29.0
10091,,7.0,istanbul,True,0.0,False,0.0,False,massa,Brazilian,ferrari,7,6,8.0,0.0,10.0,17,0,4,0.6000000000000085,28.0
10095,2009,,istanbul,True,0.0,False,0.0,False,alonso,Spanish,renault,8,10,11.0,0.0,7.0,11,0,6,0.7999999999999972,27.0
10090,2009,7.0,istanbul,True,0.0,False,,False,rosberg,German,williams,9,5,0.0,0.0,11.0,0,0,7,0.9000000000000057,23.0
10092,2009,7.0,istanbul,True,0.0,False,0.0,False,kubica,Polish,bmw_sauber,10,7,0.0,0.0,19.0,6,0,8,1.1000000000000083,24.0
10096,2009,7.0,istanbul,True,0.0,False,0.0,False,heidfeld,German,bmw_sauber,11,11,6.0,0.0,12.0,6,0,8,-0.7999999999999972,32.0
10097,2009,7.0,istanbul,True,0.0,False,0.0,False,nakajima,Japanese,williams,12,12,0.0,0.0,20.0,0,0,7,-0.7000000000000028,24.0
10093,2009,7.0,istanbul,,0.0,False,0.0,False,glock,German,toyota,13,8,12.0,0.0,6.0,0,0,3,-0.5,27.0
,2009,7.0,istanbul,True,0.0,False,0.0,False,kovalainen,Finnish,mclaren,14,14,4.0,0.0,13.0,13,0,5,-0.0999999999999943,27.0
10102,2009,7.0,istanbul,True,0.0,False,0.0,False,sutil,German,force_india,15,17,0.0,0.0,17.0,0,0,10,0.1000000000000085,26.0
10098,2009,7.0,istanbul,True,0.0,False,0.0,False,hamilton,British,mclaren,16,13,9.0,0.0,9.0,13,0,5,0.0,24.0
10101,,7.0,istanbul,True,0.0,False,0.0,False,piquet_jr,Brazilian,renault,17,16,0.0,0.0,18.0,11,0,6,0.2999999999999971,23.0
10100,2009,7.0,istanbul,True,0.0,False,0.0,False,buemi,Swiss,toro_rosso,18,15,3.0,0.0,14.0,5,0,9,0.4000000000000057,20.0
10105,2009,7.0,istanbul,True,0.0,False,0.0,False,,Italian,force_india,19,20,0.0,0.0,16.0,0,0,10,0.4000000000000057,36.0
10103,2009,7.0,istanbul,True,0.0,,0.0,False,bourdais,French,toro_rosso,20,18,2.0,0.0,15.0,5,0,9,0.6000000000000085,30.0
10106,2009,8.0,silverstone,False,0.0,False,,,vettel,German,red_bull,1,1,29.0,1.0,3.0,0,1,2,0.0,21.0
10108,2009,8.0,silverstone,False,0.0,False,0.0,True,barrichello,Brazilian,brawn,2,3,35.0,0.0,2.0,96,6,1,0.4000000000000057,37.0
10107,,8.0,silverstone,False,,False,0.0,True,webber,Australian,red_bull,3,2,0.0,0.0,4.0,0,,2,0.4000000000000057,32.0
10112,2009,8.0,silverstone,False,0.0,False,0.0,True,trulli,Italian,toyota,4,7,0.0,0.0,5.0,0,0,3,0.5999999999999943,34.0
10116,2009,8.0,silverstone,False,0.0,False,0.0,True,nakajima,Japanese,williams,5,11,0.0,0.0,20.0,0,0,6,0.7000000000000028,24.0
10111,2009,,silverstone,False,0.0,False,0.0,True,button,British,brawn,6,6,61.0,6.0,1.0,96,6,1,0.7999999999999972,
10110,2009,8.0,silverstone,False,0.0,False,0.0,True,rosberg,German,williams,7,5,0.0,0.0,7.0,0,0,6,0.9000000000000057,23.0
10114,2009,8.0,silverstone,False,0.0,False,0.0,,glock,German,toyota,8,9,13.0,0.0,6.0,0,0,3,1.0,27.0
10113,2009,8.0,silverstone,False,0.0,False,0.0,,raikkonen,Finnish,ferrari,,8,9.0,0.0,10.0,20,0,4,1.2000000000000028,29.0
10119,2009,8.0,silverstone,False,0.0,False,0.0,True,alonso,Spanish,renault,10,14,11.0,0.0,9.0,11,0,7,1.2000000000000028,27.0
10109,2009,8.0,silverstone,False,0.0,False,0.0,True,massa,Brazilian,ferrari,11,4,11.0,0.0,8.0,20,0,4,-0.5999999999999943,28.0
10118,2009,,silverstone,False,0.0,False,0.0,True,kubica,Polish,bmw_sauber,12,13,2.0,0.0,15.0,8,0,8,-0.2000000000000028,24.0
10124,2009,8.0,silverstone,False,0.0,False,0.0,True,kovalainen,Finnish,mclaren,13,,4.0,0.0,13.0,,0,5,-0.0999999999999943,27.0
10117,2009,8.0,silverstone,False,0.0,False,0.0,True,piquet_jr,Brazilian,renault,14,12,0.0,0.0,19.0,11,0,7,-0.0999999999999943,23.0
10120,2009,8.0,silverstone,False,0.0,False,,True,heidfeld,German,bmw_sauber,15,15,6.0,0.0,12.0,8,0,8,-0.0999999999999943,32.0
10115,2009,8.0,silverstone,False,0.0,False,0.0,True,fisichella,Italian,force_india,16,10,0.0,0.0,17.0,0,0,10,0.2999999999999971,
10123,2009,,silverstone,False,0.0,False,0.0,True,bourdais,French,toro_rosso,,,2.0,0.0,16.0,5,0,9,0.4000000000000057,30.0
10121,2009,8.0,silverstone,False,0.0,False,0.0,True,hamilton,British,mclaren,18,16,9.0,0.0,11.0,13,0,5,0.4000000000000057,24.0
10122,2009,8.0,silverstone,False,0.0,False,0.0,True,buemi,Swiss,toro_rosso,19,18,3.0,0.0,14.0,5,0,9,0.7000000000000028,20.0
10125,2009,9.0,nurburgring,True,0.0,False,0.0,True,webber,Australian,red_bull,1,1,0.0,0.0,4.0,0,2,2,0.0,32.0
10130,2009,9.0,nurburgring,True,0.0,False,0.0,True,barrichello,Brazilian,brawn,2,6,,0.0,2.0,105,6,1,0.2000000000000028,37.0
10129,2009,9.0,nurburgring,True,0.0,False,0.0,True,,British,brawn,3,5,64.0,6.0,1.0,105,6,,0.2999999999999971,29.0
10126,2009,9.0,,True,0.0,False,0.0,True,vettel,German,red_bull,4,Auto%#,39.0,2.0,3.0,0,2,2,0.2999999999999971,22.0
10142,2009,9.0,nurburgring,True,0.0,False,0.0,True,hamilton,British,mclaren,5,18,9.0,0.0,11.0,13,0,6,0.3999999999999915,24.0
10132,2009,9.0,nurburgring,True,0.0,False,0.0,True,kovalainen,Finnish,mclaren,6,8,4.0,0.0,13.0,13,0,6,1.7000000000000028,27.0
10139,2009,9.0,nurburgring,True,0.0,False,0.0,,sutil,German,force_india,7,15,0.0,,18.0,0,0,10,2.0999999999999943,
10127,2009,9.0,nurburgring,True,0.0,False,0.0,True,massa,Brazilian,ferrari,8,3,16.0,0.0,6.0,26,0,,2.3999999999999915,28.0
10143,2009,9.0,nurburgring,True,0.0,False,0.0,True,raikkonen,Finnish,ferrari,9,19,10.0,0.0,10.0,26,0,4,2.5,29.0
10137,2009,9.0,nurburgring,,0.0,False,0.0,True,piquet_jr,Brazilian,renault,10,13,0.0,0.0,19.0,11,0,7,,23.0
10134,2009,9.0,nurburgring,True,0.0,False,0.0,True,heidfeld,German,bmw_sauber,11,10,6.0,0.0,12.0,8,0,8,10.099999999999994,
10131,2009,9.0,nurburgring,True,0.0,False,0.0,True,alonso,Spanish,renault,12,7,11.0,,9.0,11,0,7,10.099999999999994,27.0
10136,2009,9.0,nurburgring,True,0.0,False,0.0,Auto%#,nakajima,Japanese,williams,13,12,0.0,0.0,20.0,0,0,5,10.299999999999995,24.0
10141,2009,9.0,nurburgring,True,0.0,,0.0,True,trulli,Italian,toyota,14,17,0.0,0.0,,0,0,3,10.599999999999994,34.0
10128,2009,9.0,nurburgring,True,0.0,False,0.0,True,rosberg,German,williams,15,4,0.0,0.0,7.0,0,0,5,10.700000000000005,24.0
10138,2009,9.0,nurburgring,True,0.0,False,0.0,True,kubica,Polish,bmw_sauber,16,14,2.0,0.0,15.0,8,,8,0.0,24.0
10140,2009,9.0,nurburgring,True,0.0,False,0.0,True,buemi,Swiss,toro_rosso,17,16,3.0,,14.0,5,0,9,0.0999999999999943,20.0
10135,2009,9.0,nurburgring,True,0.0,False,0.0,True,fisichella,Italian,force_india,18,11,0.0,0.0,17.0,,0,,0.2000000000000028,36.0
10144,2009,9.0,nurburgring,True,0.0,False,0.0,True,bourdais,French,toro_rosso,Auto%#,20,2.0,0.0,16.0,5,0,9,0.2000000000000028,30.0
10133,2009,9.0,nurburgring,True,0.0,,0.0,True,glock,German,toyota,20,9,13.0,0.0,8.0,0,0,3,1.3999999999999917,27.0
10162,2009,10.0,hungaroring,False,0.0,False,0.0,False,alonso,Spanish,renault,1,18,13.0,0.0,9.0,13,0,7,0.0,27.0
10161,2009,10.0,hungaroring,False,0.0,False,0.0,False,vettel,German,red_bull,2,17,47.0,2.0,2.0,0,3,2,0.0,22.0
10147,2009,10.0,hungaroring,False,0.0,Auto%#,0.0,False,webber,Australian,red_bull,3,3,0.0,1.0,,0,3,2,0.1000000000000085,32.0
10145,2009,10.0,hungaroring,False,0.0,False,0.0,False,hamilton,British,mclaren,4,1,9.0,0.0,11.0,14,0,6,0.2000000000000028,24.0
10148,2009,10.0,hungaroring,,0.0,False,0.0,False,rosberg,German,williams,5,4,0.0,0.0,7.0,0,0,5,0.3000000000000113,24.0
10149,2009,10.0,hungaroring,False,0.0,False,0.0,False,kovalainen,Finnish,mclaren,6,5,5.0,0.0,13.0,,0,6,0.5,27.0
10146,2009,10.0,hungaroring,False,0.0,False,,False,raikkonen,Finnish,ferrari,7,2,10.0,0.0,10.0,32,0,4,0.9000000000000057,29.0
10151,2009,10.0,hungaroring,False,0.0,False,0.0,False,button,British,brawn,8,7,68.0,6.0,1.0,112,6,1,0.9000000000000057,29.0
10153,2009,10.0,hungaroring,False,0.0,False,0.0,False,nakajima,Japanese,williams,9,9,0.0,0.0,20.0,0,0,5,1.2000000000000028,24.0
10160,,10.0,hungaroring,False,0.0,False,0.0,False,buemi,Swiss,toro_rosso,10,16,3.0,0.0,14.0,5,0,9,-0.5999999999999943,20.0
,2009,10.0,hungaroring,,0.0,False,0.0,False,trulli,Italian,toyota,11,8,0.0,0.0,6.0,0,0,3,-0.5,35.0
,2009,10.0,Auto%#,False,0.0,False,0.0,False,barrichello,Brazilian,brawn,12,10,44.0,0.0,4.0,112,6,1,-0.3999999999999915,37.0
10150,2009,10.0,hungaroring,False,0.0,False,0.0,False,glock,German,toyota,13,6,13.0,0.0,8.0,0,0,3,-0.3999999999999915,27.0
10156,2009,10.0,hungaroring,False,0.0,False,0.0,False,piquet_jr,Brazilian,renault,14,12,0.0,0.0,19.0,13,0,,-0.1999999999999886,24.0
10155,2009,10.0,hungaroring,False,0.0,False,0.0,False,heidfeld,German,bmw_sauber,15,11,6.0,0.0,12.0,8,0,8,0.1000000000000085,32.0
10158,2009,10.0,hungaroring,False,0.0,,0.0,False,fisichella,Italian,,16,14,0.0,0.0,17.0,0,0,10,0.2000000000000028,36.0
10163,2009,10.0,hungaroring,False,0.0,False,0.0,Auto%#,sutil,German,force_india,17,19,0.0,0.0,18.0,0,0,10,0.3000000000000113,26.0
10157,2009,10.0,hungaroring,False,0.0,False,0.0,False,kubica,Polish,bmw_sauber,18,13,2.0,0.0,15.0,8,0,8,0.3000000000000113,24.0
10159,2009,10.0,hungaroring,False,0.0,False,0.0,False,alguersuari,Spanish,toro_rosso,19,15,0.0,0.0,0.0,5,0,9,0.8000000000000114,19.0
10165,2009,11.0,valencia,True,0.0,True,0.0,False,hamilton,Auto%#,mclaren,1,2,,1.0,8.0,28,1,5,0.0,24.0
10167,2009,11.0,valencia,True,0.0,True,0.0,False,kovalainen,Finnish,mclaren,2,4,9.0,0.0,12.0,28,1,5,0.0,27.0
10164,2009,11.0,valencia,True,0.0,True,0.0,False,barrichello,Brazilian,brawn,Auto%#,1,44.0,0.0,4.0,114,6,1,0.0999999999999943,37.0
10183,2009,11.0,valencia,True,0.0,True,0.0,False,vettel,German,red_bull,4,20,47.0,2.0,3.0,0,3,2,0.2999999999999971,22.0
10170,2009,11.0,valencia,True,,True,0.0,False,,British,brawn,5,7,70.0,6.0,1.0,114,6,1,0.2999999999999971,29.0
10166,2009,11.0,valencia,True,0.0,True,0.0,False,raikkonen,Finnish,ferrari,6,3,18.0,0.0,9.0,40,0,3,0.5999999999999943,29.0
10168,2009,11.0,,True,0.0,True,0.0,False,rosberg,German,williams,7,5,0.0,0.0,5.0,0,0,6,0.7000000000000028,24.0
10169,2009,11.0,valencia,True,0.0,True,0.0,False,alonso,Spanish,renault,8,6,13.0,0.0,11.0,13,0,7,0.7000000000000028,28.0
10172,2009,11.0,valencia,True,0.0,True,0.0,False,webber,Australian,red_bull,9,9,0.0,1.0,2.0,0,3,2,0.7000000000000028,32.0
10171,2009,11.0,valencia,True,0.0,True,0.0,,kubica,Polish,bmw_sauber,10,8,2.0,0.0,15.0,8,0,8,1.0,24.0
10174,2009,11.0,valencia,True,0.0,True,0.0,Auto%#,heidfeld,German,bmw_sauber,11,11,6.0,0.0,13.0,8,0,8,-0.7000000000000028,32.0
10173,2009,11.0,valencia,True,0.0,True,0.0,False,sutil,German,force_india,12,10,0.0,0.0,19.0,0,0,10,-0.7000000000000028,26.0
10177,2009,11.0,valencia,True,0.0,True,0.0,False,glock,German,toyota,13,14,16.0,0.0,10.0,0,0,4,-0.5,27.0
10178,2009,11.0,valencia,True,0.0,True,0.0,False,grosjean,French,renault,14,15,0.0,0.0,0.0,13,0,7,-0.5,23.0
10182,2009,11.0,valencia,True,0.0,True,0.0,False,buemi,Swiss,toro_rosso,15,19,3.0,0.0,14.0,5,0,9,0.0,20.0
10175,2009,11.0,valencia,True,0.0,True,,False,fisichella,Italian,force_india,16,12,0.0,0.0,17.0,0,0,10,0.0,36.0
10181,2009,11.0,valencia,True,0.0,True,0.0,False,nakajima,Japanese,williams,17,Auto%#,0.0,0.0,18.0,0,0,6,0.2999999999999971,24.0
10176,2009,11.0,valencia,True,0.0,Auto%#,0.0,False,trulli,Italian,,18,13,0.0,0.0,6.0,0,0,4,0.2999999999999971,35.0
10179,2009,11.0,valencia,True,0.0,True,0.0,False,alguersuari,Spanish,toro_rosso,19,16,0.0,0.0,21.0,5,0,9,0.4000000000000057,19.0
,2009,11.0,valencia,True,0.0,Auto%#,0.0,False,badoer,Italian,,20,17,0.0,0.0,0.0,40,0,3,1.9000000000000057,38.0
10185,2009,12.0,spa,True,0.0,False,0.0,False,fisichella,Italian,force_india,1,2,0.0,0.0,17.0,0,0,Auto%#,0.0,36.0
10199,2009,12.0,spa,True,0.0,False,0.0,False,trulli,Italian,toyota,2,16,0.0,0.0,8.0,0,0,5,0.1000000000000085,35.0
10188,2009,12.0,spa,True,0.0,False,,False,heidfeld,German,bmw_sauber,3,5,6.0,0.0,13.0,9,0,8,0.2000000000000028,32.0
10190,2009,12.0,spa,True,0.0,False,0.0,False,barrichello,Brazilian,brawn,4,7,54.0,1.0,2.0,126,7,1,0.2000000000000028,37.0
10187,2009,12.0,spa,True,,False,0.0,False,kubica,Polish,bmw_sauber,Auto%#,4,3.0,0.0,14.0,9,0,8,0.2999999999999971,24.0
10184,2009,12.0,spa,True,0.0,Auto%#,0.0,False,raikkonen,Finnish,ferrari,6,1,24.0,0.0,7.0,46,0,3,0.2999999999999971,29.0
10193,2009,12.0,spa,True,0.0,False,,False,glock,German,toyota,7,10,16.0,0.0,10.0,0,0,5,0.4000000000000057,27.0
10186,2009,12.0,spa,True,0.0,False,0.0,False,vettel,German,red_bull,8,3,47.0,2.0,4.0,0,3,2,0.5,22.0
10192,2009,12.0,spa,True,0.0,False,0.0,False,webber,Australian,red_bull,9,9,0.0,1.0,3.0,0,3,2,0.5,33.0
10191,2009,12.0,spa,True,0.0,False,0.0,False,rosberg,German,williams,10,Auto%#,0.0,0.0,,,0,6,1.1000000000000083,24.0
,2009,12.0,spa,True,0.0,False,0.0,False,sutil,German,force_india,11,11,0.0,0.0,18.0,0,0,10,-1.2000000000000028,26.0
10202,2009,12.0,spa,True,0.0,False,0.0,False,hamilton,British,mclaren,12,19,27.0,1.0,6.0,41,1,4,-1.2000000000000028,24.0
10198,2009,12.0,spa,True,0.0,False,0.0,Auto%#,alonso,Spanish,renault,13,15,16.0,0.0,11.0,16,0,7,-1.2000000000000028,28.0
10200,2009,12.0,spa,True,0.0,False,0.0,False,button,British,brawn,14,17,72.0,6.0,1.0,126,,1,-1.0,29.0
10189,2009,12.0,spa,True,0.0,False,0.0,False,kovalainen,Finnish,mclaren,15,6,14.0,0.0,12.0,41,1,4,-1.0,27.0
10195,2009,,spa,True,0.0,False,0.0,False,buemi,Swiss,toro_rosso,16,12,3.0,0.0,15.0,5,,9,-0.2999999999999971,20.0
10203,2009,12.0,spa,True,0.0,False,0.0,False,alguersuari,Spanish,toro_rosso,17,20,0.0,0.0,21.0,5,0,9,-0.2999999999999971,19.0
10196,2009,12.0,spa,True,0.0,False,0.0,False,nakajima,Japanese,williams,18,13,0.0,0.0,19.0,0,0,6,0.0,24.0
10201,2009,12.0,spa,True,0.0,False,0.0,False,grosjean,French,renault,19,18,0.0,0.0,22.0,16,0,7,0.1000000000000085,23.0
10197,2009,12.0,spa,True,,False,0.0,,badoer,Italian,ferrari,20,14,0.0,0.0,23.0,46,0,3,0.7000000000000028,38.0
10215,2009,13.0,monza,True,0.0,Auto%#,0.0,False,hamilton,British,mclaren,1,12,27.0,1.0,7.0,44,1,4,0.0,24.0
10207,2009,13.0,monza,True,0.0,False,0.0,False,sutil,German,force_india,2,4,0.0,0.0,18.0,8,0,9,0.2000000000000028,26.0
10206,2009,13.0,monza,True,0.0,,0.0,False,raikkonen,Finnish,ferrari,3,3,34.0,1.0,5.0,56,1,3,0.4000000000000057,29.0
10209,2009,,monza,True,0.0,False,0.0,False,kovalainen,Finnish,mclaren,4,Auto%#,17.0,0.0,10.0,44,1,4,0.7000000000000028,27.0
10204,2009,13.0,monza,True,0.0,Auto%#,0.0,,barrichello,,brawn,5,1,,1.0,2.0,128,7,1,0.9000000000000057,37.0
10205,2009,13.0,monza,True,,,0.0,False,button,British,brawn,6,2,72.0,6.0,1.0,128,7,1,0.9000000000000057,29.0
10220,2009,13.0,monza,True,0.0,False,0.0,False,liuzzi,Italian,force_india,7,17,0.0,0.0,,8,,9,0.9000000000000057,29.0
10208,2009,13.0,monza,True,0.0,False,0.0,False,,Spanish,renault,8,5,16.0,0.0,12.0,16,0,8,1.0,28.0
,2009,13.0,monza,True,0.0,False,0.0,False,vettel,German,red_bull,9,8,53.0,2.0,3.0,0,3,2,1.1000000000000083,22.0
10222,2009,13.0,monza,True,0.0,False,0.0,False,webber,Australian,,10,20,0.0,1.0,4.0,0,3,2,1.2000000000000028,33.0
10217,2009,13.0,monza,True,0.0,False,0.0,False,trulli,Italian,toyota,11,14,0.0,0.0,8.0,0,0,5,-0.5,35.0
10218,2009,13.0,monza,True,0.0,False,0.0,,grosjean,French,renault,12,15,0.0,0.0,23.0,16,0,8,-0.3999999999999915,23.0
10221,2009,13.0,monza,True,0.0,,0.0,False,kubica,Polish,bmw_sauber,13,19,8.0,0.0,15.0,18,0,7,-0.1999999999999886,24.0
10212,2009,13.0,monza,True,0.0,False,0.0,False,fisichella,Italian,ferrari,14,9,8.0,0.0,14.0,56,1,3,-0.1999999999999886,36.0
10210,2009,13.0,monza,True,0.0,False,0.0,False,heidfeld,German,bmw_sauber,15,Auto%#,10.0,0.0,13.0,18,0,7,0.2000000000000028,32.0
10214,2009,13.0,monza,True,0.0,,0.0,False,glock,German,toyota,16,11,16.0,0.0,11.0,0,0,5,-0.0999999999999943,27.0
10213,2009,13.0,,True,0.0,False,0.0,False,nakajima,Japanese,williams,17,10,0.0,0.0,19.0,0,0,6,0.0,24.0
10219,2009,13.0,monza,True,0.0,False,0.0,False,rosberg,German,williams,18,,0.0,0.0,6.0,0,0,6,0.0,24.0
10216,2009,13.0,monza,True,0.0,False,0.0,False,buemi,Swiss,toro_rosso,19,13,,0.0,16.0,5,0,10,0.1000000000000085,20.0
10223,2009,14.0,marina_bay,True,0.0,True,0.0,False,hamilton,British,mclaren,1,1,27.0,1.0,7.0,47,1,4,0.0,24.0
10226,2009,14.0,marina_bay,True,0.0,True,0.0,False,vettel,Auto%#,red_bull,2,4,54.0,2.0,3.0,0,3,2,0.2999999999999971,22.0
,2009,14.0,marina_bay,True,0.0,True,0.0,False,rosberg,German,williams,3,11,0.0,0.0,6.0,0,0,6,,24.0
10239,2009,14.0,marina_bay,True,0.0,True,0.0,False,webber,Australian,red_bull,4,17,0.0,1.0,4.0,0,3,2,0.7999999999999972,33.0
10225,2009,14.0,marina_bay,True,0.0,True,0.0,False,alonso,Spanish,renault,5,Auto%#,20.0,0.0,11.0,20,,,1.1999999999999886,28.0
10224,2009,14.0,marina_bay,True,0.0,True,0.0,False,,German,toyota,6,2,16.0,0.0,12.0,0,0,5,1.2999999999999972,27.0
10230,2009,14.0,marina_bay,True,0.0,True,,False,kubica,Polish,bmw_sauber,7,8,8.0,0.0,15.0,20,0,7,1.5999999999999943,24.0
10229,2009,14.0,marina_bay,True,0.0,True,0.0,False,kovalainen,Finnish,mclaren,8,7,20.0,0.0,10.0,47,1,4,1.8999999999999917,27.0
10228,2009,14.0,marina_bay,True,0.0,True,0.0,False,barrichello,Brazilian,brawn,9,6,66.0,2.0,2.0,146,8,1,0.8999999999999915,37.0
10231,2009,14.0,marina_bay,True,0.0,True,0.0,False,nakajima,Japanese,williams,Auto%#,9,0.0,0.0,19.0,0,0,6,-0.9000000000000057,24.0
10227,2009,14.0,marina_bay,True,0.0,True,0.0,False,button,British,brawn,11,5,80.0,6.0,1.0,146,8,1,-0.8000000000000114,29.0
,2009,14.0,marina_bay,True,0.0,True,0.0,False,raikkonen,Finnish,ferrari,,10,40.0,1.0,,62,1,3,-0.7000000000000028,29.0
10238,2009,14.0,marina_bay,True,0.0,True,0.0,False,buemi,Swiss,toro_rosso,13,16,3.0,0.0,17.0,5,0,10,-0.5,20.0
10234,2009,14.0,marina_bay,True,0.0,True,0.0,False,trulli,Italian,toyota,14,12,0.0,0.0,8.0,0,0,5,-0.5,35.0
10240,2009,14.0,marina_bay,True,0.0,True,0.0,False,sutil,German,force_india,15,,5.0,0.0,16.0,13,0,9,0.2999999999999971,26.0
10237,2009,14.0,marina_bay,True,0.0,True,0.0,False,alguersuari,Spanish,toro_rosso,16,15,0.0,0.0,23.0,5,0,10,0.3999999999999915,19.0
10235,2009,,marina_bay,True,0.0,True,0.0,False,fisichella,Italian,ferrari,17,13,8.0,0.0,14.0,62,1,3,0.5,36.0
10241,2009,14.0,marina_bay,True,0.0,True,0.0,False,grosjean,French,renault,,20,0.0,0.0,22.0,20,0,8,0.5999999999999943,23.0
10236,2009,14.0,marina_bay,True,0.0,True,0.0,False,liuzzi,Italian,force_india,19,14,,0.0,24.0,13,0,9,0.8999999999999915,29.0
10242,2009,15.0,suzuka,False,0.0,True,0.0,False,vettel,Auto%#,red_bull,1,1,59.0,2.0,3.0,0,3,2,0.0,22.0
10243,2009,15.0,suzuka,False,0.0,True,0.0,False,trulli,Italian,toyota,2,2,,0.0,10.0,0,0,5,0.0,35.0
10244,2009,15.0,suzuka,False,0.0,True,0.0,False,hamilton,British,mclaren,,3,37.0,2.0,6.0,59,2,4,,24.0
10247,2009,15.0,suzuka,False,0.0,True,0.0,False,heidfeld,German,bmw_sauber,4,6,12.0,0.0,13.0,21,0,8,0.7000000000000028,32.0
10245,2009,15.0,suzuka,False,0.0,True,0.0,False,raikkonen,Finnish,ferrari,5,4,40.0,1.0,5.0,62,1,3,0.7999999999999972,29.0
10248,2009,15.0,suzuka,False,0.0,True,0.0,False,barrichello,,brawn,6,7,69.0,2.0,2.0,153,8,1,0.5,37.0
10246,2009,15.0,suzuka,False,0.0,True,0.0,False,rosberg,German,williams,7,5,0.0,0.0,7.0,0,,6,-0.7000000000000028,24.0
10254,2009,15.0,suzuka,False,0.0,True,0.0,False,sutil,German,force_india,8,13,,0.0,16.0,13,0,9,0.2999999999999971,26.0
10250,2009,15.0,suzuka,False,0.0,Auto%#,0.0,False,kubica,Polish,bmw_sauber,9,9,9.0,0.0,14.0,21,0,8,0.0999999999999943,24.0
10249,2009,15.0,suzuka,False,0.0,True,0.0,False,button,British,brawn,10,8,84.0,6.0,1.0,153,8,1,0.7999999999999972,29.0
10253,2009,15.0,suzuka,False,0.0,,0.0,False,fisichella,Italian,ferrari,14,12,8.0,0.0,15.0,62,1,3,-0.5,36.0
,2009,15.0,suzuka,False,0.0,True,0.0,False,nakajima,Japanese,williams,15,15,0.0,0.0,19.0,0,0,6,-0.5,24.0
10251,2009,15.0,suzuka,False,0.0,True,0.0,False,alonso,Spanish,Auto%#,16,10,26.0,0.0,8.0,26,0,7,-0.6000000000000085,28.0
10257,2009,15.0,suzuka,False,0.0,True,0.0,Auto%#,grosjean,,renault,17,16,0.0,0.0,23.0,26,0,7,-0.1000000000000085,23.0
,2009,15.0,suzuka,False,,True,0.0,False,liuzzi,Italian,force_india,18,14,0.0,0.0,22.0,13,0,9,-0.1000000000000085,29.0
10267,2009,16.0,interlagos,,0.0,True,0.0,True,barrichello,Brazilian,brawn,1,,71.0,2.0,2.0,156,8,1,0.0,37.0
10260,2009,16.0,interlagos,False,0.0,True,0.0,True,webber,Australian,red_bull,2,1,0.0,1.0,,0,4,2,0.1000000000000085,33.0
10277,2009,16.0,interlagos,False,0.0,True,0.0,True,sutil,German,force_india,3,18,5.0,0.0,16.0,13,0,9,0.3000000000000113,26.0
10278,2009,16.0,interlagos,False,0.0,True,0.0,,trulli,Italian,toyota,4,19,0.0,0.0,8.0,0,0,5,0.5,35.0
10265,2009,16.0,interlagos,False,0.0,True,0.0,True,raikkonen,Finnish,ferrari,5,6,45.0,1.0,5.0,67,,3,0.6000000000000085,30.0
,2009,16.0,interlagos,False,0.0,True,0.0,,buemi,Swiss,toro_rosso,6,7,3.0,0.0,17.0,5,0,10,0.6000000000000085,20.0
10275,2009,16.0,interlagos,False,0.0,True,0.0,True,rosberg,,williams,7,16,0.0,0.0,7.0,0,0,6,0.7000000000000028,24.0
10261,2009,16.0,Auto%#,False,0.0,True,0.0,True,kubica,Polish,bmw_sauber,8,2,9.0,0.0,14.0,24,0,8,1.0,24.0
10274,2009,16.0,interlagos,False,0.0,True,0.0,True,nakajima,Japanese,williams,9,15,0.0,0.0,19.0,0,0,6,1.1000000000000083,24.0
10279,2009,16.0,Auto%#,False,0.0,True,0.0,True,alonso,Spanish,renault,10,20,26.0,0.0,,26,0,,1.8000000000000114,28.0
10269,2009,16.0,interlagos,False,0.0,True,0.0,True,kobayashi,Japanese,toyota,11,10,0.0,0.0,0.0,0,0,5,2.4000000000000057,23.0
10273,2009,16.0,interlagos,False,0.0,True,0.0,True,alguersuari,Spanish,toro_rosso,12,14,0.0,0.0,24.0,5,0,10,2.6000000000000085,19.0
10272,2009,16.0,interlagos,,0.0,True,0.0,True,grosjean,French,renault,13,13,0.0,0.0,23.0,26,0,7,2.9000000000000057,23.0
10264,2009,16.0,interlagos,False,0.0,True,0.0,True,button,British,brawn,14,5,85.0,6.0,1.0,156,8,1,2.9000000000000057,29.0
10263,2009,16.0,interlagos,False,0.0,True,0.0,True,vettel,German,red_bull,15,4,69.0,3.0,3.0,0,4,2,5.400000000000006,22.0
10268,2009,16.0,interlagos,,0.0,True,0.0,True,kovalainen,Finnish,mclaren,16,9,22.0,0.0,,65,2,4,5.5,27.0
10262,2009,16.0,interlagos,False,0.0,True,0.0,True,hamilton,British,mclaren,17,3,43.0,2.0,6.0,65,2,4,5.6000000000000085,24.0
10276,2009,16.0,interlagos,False,0.0,True,0.0,True,heidfeld,German,bmw_sauber,18,17,15.0,0.0,13.0,24,0,8,5.900000000000006,32.0
10270,2009,16.0,interlagos,False,0.0,True,0.0,True,fisichella,Italian,ferrari,19,11,8.0,0.0,15.0,67,1,,21.10000000000001,36.0
10298,2009,17.0,yas_marina,False,0.0,True,0.0,False,hamilton,British,mclaren,1,19,49.0,2.0,5.0,71,2,3,0.0,24.0
10280,2009,17.0,yas_marina,False,0.0,True,0.0,False,vettel,German,red_bull,2,1,74.0,3.0,2.0,0,5,2,0.6999999999999886,22.0
10281,2009,17.0,yas_marina,False,0.0,True,,False,webber,Australian,red_bull,3,2,0.0,,4.0,0,5,2,0.7999999999999972,33.0
10283,2009,17.0,yas_marina,False,0.0,,0.0,False,barrichello,Brazilian,brawn,4,4,72.0,2.0,3.0,161,8,1,0.8999999999999915,37.0
10282,2009,17.0,yas_marina,False,0.0,True,0.0,False,button,British,brawn,5,3,89.0,6.0,1.0,,8,Auto%#,1.0,29.0
10286,2009,17.0,yas_marina,False,0.0,True,,False,trulli,Italian,toyota,6,7,0.0,0.0,8.0,,0,5,1.0,35.0
10289,2009,,yas_marina,False,0.0,True,0.0,False,kubica,Polish,bmw_sauber,7,10,17.0,0.0,13.0,32,0,7,1.0999999999999943,24.0
10284,2009,17.0,yas_marina,False,0.0,True,0.0,False,heidfeld,German,bmw_sauber,8,5,15.0,0.0,14.0,32,0,7,1.3999999999999917,32.0
10288,2009,17.0,yas_marina,False,0.0,True,0.0,False,rosberg,German,williams,9,9,0.0,0.0,7.0,0,0,Auto%#,1.6999999999999886,24.0
10287,2009,17.0,yas_marina,False,0.0,True,0.0,False,buemi,Swiss,toro_rosso,10,8,5.0,0.0,17.0,7,0,10,1.7999999999999972,21.0
10291,2009,17.0,yas_marina,False,0.0,True,0.0,False,raikkonen,Finnish,ferrari,11,12,48.0,1.0,6.0,70,1,4,-0.2000000000000028,30.0
10285,2009,,yas_marina,False,,True,0.0,False,kobayashi,Japanese,toyota,12,6,0.0,0.0,21.0,0,0,5,,23.0
10292,2009,17.0,yas_marina,False,0.0,True,0.0,False,nakajima,Japanese,williams,13,13,0.0,0.0,19.0,0,0,6,0.1999999999999886,24.0
10299,,17.0,yas_marina,False,0.0,True,0.0,False,alguersuari,Spanish,toro_rosso,14,20,0.0,0.0,24.0,7,0,10,0.7999999999999972,19.0
10293,2009,17.0,yas_marina,False,0.0,True,0.0,,alonso,Spanish,renault,15,14,26.0,0.0,9.0,26,0,8,0.7999999999999972,28.0
10294,2009,17.0,yas_marina,False,0.0,True,0.0,False,liuzzi,Italian,force_india,16,,0.0,0.0,22.0,13,0,9,0.7999999999999972,29.0
10296,2009,17.0,yas_marina,False,0.0,True,0.0,False,sutil,German,force_india,17,17,5.0,0.0,16.0,13,0,9,1.0,26.0
10290,2009,17.0,,False,0.0,True,0.0,False,kovalainen,Finnish,mclaren,18,11,22.0,0.0,12.0,71,2,3,0.0999999999999943,28.0
10297,2009,17.0,yas_marina,False,0.0,True,0.0,False,grosjean,French,renault,19,18,0.0,0.0,23.0,26,0,8,1.0999999999999943,23.0
10295,2009,17.0,yas_marina,False,0.0,True,,False,fisichella,Italian,ferrari,20,16,8.0,0.0,15.0,,1,4,1.2999999999999972,36.0
10303,2010,1.0,bahrain,True,0.0,False,0.0,False,vettel,German,red_bull,Auto%#,4,0.0,0.0,,0,0,0,0.0,22.0
10301,2010,1.0,bahrain,True,0.0,False,0.0,False,massa,Brazilian,ferrari,2,2,0.0,0.0,0.0,0,0,0,0.1000000000000085,28.0
10300,2010,,bahrain,True,0.0,False,0.0,False,alonso,Spanish,ferrari,3,1,0.0,0.0,0.0,0,,0,0.5,28.0
10302,2010,1.0,bahrain,True,0.0,False,0.0,False,hamilton,British,mclaren,4,3,0.0,0.0,0.0,0,0,0,1.1000000000000083,25.0
10304,2010,1.0,bahrain,True,0.0,False,0.0,False,rosberg,German,mercedes,5,5,0.0,0.0,0.0,0,0,0,1.1000000000000083,24.0
10307,2010,1.0,bahrain,True,0.0,False,0.0,False,webber,Australian,red_bull,6,8,0.0,0.0,0.0,0,0,0,1.2000000000000028,33.0
10305,2010,1.0,bahrain,True,0.0,False,0.0,False,michael_schumacher,German,mercedes,7,6,0.0,0.0,,0,0,0,1.4000000000000057,41.0
10306,2010,1.0,bahrain,True,0.0,False,0.0,False,button,British,mclaren,8,7,0.0,0.0,0.0,0,0,0,1.6000000000000083,30.0
10310,2010,1.0,bahrain,True,0.0,False,0.0,False,kubica,Polish,renault,,11,0.0,0.0,0.0,0,0,0,1.8000000000000114,25.0
10311,2010,1.0,bahrain,True,0.0,False,0.0,Auto%#,sutil,German,force_india,10,12,0.0,0.0,0.0,0,0,0,2.200000000000003,27.0
10309,2010,1.0,bahrain,True,,False,0.0,False,barrichello,Brazilian,williams,11,10,,0.0,0.0,0,0,0,1.2000000000000028,37.0
10308,2010,1.0,bahrain,True,0.0,False,0.0,False,liuzzi,Italian,force_india,12,9,0.0,0.0,0.0,0,0,0,1.6000000000000083,29.0
10313,2010,1.0,bahrain,True,0.0,False,0.0,False,hulkenberg,German,williams,13,,0.0,0.0,0.0,0,0,0,1.8000000000000114,22.0
10317,2010,1.0,bahrain,True,0.0,False,0.0,False,,Spanish,sauber,14,18,0.0,0.0,,0,0,0,2.1000000000000085,39.0
,2010,1.0,bahrain,True,0.0,False,0.0,False,buemi,Swiss,toro_rosso,15,16,0.0,0.0,0.0,0,0,0,2.200000000000003,21.0
10320,2010,1.0,bahrain,True,0.0,False,0.0,False,kobayashi,Japanese,sauber,16,22,0.0,0.0,0.0,0,0,0,2.200000000000003,23.0
10319,2010,1.0,bahrain,True,0.0,False,0.0,False,petrov,Auto%#,renault,17,,0.0,0.0,0.0,0,0,0,2.5,25.0
10312,2010,1.0,bahrain,True,0.0,False,0.0,False,alguersuari,Spanish,toro_rosso,18,13,0.0,0.0,0.0,0,0,0,3.0,19.0
10318,2010,1.0,bahrain,True,,False,0.0,False,glock,German,Auto%#,19,20,0.0,0.0,0.0,0,0,0,5.6000000000000085,27.0
10316,2010,1.0,bahrain,True,,False,0.0,False,trulli,Italian,lotus_racing,20,17,0.0,0.0,0.0,0,0,0,5.800000000000011,35.0
10314,2010,1.0,bahrain,True,0.0,False,0.0,False,kovalainen,Finnish,lotus_racing,21,15,0.0,0.0,0.0,0,0,0,6.200000000000003,28.0
10321,2010,1.0,bahrain,True,0.0,False,0.0,False,grassi,Brazilian,virgin,22,23,0.0,0.0,,0,0,0,6.5,25.0
10336,2010,2.0,albert_park,False,0.0,False,,True,vettel,,red_bull,1,17,12.0,0.0,4.0,16,0,4,0.0,22.0
10330,2010,2.0,albert_park,False,0.0,False,1.0,True,webber,Australian,red_bull,2,9,4.0,0.0,8.0,16,0,4,0.0999999999999943,33.0
10325,2010,2.0,albert_park,False,0.0,False,1.0,True,alonso,Spanish,ferrari,3,4,25.0,1.0,1.0,,1,1,0.1999999999999886,28.0
10322,2010,2.0,albert_park,False,0.0,False,1.0,True,button,British,,4,1,6.0,0.0,7.0,21,0,2,0.7999999999999972,30.0
10324,2010,2.0,albert_park,False,0.0,False,1.0,True,massa,Brazilian,ferrari,5,3,18.0,0.0,2.0,43,1,1,0.8999999999999915,28.0
10326,2010,2.0,albert_park,False,0.0,False,1.0,True,rosberg,German,mercedes,,5,10.0,0.0,5.0,18,0,3,1.0,24.0
10331,2010,2.0,albert_park,False,0.0,False,1.0,True,michael_schumacher,German,mercedes,7,10,8.0,0.0,6.0,18,0,3,1.0,41.0
10329,2010,2.0,albert_park,False,0.0,False,1.0,True,barrichello,,williams,8,8,1.0,0.0,10.0,1,0,,1.2999999999999972,37.0
10323,2010,2.0,albert_park,False,0.0,False,1.0,,kubica,,renault,9,2,0.0,0.0,11.0,0,0,7,1.5,25.0
10337,2010,2.0,albert_park,False,0.0,False,,True,sutil,German,force_india,10,18,0.0,0.0,12.0,2,0,5,2.0999999999999943,27.0
10327,2010,2.0,albert_park,False,0.0,False,1.0,True,hamilton,British,,11,6,15.0,0.0,3.0,21,0,2,1.2999999999999972,25.0
10340,2010,2.0,albert_park,False,0.0,False,1.0,True,buemi,Swiss,toro_rosso,12,21,0.0,0.0,16.0,0,0,Auto%#,1.6999999999999886,21.0
10328,2010,2.0,albert_park,False,0.0,False,1.0,,liuzzi,Italian,force_india,13,7,,0.0,9.0,2,0,5,1.7999999999999972,29.0
10333,2010,2.0,albert_park,False,0.0,False,1.0,True,rosa,Spanish,sauber,14,12,0.0,0.0,18.0,0,0,10,1.7999999999999972,39.0
10341,2010,2.0,albert_park,False,0.0,False,1.0,,hulkenberg,German,williams,15,22,0.0,0.0,14.0,1,0,Auto%#,1.7999999999999972,22.0
10342,2010,2.0,albert_park,False,0.0,False,1.0,True,kobayashi,Japanese,sauber,16,23,0.0,0.0,22.0,0,0,10,1.8999999999999917,23.0
10332,2010,2.0,albert_park,False,0.0,False,1.0,True,alguersuari,Spanish,toro_rosso,17,11,0.0,0.0,13.0,0,0,8,2.1999999999999886,20.0
10338,2010,2.0,albert_park,False,0.0,False,1.0,True,petrov,Russian,renault,18,19,0.0,0.0,21.0,0,0,7,2.5999999999999943,25.0
,,2.0,albert_park,False,0.0,False,1.0,True,kovalainen,Finnish,lotus_racing,19,13,0.0,0.0,15.0,0,0,9,4.899999999999992,28.0
10343,2010,2.0,albert_park,False,0.0,False,1.0,True,trulli,Italian,lotus_racing,20,24,0.0,0.0,17.0,0,0,9,5.199999999999989,35.0
10339,2010,2.0,albert_park,False,0.0,False,1.0,True,bruno_senna,Brazilian,hrt,21,20,0.0,0.0,19.0,0,0,11,6.599999999999994,26.0
10335,2010,2.0,,,0.0,False,1.0,True,chandhok,Auto%#,hrt,22,14,0.0,0.0,24.0,,0,,6.699999999999989,26.0
10345,2010,3.0,sepang,False,0.0,True,0.0,False,webber,Australian,red_bull,1,2,6.0,0.0,10.0,18,0,Auto%#,0.0,33.0
10346,2010,3.0,sepang,False,0.0,True,0.0,False,rosberg,German,mercedes,2,3,20.0,0.0,5.0,29,0,3,1.4000000000000057,24.0
10344,2010,3.0,sepang,False,0.0,True,0.0,False,vettel,German,red_bull,3,1,12.0,0.0,7.0,18,0,5,1.5,22.0
10348,2010,3.0,sepang,False,0.0,True,0.0,False,sutil,German,force_india,4,5,0.0,0.0,13.0,8,0,6,1.6000000000000083,27.0
10353,2010,3.0,sepang,False,0.0,True,0.0,False,hulkenberg,German,williams,5,10,0.0,0.0,17.0,5,0,7,1.7000000000000028,22.0
10347,,3.0,sepang,False,0.0,True,0.0,False,kubica,Polish,,6,4,18.0,0.0,6.0,18,0,4,1.7999999999999972,25.0
10355,2010,3.0,sepang,False,0.0,True,0.0,False,barrichello,Brazilian,Auto%#,7,12,5.0,0.0,11.0,5,0,7,2.200000000000003,37.0
10364,2010,3.0,sepang,False,0.0,True,0.0,False,michael_schumacher,German,mercedes,8,21,9.0,0.0,8.0,29,0,3,2.4000000000000057,41.0
10365,2010,3.0,sepang,False,0.0,True,0.0,False,kobayashi,Japanese,sauber,9,22,0.0,0.0,23.0,,0,9,2.5,23.0
10363,2010,3.0,sepang,False,0.0,True,0.0,False,liuzzi,Italian,force_india,10,20,8.0,0.0,9.0,,0,6,3.0,29.0
10362,2010,3.0,sepang,False,0.0,True,0.0,False,petrov,Russian,renault,11,19,0.0,0.0,22.0,18,0,,-0.5,25.0
10367,2010,3.0,sepang,False,0.0,True,0.0,False,,Spanish,sauber,12,24,0.0,0.0,14.0,0,0,9,-0.5,39.0
10354,2010,3.0,sepang,False,,True,0.0,False,buemi,Swiss,toro_rosso,13,11,0.0,0.0,18.0,0,0,8,-0.0999999999999943,21.0
10352,2010,3.0,sepang,False,0.0,True,0.0,False,alguersuari,Spanish,toro_rosso,14,9,0.0,0.0,12.0,,0,8,0.2000000000000028,20.0
10361,2010,3.0,sepang,False,0.0,True,0.0,False,kovalainen,Finnish,lotus_racing,15,,0.0,0.0,15.0,0,0,10,3.0,28.0
10366,2010,3.0,sepang,False,0.0,True,0.0,False,glock,German,virgin,16,23,0.0,0.0,21.0,0,0,12,3.200000000000003,28.0
10360,2010,3.0,Auto%#,False,0.0,True,0.0,False,trulli,,lotus_racing,18,17,0.0,0.0,19.0,0,0,10,3.6000000000000085,35.0
10356,2010,,sepang,False,0.0,True,0.0,False,alonso,Spanish,ferrari,19,13,37.0,1.0,,70,,1,3.700000000000003,28.0
10349,2010,3.0,sepang,False,0.0,Auto%#,0.0,False,hamilton,British,mclaren,20,6,23.0,0.0,4.0,54,1,2,3.799999999999997,25.0
10350,2010,3.0,sepang,False,0.0,Auto%#,0.0,False,massa,Brazilian,ferrari,21,7,33.0,0.0,2.0,70,1,1,4.0,28.0
10358,2010,3.0,sepang,False,0.0,True,0.0,False,chandhok,Indian,hrt,22,15,0.0,0.0,16.0,0,0,11,7.0,26.0
10359,2010,3.0,sepang,False,0.0,,0.0,False,bruno_senna,Brazilian,hrt,23,Auto%#,0.0,0.0,20.0,0,0,11,8.0,26.0
10357,2010,3.0,sepang,False,0.0,True,0.0,False,grassi,Brazilian,virgin,24,14,0.0,0.0,24.0,0,0,12,10.700000000000005,25.0
10373,2010,4.0,shanghai,False,0.0,False,1.0,False,vettel,German,Auto%#,1,6,37.0,1.0,3.0,61,1,3,0.0,22.0
,2010,4.0,shanghai,False,0.0,False,1.0,False,webber,Australian,red_bull,2,8,24.0,0.0,8.0,61,,3,0.2000000000000028,33.0
10371,2010,4.0,shanghai,False,0.0,False,1.0,False,alonso,Spanish,ferrari,3,4,37.0,1.0,2.0,76,1,1,0.3000000000000113,28.0
10370,2010,4.0,shanghai,False,0.0,False,1.0,False,rosberg,German,mercedes,4,,35.0,0.0,5.0,44,0,4,0.3000000000000113,24.0
10368,2010,4.0,shanghai,False,0.0,False,,False,button,British,mclaren,5,1,35.0,1.0,4.0,66,1,2,0.4000000000000057,30.0
10369,2010,4.0,shanghai,False,0.0,False,1.0,False,hamilton,British,mclaren,6,2,31.0,0.0,6.0,66,1,2,0.4000000000000057,25.0
10376,2010,4.0,shanghai,False,0.0,False,1.0,False,massa,Brazilian,ferrari,7,9,39.0,0.0,1.0,76,1,1,0.6000000000000085,28.0
10372,2010,4.0,shanghai,False,0.0,False,1.0,Auto%#,kubica,Polish,renault,8,,30.0,0.0,7.0,30,0,5,0.8000000000000114,25.0
10377,2010,,shanghai,False,0.0,False,1.0,False,michael_schumacher,German,mercedes,9,10,9.0,0.0,10.0,44,,4,1.0,41.0
10378,2010,,shanghai,False,,False,1.0,False,sutil,German,force_india,10,11,10.0,,9.0,18,0,6,1.4000000000000057,27.0
10379,2010,4.0,shanghai,False,0.0,False,1.0,False,barrichello,Brazilian,williams,11,12,5.0,0.0,,6,,,1.1000000000000083,37.0
10380,2010,4.0,,False,0.0,False,1.0,False,alguersuari,Spanish,toro_rosso,12,13,2.0,0.0,13.0,2,0,8,1.4000000000000057,20.0
10387,2010,4.0,shanghai,False,0.0,False,1.0,False,buemi,Swiss,toro_rosso,13,21,0.0,0.0,15.0,2,0,8,1.5,21.0
10374,2010,4.0,shanghai,False,0.0,False,1.0,False,petrov,Russian,renault,14,7,0.0,0.0,23.0,30,0,5,1.7000000000000028,25.0
10388,2010,4.0,shanghai,False,0.0,False,1.0,False,kobayashi,Japanese,sauber,15,22,0.0,0.0,24.0,0,0,9,1.8000000000000114,23.0
10382,2010,4.0,shanghai,False,0.0,False,1.0,False,hulkenberg,German,williams,,15,1.0,0.0,14.0,6,0,7,2.0,22.0
10386,2010,4.0,shanghai,False,0.0,False,1.0,False,rosa,Spanish,sauber,17,20,0.0,0.0,16.0,0,0,9,2.4000000000000057,39.0
10389,2010,4.0,shanghai,False,0.0,False,1.0,,liuzzi,Italian,force_india,18,23,8.0,0.0,11.0,18,0,6,2.6000000000000085,29.0
10390,2010,4.0,shanghai,False,0.0,False,1.0,False,glock,German,virgin,19,24,0.0,0.0,22.0,0,0,12,4.700000000000003,28.0
10384,2010,4.0,shanghai,False,0.0,False,,False,trulli,Italian,lotus_racing,20,18,0.0,0.0,21.0,0,0,10,4.800000000000011,35.0
10381,2010,4.0,shanghai,False,0.0,False,1.0,False,kovalainen,Finnish,lotus_racing,21,14,0.0,0.0,17.0,0,0,10,4.900000000000006,28.0
10385,2010,4.0,shanghai,False,0.0,False,1.0,False,,Brazilian,virgin,22,19,0.0,0.0,19.0,0,0,12,5.200000000000003,
10383,2010,4.0,shanghai,False,0.0,False,1.0,False,bruno_senna,Brazilian,hrt,23,16,0.0,0.0,20.0,0,0,11,5.900000000000006,26.0
10391,2010,5.0,catalunya,False,0.0,True,0.0,False,webber,,red_bull,1,1,28.0,0.0,8.0,73,1,3,0.0,33.0
10393,2010,5.0,catalunya,False,,True,0.0,False,vettel,German,red_bull,2,Auto%#,45.0,1.0,5.0,73,1,3,0.0999999999999943,22.0
10404,2010,5.0,catalunya,False,0.0,True,0.0,False,hamilton,British,mclaren,3,14,49.0,0.0,4.0,109,2,1,0.7999999999999972,25.0
10392,2010,5.0,catalunya,False,0.0,True,0.0,False,alonso,Spanish,ferrari,4,2,49.0,1.0,3.0,90,1,2,0.9000000000000057,28.0
10395,,5.0,catalunya,,0.0,True,0.0,False,button,British,mclaren,5,5,60.0,2.0,1.0,109,2,1,1.0,30.0
10394,,5.0,catalunya,False,0.0,True,0.0,False,michael_schumacher,German,mercedes,6,4,,0.0,10.0,60,0,4,1.2999999999999972,41.0
10398,2010,5.0,catalunya,False,0.0,True,0.0,,kubica,Polish,renault,7,8,40.0,0.0,7.0,46,0,5,1.4000000000000057,25.0
10403,2010,5.0,catalunya,False,0.0,True,0.0,False,rosberg,German,mercedes,8,13,50.0,0.0,2.0,60,0,4,1.4000000000000057,24.0
,2010,5.0,catalunya,False,0.0,True,,False,massa,Brazilian,ferrari,9,6,41.0,0.0,6.0,90,1,2,1.5999999999999943,29.0
10402,2010,5.0,catalunya,False,0.0,True,0.0,False,kobayashi,Japanese,sauber,10,12,0.0,0.0,24.0,0,0,9,2.0,23.0
10397,2010,5.0,catalunya,False,0.0,True,0.0,,sutil,German,force_india,11,7,10.0,0.0,9.0,18,0,6,2.0,27.0
10412,2010,5.0,catalunya,False,0.0,True,0.0,False,rosa,Spanish,sauber,12,22,0.0,0.0,17.0,0,0,9,2.0,39.0
10406,2010,5.0,catalunya,,0.0,True,,False,hulkenberg,German,williams,13,16,1.0,0.0,15.0,6,0,7,2.0999999999999943,22.0
10410,2010,5.0,catalunya,False,0.0,True,0.0,False,buemi,Swiss,toro_rosso,,20,0.0,0.0,16.0,2,0,8,2.200000000000003,21.0
10400,,5.0,catalunya,False,0.0,True,0.0,False,alguersuari,Spanish,toro_rosso,15,10,2.0,0.0,14.0,2,0,8,2.200000000000003,20.0
10405,2010,5.0,catalunya,False,0.0,True,0.0,False,liuzzi,Italian,force_india,16,15,8.0,0.0,11.0,18,0,6,2.9000000000000057,29.0
10399,2010,5.0,catalunya,False,0.0,True,,False,barrichello,Brazilian,williams,,9,5.0,0.0,13.0,6,,7,3.0999999999999943,37.0
10407,2010,5.0,catalunya,False,0.0,True,,False,trulli,Italian,lotus_racing,18,17,0.0,0.0,22.0,0,0,10,4.700000000000003,35.0
10401,2010,5.0,catalunya,False,0.0,True,0.0,False,petrov,Russian,renault,19,11,6.0,0.0,12.0,46,0,5,2.0999999999999943,25.0
10414,2010,5.0,catalunya,False,0.0,True,0.0,False,kovalainen,Finnish,lotus_racing,20,24,0.0,0.0,18.0,0,0,10,4.700000000000003,28.0
10413,2010,5.0,catalunya,False,,True,0.0,,bruno_senna,,hrt,21,23,0.0,0.0,21.0,0,0,11,7.099999999999994,26.0
10408,2010,5.0,catalunya,False,0.0,True,0.0,False,glock,German,virgin,22,18,0.0,0.0,23.0,0,0,12,5.5,28.0
10409,2010,5.0,catalunya,False,0.0,True,0.0,False,grassi,Brazilian,virgin,23,19,0.0,0.0,20.0,0,0,12,5.599999999999994,25.0
10411,2010,5.0,catalunya,False,0.0,True,0.0,False,chandhok,Indian,,24,21,0.0,0.0,19.0,,0,11,6.799999999999997,26.0
10415,2010,6.0,monaco,False,0.0,True,,False,webber,Australian,red_bull,1,1,53.0,1.0,4.0,113,2,3,0.0,33.0
10417,2010,6.0,monaco,False,0.0,True,0.0,False,kubica,Polish,renault,2,3,44.0,0.0,8.0,50,0,5,0.2999999999999971,25.0
10416,2010,6.0,monaco,False,0.0,True,0.0,False,vettel,German,red_bull,3,2,60.0,1.0,3.0,113,2,3,,22.0
10418,2010,6.0,monaco,False,0.0,True,0.0,False,massa,Brazilian,ferrari,4,4,49.0,0.0,7.0,116,,2,0.5,29.0
10419,2010,6.0,monaco,,0.0,True,0.0,,hamilton,British,mclaren,5,5,49.0,0.0,6.0,119,2,1,0.6000000000000085,25.0
10420,2010,6.0,monaco,False,0.0,True,0.0,False,rosberg,German,mercedes,6,7,50.0,0.0,5.0,72,0,4,0.7000000000000028,24.0
10425,2010,6.0,monaco,False,0.0,True,0.0,False,michael_schumacher,German,mercedes,7,12,22.0,0.0,9.0,72,0,4,0.7999999999999972,41.0
10436,2010,6.0,monaco,False,0.0,True,0.0,False,button,British,mclaren,8,23,70.0,2.0,1.0,119,2,1,0.7999999999999972,30.0
10431,2010,6.0,monaco,False,0.0,True,0.0,False,barrichello,Auto%#,williams,9,18,7.0,0.0,12.0,8,0,7,1.1000000000000083,37.0
10422,2010,6.0,monaco,False,0.0,True,0.0,False,liuzzi,Italian,force_india,10,Auto%#,8.0,0.0,11.0,24,0,,1.4000000000000057,29.0
10437,2010,,monaco,False,0.0,True,0.0,False,hulkenberg,German,williams,,24,1.0,0.0,15.0,8,0,7,1.5,22.0
10421,2010,6.0,monaco,False,0.0,,0.0,False,sutil,German,force_india,12,8,16.0,0.0,10.0,24,0,,1.5,27.0
10423,2010,6.0,,False,0.0,True,0.0,False,buemi,Swiss,toro_rosso,13,10,0.0,0.0,16.0,3,0,8,1.6000000000000083,21.0
10426,2010,6.0,monaco,False,0.0,True,0.0,False,petrov,Russian,renault,14,13,6.0,0.0,13.0,50,0,5,1.7999999999999972,25.0
10435,2010,6.0,monaco,False,,True,0.0,False,rosa,Spanish,sauber,15,22,0.0,0.0,,0,0,9,1.9000000000000057,39.0
10432,2010,6.0,monaco,False,0.0,True,,False,kobayashi,Japanese,sauber,16,19,0.0,0.0,18.0,0,0,9,2.200000000000003,23.0
10424,2010,6.0,monaco,False,0.0,True,0.0,False,alguersuari,Spanish,toro_rosso,17,11,3.0,0.0,14.0,3,0,8,2.4000000000000057,20.0
10429,2010,6.0,monaco,False,0.0,True,0.0,False,kovalainen,Finnish,lotus_racing,18,16,0.0,0.0,19.0,0,,10,3.299999999999997,28.0
10428,2010,6.0,monaco,False,0.0,True,0.0,False,trulli,Italian,lotus_racing,19,15,,0.0,23.0,0,0,10,3.299999999999997,35.0
10434,2010,6.0,monaco,False,0.0,True,0.0,False,glock,German,virgin,20,21,0.0,0.0,24.0,0,0,12,3.6000000000000085,28.0
10433,2010,6.0,monaco,False,0.0,True,0.0,False,grassi,Brazilian,virgin,21,20,0.0,0.0,21.0,0,0,12,4.1000000000000085,25.0
10430,2010,6.0,monaco,False,0.0,True,0.0,False,bruno_senna,Brazilian,hrt,22,17,0.0,0.0,22.0,0,0,11,4.700000000000003,26.0
10427,2010,6.0,monaco,False,0.0,True,0.0,False,chandhok,Indian,hrt,23,14,0.0,0.0,20.0,0,0,11,5.799999999999997,26.0
10440,2010,7.0,istanbul,False,0.0,False,0.0,False,webber,Australian,red_bull,1,3,78.0,2.0,1.0,156,3,1,0.0,33.0
10438,2010,7.0,istanbul,False,0.0,False,0.0,False,hamilton,British,mclaren,,1,59.0,0.0,7.0,129,2,3,0.1000000000000085,25.0
10459,2010,7.0,istanbul,False,0.0,False,0.0,False,vettel,German,red_bull,3,22,78.0,1.0,,156,3,1,0.5,22.0
10439,2010,7.0,istanbul,False,,False,0.0,False,button,British,mclaren,4,2,70.0,2.0,4.0,129,2,3,,30.0
10441,2010,7.0,istanbul,False,0.0,False,0.0,False,michael_schumacher,German,mercedes,5,4,22.0,0.0,9.0,78,0,4,0.6000000000000085,41.0
10442,2010,7.0,istanbul,False,0.0,False,0.0,,rosberg,German,mercedes,6,5,56.0,0.0,8.0,78,0,4,0.7000000000000028,24.0
10443,2010,7.0,istanbul,False,0.0,False,0.0,False,kubica,Polish,renault,7,6,59.0,0.0,6.0,65,0,5,0.7000000000000028,25.0
10444,2010,7.0,istanbul,False,0.0,False,0.0,False,massa,Brazilian,ferrari,8,7,61.0,0.0,5.0,136,1,2,,29.0
10452,2010,7.0,istanbul,False,0.0,False,0.0,False,petrov,Russian,renault,9,15,6.0,0.0,13.0,65,0,5,1.1000000000000083,25.0
10447,2010,7.0,istanbul,False,0.0,False,0.0,False,kobayashi,Japanese,sauber,10,10,0.0,0.0,18.0,0,0,9,1.7999999999999972,23.0
10446,2010,7.0,istanbul,False,0.0,False,0.0,False,sutil,German,force_india,11,9,20.0,0.0,10.0,30,0,6,1.2000000000000028,27.0
10445,2010,7.0,istanbul,,0.0,,0.0,False,alonso,Spanish,ferrari,12,8,75.0,,3.0,136,1,2,1.2999999999999972,28.0
10448,2010,7.0,istanbul,False,0.0,False,0.0,False,rosa,Auto%#,sauber,13,Auto%#,0.0,0.0,17.0,0,0,9,1.6000000000000083,39.0
10453,2010,7.0,istanbul,False,0.0,False,0.0,False,buemi,Swiss,toro_rosso,14,16,1.0,0.0,15.0,4,0,Auto%#,2.0,21.0
,2010,7.0,istanbul,False,0.0,False,0.0,False,barrichello,Brazilian,williams,15,14,7.0,0.0,12.0,8,0,7,2.1000000000000085,
10449,2010,7.0,istanbul,False,0.0,False,0.0,False,alguersuari,Spanish,toro_rosso,16,12,3.0,0.0,14.0,4,0,8,2.200000000000003,20.0
10454,2010,7.0,istanbul,False,0.0,False,0.0,False,hulkenberg,German,williams,17,17,1.0,0.0,16.0,8,0,7,2.5,22.0
10450,2010,7.0,istanbul,False,0.0,False,0.0,False,liuzzi,Italian,force_india,18,13,10.0,0.0,11.0,30,0,6,2.700000000000003,29.0
10461,2010,7.0,istanbul,False,0.0,False,0.0,False,trulli,Italian,lotus_racing,19,24,0.0,0.0,22.0,0,0,10,3.9000000000000057,35.0
10460,2010,7.0,istanbul,False,0.0,False,0.0,False,kovalainen,,lotus_racing,20,23,0.0,0.0,19.0,0,0,10,4.200000000000003,28.0
10455,2010,7.0,istanbul,False,0.0,False,0.0,False,glock,German,virgin,21,18,0.0,0.0,24.0,0,0,12,4.400000000000006,28.0
10458,2010,7.0,istanbul,False,0.0,False,0.0,False,bruno_senna,Brazilian,hrt,22,21,0.0,0.0,23.0,0,0,11,5.0,26.0
10456,2010,7.0,istanbul,False,0.0,False,0.0,False,grassi,Brazilian,virgin,23,19,0.0,0.0,21.0,0,0,12,5.700000000000003,25.0
10457,2010,7.0,istanbul,False,0.0,False,0.0,False,chandhok,Indian,hrt,24,20,0.0,0.0,20.0,0,0,11,5.799999999999997,26.0
10462,2010,8.0,villeneuve,True,0.0,False,0.0,False,hamilton,Auto%#,mclaren,1,1,84.0,1.0,3.0,172,3,1,0.0,25.0
10465,2010,8.0,villeneuve,True,0.0,False,0.0,False,vettel,German,red_bull,2,4,78.0,1.0,5.0,171,3,2,0.3000000000000113,22.0
10464,2010,8.0,villeneuve,True,0.0,False,0.0,False,,Spanish,ferrari,3,Auto%#,79.0,1.0,4.0,146,1,3,0.3000000000000113,28.0
10463,2010,8.0,villeneuve,True,0.0,False,0.0,False,button,,mclaren,4,2,88.0,,2.0,172,3,1,0.4000000000000057,30.0
10470,2010,8.0,villeneuve,True,,False,,False,liuzzi,Italian,force_india,5,9,10.0,0.0,11.0,32,0,Auto%#,0.5,29.0
10476,2010,8.0,villeneuve,True,0.0,False,0.0,False,massa,Brazilian,,6,15,67.0,0.0,7.0,146,1,3,0.6000000000000085,
10466,2010,8.0,villeneuve,True,0.0,False,0.0,,webber,Australian,red_bull,7,5,93.0,2.0,,171,3,2,0.3000000000000113,33.0
10468,2010,8.0,villeneuve,True,0.0,False,0.0,False,kubica,Polish,renault,8,7,67.0,0.0,6.0,73,0,5,0.6000000000000085,25.0
10471,2010,8.0,villeneuve,True,0.0,False,0.0,False,sutil,German,force_india,9,10,22.0,0.0,10.0,32,0,6,0.8000000000000114,27.0
10467,2010,8.0,villeneuve,True,0.0,,0.0,False,rosberg,German,mercedes,10,6,66.0,0.0,8.0,100,0,4,1.0,24.0
10475,2010,8.0,villeneuve,True,0.0,False,0.0,False,barrichello,Brazilian,williams,11,14,7.0,0.0,12.0,8,0,7,1.3000000000000114,
10474,2010,8.0,villeneuve,True,0.0,False,0.0,False,hulkenberg,German,williams,12,13,1.0,0.0,17.0,,0,7,1.3000000000000114,22.0
,2010,8.0,villeneuve,True,0.0,False,0.0,False,michael_schumacher,German,mercedes,13,11,34.0,0.0,9.0,,0,4,1.4000000000000057,41.0
10478,2010,8.0,villeneuve,True,0.0,False,0.0,False,petrov,Russian,renault,14,17,6.0,0.0,13.0,73,0,5,1.7000000000000028,25.0
10469,2010,8.0,villeneuve,True,0.0,False,0.0,False,buemi,Swiss,toro_rosso,15,8,1.0,0.0,15.0,4,0,8,1.8000000000000114,21.0
,2010,8.0,villeneuve,True,0.0,False,0.0,False,alguersuari,,toro_rosso,16,12,3.0,0.0,14.0,4,0,8,1.9000000000000057,20.0
10483,2010,8.0,villeneuve,True,0.0,False,0.0,False,rosa,Spanish,sauber,17,22,0.0,0.0,18.0,1,0,9,2.300000000000012,39.0
10485,2010,8.0,villeneuve,True,0.0,False,0.0,False,kobayashi,Japanese,sauber,18,24,1.0,0.0,16.0,1,0,9,2.9000000000000057,23.0
10477,2010,8.0,villeneuve,True,0.0,False,0.0,False,kovalainen,Finnish,lotus_racing,19,16,0.0,0.0,19.0,0,0,10,3.1000000000000085,28.0
10482,2010,8.0,villeneuve,True,0.0,False,0.0,False,trulli,Italian,lotus_racing,20,21,0.0,0.0,22.0,0,0,10,3.6000000000000085,35.0
10481,2010,8.0,villeneuve,True,0.0,False,0.0,False,glock,German,virgin,21,20,0.0,0.0,,0,0,12,3.8000000000000114,28.0
10484,2010,8.0,villeneuve,True,0.0,False,0.0,False,bruno_senna,Brazilian,hrt,22,23,0.0,0.0,23.0,0,0,11,4.400000000000006,26.0
10480,2010,8.0,villeneuve,True,0.0,False,0.0,False,grassi,Auto%#,virgin,23,19,0.0,0.0,21.0,0,0,12,,25.0
10479,2010,8.0,villeneuve,True,0.0,False,0.0,False,chandhok,Indian,hrt,24,18,,0.0,20.0,0,0,11,12.700000000000005,26.0
10486,2010,9.0,valencia,False,0.0,False,0.0,False,vettel,German,red_bull,,1,90.0,1.0,5.0,193,3,2,0.0,22.0
10509,2010,9.0,valencia,False,0.0,False,0.0,False,webber,Australian,red_bull,2,24,103.0,2.0,3.0,193,3,2,0.1000000000000085,33.0
10487,2010,9.0,valencia,False,0.0,False,0.0,False,hamilton,British,mclaren,3,2,109.0,2.0,1.0,215,4,1,0.4000000000000057,25.0
10493,2010,9.0,valencia,False,0.0,False,0.0,False,alonso,Spanish,ferrari,4,8,94.0,1.0,4.0,161,1,3,0.5,28.0
,2010,9.0,valencia,False,0.0,False,0.0,False,massa,Brazilian,ferrari,5,11,67.0,0.0,8.0,161,1,3,0.5,29.0
10490,2010,9.0,valencia,False,0.0,False,,False,kubica,Polish,renault,6,5,73.0,0.0,,79,,5,0.5,25.0
10488,2010,9.0,valencia,False,0.0,False,0.0,False,button,British,mclaren,7,3,106.0,2.0,2.0,215,4,1,0.6000000000000085,30.0
10507,2010,,valencia,False,0.0,False,0.0,False,hulkenberg,German,,8,22,1.0,0.0,,8,0,8,0.8000000000000114,
10489,2010,9.0,valencia,False,0.0,False,0.0,False,barrichello,Brazilian,williams,9,4,7.0,0.0,12.0,8,0,8,0.8000000000000114,38.0
10499,2010,9.0,valencia,False,0.0,False,0.0,False,petrov,Russian,renault,,14,6.0,0.0,13.0,79,0,5,0.9000000000000057,25.0
10494,2010,9.0,valencia,False,,False,0.0,False,buemi,Swiss,toro_rosso,,9,5.0,0.0,14.0,8,0,7,1.0,21.0
10495,2010,9.0,valencia,False,0.0,False,0.0,False,rosberg,German,mercedes,12,10,74.0,0.0,6.0,108,0,4,1.0,25.0
10491,2010,9.0,valencia,False,0.0,False,0.0,False,sutil,German,force_india,13,6,23.0,0.0,10.0,35,0,6,1.3000000000000114,27.0
10501,2010,9.0,valencia,False,,False,,False,liuzzi,Italian,force_india,14,16,12.0,0.0,11.0,35,0,,1.3000000000000114,29.0
10500,2010,9.0,valencia,False,0.0,False,0.0,False,michael_schumacher,German,mercedes,15,15,34.0,0.0,9.0,108,0,4,1.6000000000000083,41.0
10497,2010,,valencia,False,0.0,False,0.0,False,rosa,Spanish,sauber,16,12,0.0,0.0,18.0,1,0,9,1.7000000000000028,39.0
10498,2010,9.0,valencia,False,0.0,False,0.0,False,alguersuari,Spanish,toro_rosso,17,13,3.0,0.0,15.0,8,0,7,1.9000000000000057,20.0
10492,2010,9.0,valencia,False,0.0,False,,False,kobayashi,Japanese,sauber,18,7,1.0,0.0,,1,0,9,1.7000000000000028,23.0
10506,2010,9.0,valencia,False,0.0,False,0.0,Auto%#,trulli,Italian,lotus_racing,19,21,0.0,0.0,22.0,0,,10,3.1000000000000085,35.0
10508,2010,9.0,valencia,False,0.0,,0.0,False,kovalainen,,lotus_racing,20,23,0.0,0.0,19.0,0,0,10,3.300000000000012,28.0
10502,2010,9.0,valencia,False,0.0,False,0.0,False,grassi,Brazilian,virgin,21,17,0.0,0.0,,0,0,12,4.5,25.0
10504,2010,9.0,valencia,False,0.0,False,0.0,False,glock,German,virgin,22,19,0.0,0.0,24.0,0,,12,4.5,28.0
10503,2010,9.0,valencia,False,0.0,False,0.0,False,chandhok,Indian,hrt,23,18,0.0,0.0,20.0,0,0,11,5.0,26.0
10505,,9.0,valencia,False,0.0,False,0.0,False,bruno_senna,Brazilian,hrt,24,20,0.0,0.0,23.0,0,0,11,5.300000000000011,26.0
10516,2010,10.0,silverstone,True,0.0,False,0.0,False,vettel,German,red_bull,1,7,115.0,2.0,3.0,218,4,2,0.0,23.0
10510,,10.0,silverstone,True,0.0,False,0.0,False,webber,Australian,red_bull,2,1,103.0,2.0,4.0,218,4,2,0.2000000000000028,33.0
,2010,10.0,silverstone,True,0.0,False,0.0,False,alonso,Spanish,ferrari,3,14,98.0,1.0,5.0,165,1,3,0.8000000000000114,28.0
10511,2010,10.0,silverstone,True,0.0,False,0.0,False,,British,mclaren,4,2,127.0,2.0,1.0,248,4,1,1.0,25.0
10512,2010,10.0,silverstone,True,0.0,False,0.0,False,rosberg,German,mercedes,5,3,75.0,0.0,7.0,109,0,4,1.0,25.0
10532,2010,10.0,silverstone,True,0.0,False,0.0,False,kubica,Polish,renault,6,23,83.0,0.0,6.0,,0,5,1.4000000000000057,25.0
10524,2010,10.0,silverstone,True,,False,0.0,False,massa,Brazilian,ferrari,7,15,67.0,0.0,8.0,165,1,3,1.6000000000000083,29.0
10514,2010,10.0,silverstone,True,0.0,False,0.0,,barrichello,Brazilian,williams,8,5,19.0,0.0,11.0,20,0,7,1.6000000000000083,38.0
10531,2010,10.0,silverstone,True,0.0,False,0.0,False,rosa,Spanish,sauber,9,22,0.0,0.0,18.0,7,0,9,1.7000000000000028,39.0
10518,2010,10.0,silverstone,True,0.0,False,0.0,False,michael_schumacher,German,mercedes,10,9,34.0,0.0,9.0,109,0,4,1.8000000000000114,41.0
10517,2010,,silverstone,True,0.0,False,0.0,False,sutil,German,force_india,11,8,31.0,0.0,10.0,43,0,6,1.8000000000000114,27.0
10515,2010,10.0,silverstone,True,0.0,False,0.0,Auto%#,kobayashi,Japanese,sauber,12,6,7.0,0.0,13.0,7,0,9,1.8000000000000114,23.0
10519,2010,10.0,silverstone,True,0.0,False,0.0,,hulkenberg,German,williams,13,10,1.0,0.0,17.0,20,0,7,2.0,22.0
10513,2010,10.0,silverstone,True,0.0,False,0.0,False,button,British,mclaren,Auto%#,4,121.0,2.0,2.0,248,4,1,2.1000000000000085,30.0
10522,2010,10.0,silverstone,True,0.0,False,,False,petrov,Russian,renault,15,13,6.0,0.0,15.0,89,0,,2.200000000000003,25.0
10521,2010,10.0,silverstone,True,0.0,False,0.0,False,buemi,Swiss,toro_rosso,16,12,,0.0,14.0,10,0,8,2.4000000000000057,21.0
10530,2010,10.0,silverstone,,0.0,False,0.0,False,alguersuari,Spanish,toro_rosso,17,,3.0,0.0,16.0,10,0,8,,20.0
10526,2010,10.0,,True,0.0,False,0.0,False,kovalainen,Finnish,lotus_racing,,17,0.0,0.0,19.0,0,0,,4.800000000000011,28.0
10527,2010,10.0,silverstone,True,0.0,False,,False,glock,Auto%#,virgin,19,18,0.0,0.0,24.0,0,0,12,,28.0
10520,2010,10.0,silverstone,True,0.0,False,0.0,False,liuzzi,Italian,force_india,20,11,12.0,0.0,12.0,43,0,6,2.1000000000000085,29.0
10525,2010,10.0,silverstone,,0.0,False,0.0,False,trulli,,lotus_racing,21,16,0.0,0.0,22.0,0,0,10,5.300000000000011,
10533,2010,10.0,silverstone,True,0.0,False,0.0,False,grassi,Brazilian,virgin,22,24,0.0,0.0,21.0,0,,12,5.6000000000000085,25.0
10528,2010,10.0,silverstone,True,0.0,False,0.0,False,chandhok,Indian,hrt,23,19,0.0,0.0,20.0,0,0,11,7.0,26.0
10529,2010,10.0,silverstone,True,0.0,False,0.0,False,yamamoto,Japanese,hrt,24,20,0.0,0.0,0.0,0,0,,7.400000000000006,28.0
10536,2010,11.0,hockenheimring,False,0.0,False,,False,vettel,German,red_bull,1,3,121.0,2.0,4.0,249,5,2,0.0,23.0
10534,2010,11.0,hockenheimring,False,0.0,False,0.0,False,alonso,Spanish,ferrari,2,1,98.0,1.0,,165,1,3,0.0,28.0
10535,2010,11.0,hockenheimring,False,0.0,False,0.0,False,massa,,ferrari,3,2,67.0,0.0,8.0,165,,3,0.5,29.0
10539,2010,11.0,hockenheimring,False,0.0,False,0.0,False,,Australian,red_bull,4,,128.0,3.0,3.0,249,5,2,0.5,33.0
10538,2010,11.0,hockenheimring,False,0.0,False,0.0,False,button,British,mclaren,5,5,133.0,2.0,,278,4,1,0.6000000000000085,30.0
10537,2010,11.0,hockenheimring,False,0.0,False,0.0,False,hamilton,British,mclaren,6,,145.0,2.0,1.0,,4,1,0.7999999999999972,25.0
10540,2010,11.0,hockenheimring,,0.0,False,0.0,False,kubica,Auto%#,renault,7,7,83.0,0.0,7.0,89,0,5,1.2999999999999972,25.0
10545,2010,11.0,hockenheimring,,0.0,False,0.0,False,barrichello,Brazilian,williams,8,12,29.0,0.0,11.0,31,0,7,,38.0
10541,2010,11.0,hockenheimring,False,0.0,Auto%#,0.0,False,rosberg,German,mercedes,9,8,90.0,0.0,6.0,126,0,4,1.4000000000000057,25.0
10546,2010,11.0,hockenheimring,False,0.0,False,0.0,False,hulkenberg,German,williams,10,13,2.0,0.0,17.0,31,0,7,1.5,22.0
10542,2010,11.0,hockenheimring,False,0.0,False,0.0,False,michael_schumacher,German,mercedes,11,9,36.0,0.0,9.0,126,0,4,1.2000000000000028,41.0
10544,2010,11.0,hockenheimring,False,0.0,,0.0,False,kobayashi,Japanese,sauber,12,11,15.0,0.0,12.0,15,0,8,1.2999999999999972,23.0
10543,2010,11.0,,False,0.0,False,0.0,False,petrov,Russian,renault,13,Auto%#,6.0,0.0,15.0,89,0,5,1.5,25.0
10547,2010,11.0,hockenheimring,False,,False,0.0,False,rosa,Spanish,sauber,14,14,0.0,0.0,18.0,15,0,8,1.7999999999999972,39.0
10548,2010,11.0,,False,0.0,False,0.0,False,alguersuari,Spanish,toro_rosso,15,15,3.0,0.0,16.0,10,0,9,1.7999999999999972,20.0
10557,2010,11.0,hockenheimring,False,0.0,False,0.0,False,buemi,Swiss,toro_rosso,,24,7.0,0.0,14.0,10,0,9,2.200000000000003,21.0
10556,2010,11.0,hockenheimring,False,0.0,False,0.0,False,trulli,Italian,lotus_racing,17,23,0.0,0.0,22.0,0,0,10,3.799999999999997,36.0
10553,2010,11.0,hockenheimring,False,0.0,False,0.0,False,kovalainen,Finnish,lotus_racing,18,20,0.0,0.0,19.0,0,,10,4.5,28.0
10550,2010,11.0,hockenheimring,False,,False,0.0,False,sutil,German,force_india,19,17,35.0,0.0,10.0,47,0,6,1.7000000000000028,27.0
10552,2010,11.0,hockenheimring,False,0.0,False,0.0,False,bruno_senna,Brazilian,hrt,20,19,0.0,0.0,23.0,0,0,11,4.799999999999997,26.0
10549,2010,11.0,hockenheimring,False,0.0,False,0.0,False,liuzzi,Italian,,21,16,12.0,0.0,13.0,,0,6,,29.0
10555,2010,11.0,hockenheimring,False,0.0,False,0.0,False,yamamoto,Japanese,hrt,22,22,0.0,0.0,25.0,0,0,,6.0,28.0
10551,2010,11.0,hockenheimring,False,0.0,Auto%#,0.0,False,glock,German,virgin,23,18,0.0,0.0,24.0,0,,12,4.5,28.0
10560,2010,12.0,hungaroring,False,0.0,False,0.0,False,vettel,German,red_bull,1,3,136.0,2.0,4.0,272,5,2,,23.0
10558,2010,12.0,hungaroring,False,0.0,False,0.0,False,webber,Australian,red_bull,2,1,136.0,3.0,3.0,272,5,2,0.4000000000000057,33.0
10559,2010,12.0,hungaroring,False,0.0,False,0.0,False,alonso,Spanish,ferrari,,2,123.0,2.0,5.0,208,2,Auto%#,1.2000000000000028,
10561,2010,12.0,hungaroring,False,0.0,False,0.0,False,massa,Brazilian,ferrari,4,4,85.0,0.0,8.0,208,2,3,1.5,29.0
10577,2010,12.0,hungaroring,False,0.0,False,0.0,False,hamilton,British,mclaren,5,20,157.0,2.0,1.0,300,4,1,1.7000000000000028,25.0
10579,2010,12.0,hungaroring,False,0.0,False,0.0,Auto%#,rosberg,German,Auto%#,6,22,94.0,0.0,6.0,132,0,4,2.299999999999997,25.0
10562,2010,12.0,hungaroring,False,0.0,False,0.0,False,petrov,Russian,renault,7,5,7.0,0.0,14.0,96,0,5,2.4000000000000057,25.0
10578,2010,12.0,hungaroring,False,,,0.0,False,kubica,Auto%#,renault,8,21,89.0,0.0,7.0,96,0,5,2.5,25.0
10564,2010,12.0,hungaroring,,0.0,False,0.0,False,rosa,Spanish,sauber,9,7,0.0,0.0,18.0,15,0,8,2.6000000000000085,39.0
10563,2010,12.0,hungaroring,False,0.0,False,0.0,False,hulkenberg,German,williams,10,6,2.0,0.0,17.0,31,0,7,2.9000000000000057,22.0
10565,2010,12.0,hungaroring,False,0.0,False,0.0,False,button,British,mclaren,11,8,143.0,2.0,2.0,300,4,,2.5,30.0
10567,2010,12.0,hungaroring,False,0.0,False,0.0,False,barrichello,Brazilian,williams,12,10,29.0,0.0,11.0,31,0,7,2.5,38.0
10580,2010,12.0,,False,0.0,False,0.0,False,sutil,German,force_india,13,23,35.0,0.0,10.0,47,0,6,2.700000000000003,
,2010,12.0,hungaroring,False,0.0,False,0.0,False,michael_schumacher,German,mercedes,14,11,38.0,0.0,9.0,132,0,4,2.799999999999997,41.0
10569,2010,12.0,hungaroring,False,0.0,False,0.0,False,buemi,Swiss,toro_rosso,15,12,7.0,0.0,15.0,10,0,9,3.1000000000000085,21.0
10570,2010,12.0,hungaroring,False,0.0,False,0.0,False,liuzzi,Italian,force_india,16,13,12.0,0.0,13.0,47,0,6,3.1000000000000085,29.0
10581,2010,12.0,hungaroring,False,0.0,False,0.0,False,alguersuari,Auto%#,toro_rosso,17,24,,0.0,16.0,10,0,9,3.200000000000003,20.0
10573,2010,12.0,hungaroring,False,0.0,False,0.0,False,glock,German,virgin,18,16,0.0,0.0,,0,0,12,5.299999999999997,28.0
,2010,12.0,hungaroring,False,0.0,False,0.0,False,kovalainen,Finnish,lotus_racing,19,Auto%#,0.0,0.0,19.0,0,0,,5.299999999999997,28.0
10572,2010,12.0,hungaroring,False,0.0,False,0.0,False,trulli,Italian,lotus_racing,20,15,0.0,0.0,22.0,0,0,10,5.400000000000006,36.0
10575,2010,12.0,hungaroring,False,0.0,False,0.0,False,grassi,Brazilian,virgin,21,18,0.0,0.0,21.0,0,0,12,6.299999999999997,25.0
10574,2010,12.0,hungaroring,False,0.0,False,,False,bruno_senna,Brazilian,hrt,22,17,0.0,0.0,23.0,0,0,11,7.600000000000008,26.0
10566,2010,12.0,hungaroring,False,0.0,False,,False,kobayashi,Japanese,sauber,23,9,15.0,0.0,12.0,15,0,8,3.4000000000000057,23.0
10576,2010,12.0,hungaroring,False,0.0,False,0.0,False,yamamoto,Japanese,hrt,24,19,0.0,0.0,25.0,0,0,11,7.700000000000003,28.0
10583,2010,13.0,spa,False,0.0,False,1.0,False,webber,Australian,red_bull,1,2,161.0,4.0,1.0,312,6,1,0.0,34.0
10582,2010,13.0,spa,False,0.0,False,1.0,False,hamilton,British,,2,1,157.0,2.0,2.0,304,4,2,0.1000000000000085,25.0
10584,2010,13.0,spa,False,0.0,False,1.0,Auto%#,kubica,Auto%#,renault,3,3,89.0,0.0,8.0,106,0,5,0.2999999999999971,25.0
10596,2010,13.0,spa,False,0.0,False,1.0,False,,Auto%#,red_bull,4,15,151.0,2.0,3.0,312,6,,0.2999999999999971,23.0
10603,2010,13.0,spa,False,0.0,False,1.0,False,button,British,mclaren,5,22,147.0,2.0,,304,4,2,0.4000000000000057,30.0
10585,2010,13.0,spa,False,0.0,False,1.0,False,massa,Brazilian,ferrari,,4,97.0,0.0,6.0,238,2,3,0.5,29.0
10605,2010,13.0,spa,False,0.0,False,1.0,False,barrichello,Brazilian,williams,7,24,30.0,0.0,11.0,40,0,7,0.7999999999999972,38.0
10586,2010,13.0,spa,False,0.0,False,1.0,,sutil,German,force_india,8,5,35.0,0.0,10.0,47,0,6,0.9000000000000057,27.0
10595,,13.0,Auto%#,False,0.0,False,,False,hulkenberg,German,williams,9,14,10.0,0.0,15.0,40,0,7,1.2999999999999972,23.0
,2010,13.0,spa,False,0.0,False,1.0,False,alonso,Spanish,ferrari,10,21,141.0,,5.0,238,2,3,1.6000000000000083,29.0
10594,,13.0,spa,False,0.0,False,1.0,False,alguersuari,Spanish,toro_rosso,11,13,3.0,0.0,18.0,10,0,9,2.5,20.0
10591,2010,13.0,spa,False,0.0,False,1.0,False,liuzzi,Italian,force_india,12,10,12.0,0.0,14.0,47,0,6,2.9000000000000057,30.0
10597,2010,13.0,spa,False,0.0,False,1.0,False,kovalainen,Finnish,lotus_racing,13,16,0.0,0.0,19.0,0,0,10,5.200000000000003,28.0
10587,,13.0,spa,False,0.0,False,1.0,False,rosberg,Auto%#,mercedes,14,6,94.0,0.0,7.0,132,0,4,2.1000000000000085,25.0
10600,2010,13.0,spa,False,0.0,False,1.0,False,trulli,Italian,lotus_racing,Auto%#,19,0.0,0.0,22.0,0,0,10,15.700000000000005,36.0
10593,2010,13.0,spa,False,0.0,False,1.0,False,buemi,Swiss,toro_rosso,16,12,7.0,0.0,16.0,10,0,9,3.4000000000000057,21.0
10589,2010,13.0,spa,False,0.0,False,1.0,False,,Japanese,sauber,17,8,17.0,0.0,13.0,23,0,8,16.5,23.0
10604,2010,13.0,spa,False,0.0,False,1.0,False,bruno_senna,Brazilian,hrt,18,23,0.0,,23.0,,0,11,17.799999999999997,26.0
10601,2010,13.0,spa,False,0.0,False,1.0,False,yamamoto,,hrt,19,20,0.0,0.0,25.0,0,0,11,18.10000000000001,
10599,2010,13.0,spa,False,0.0,False,1.0,False,glock,German,virgin,20,18,0.0,0.0,,0,0,12,6.200000000000003,28.0
,2010,13.0,spa,False,0.0,False,1.0,False,michael_schumacher,German,mercedes,21,7,38.0,,9.0,132,0,4,2.1000000000000085,
10598,2010,13.0,spa,False,0.0,False,1.0,False,grassi,Brazilian,virgin,22,17,0.0,0.0,21.0,0,0,12,33.000000000000014,26.0
,2010,13.0,spa,False,0.0,False,1.0,False,rosa,,sauber,24,11,6.0,0.0,17.0,23,0,8,19.5,39.0
10606,2010,14.0,monza,True,0.0,False,0.0,,alonso,Spanish,ferrari,1,1,141.0,2.0,5.0,250,2,3,0.0,29.0
10607,2010,14.0,monza,True,0.0,False,0.0,False,button,British,mclaren,2,2,147.0,2.0,4.0,329,5,2,0.0999999999999943,30.0
10608,2010,14.0,monza,True,0.0,False,0.0,False,massa,Brazilian,ferrari,3,3,109.0,0.0,6.0,250,2,3,0.2999999999999971,29.0
10611,2010,14.0,,True,0.0,False,0.0,False,webber,Australian,red_bull,4,6,179.0,,2.0,330,6,1,0.4000000000000057,34.0
10628,2010,14.0,monza,,0.0,False,0.0,False,hamilton,British,mclaren,5,23,,3.0,1.0,329,5,2,0.5999999999999943,25.0
10609,2010,14.0,monza,True,0.0,False,0.0,False,vettel,German,red_bull,6,4,151.0,2.0,3.0,330,6,1,0.7000000000000028,23.0
10610,2010,14.0,monza,True,0.0,False,0.0,False,rosberg,German,mercedes,7,,102.0,0.0,8.0,146,0,4,1.0,25.0
10612,2010,14.0,monza,True,0.0,False,0.0,,hulkenberg,German,williams,8,7,10.0,0.0,15.0,40,0,7,1.0,23.0
10613,2010,14.0,monza,True,0.0,False,0.0,,kubica,Polish,renault,9,8,104.0,0.0,7.0,123,0,5,1.0,25.0
10615,2010,14.0,monza,True,0.0,False,0.0,False,barrichello,Brazilian,williams,10,10,30.0,0.0,11.0,40,0,7,1.2999999999999972,38.0
10621,2010,14.0,monza,True,0.0,False,0.0,False,sutil,German,force_india,11,16,45.0,0.0,9.0,58,0,6,1.2000000000000028,27.0
10614,2010,14.0,monza,True,0.0,False,0.0,False,michael_schumacher,German,mercedes,12,9,44.0,0.0,10.0,146,0,4,1.4000000000000057,41.0
10629,2010,14.0,,True,0.0,False,0.0,False,kobayashi,Japanese,sauber,13,24,21.0,,,27,0,8,,23.0
10616,2010,14.0,monza,True,0.0,False,0.0,False,buemi,Swiss,toro_rosso,14,11,7.0,0.0,16.0,10,0,9,1.7000000000000028,21.0
10620,2010,14.0,monza,True,0.0,False,0.0,Auto%#,alguersuari,Spanish,toro_rosso,15,15,3.0,0.0,18.0,10,0,9,1.9000000000000057,20.0
10619,2010,14.0,monza,True,0.0,False,0.0,False,rosa,Spanish,sauber,16,14,6.0,0.0,17.0,27,0,8,2.0,39.0
10626,2010,14.0,monza,True,0.0,False,0.0,False,trulli,Italian,lotus_racing,17,21,0.0,0.0,22.0,0,0,10,3.5,36.0
10623,2010,14.0,monza,True,0.0,False,0.0,,kovalainen,Finnish,lotus_racing,18,18,0.0,0.0,19.0,0,0,10,3.700000000000003,28.0
10617,2010,14.0,monza,True,0.0,False,0.0,False,liuzzi,Italian,force_india,19,12,13.0,0.0,14.0,58,0,6,3.799999999999997,30.0
10618,2010,14.0,monza,True,0.0,False,0.0,False,petrov,Russian,renault,20,13,19.0,0.0,13.0,123,0,5,1.7999999999999972,26.0
10625,2010,14.0,monza,True,0.0,False,0.0,False,grassi,Brazilian,virgin,,20,0.0,0.0,21.0,0,0,Auto%#,4.0,26.0
10627,2010,14.0,monza,True,0.0,False,0.0,False,bruno_senna,Brazilian,hrt,22,22,0.0,0.0,23.0,,0,11,4.799999999999997,26.0
,2010,14.0,,True,0.0,False,0.0,False,yamamoto,Japanese,hrt,23,19,0.0,0.0,25.0,0,0,11,,28.0
10622,2010,14.0,monza,True,0.0,False,0.0,False,glock,German,virgin,24,17,0.0,0.0,24.0,0,0,12,,28.0
10630,2010,15.0,marina_bay,False,0.0,False,0.0,False,alonso,Spanish,ferrari,1,1,166.0,3.0,3.0,290,,Auto%#,0.0,29.0
10631,2010,15.0,marina_bay,False,0.0,False,0.0,False,vettel,German,red_bull,2,2,163.0,2.0,5.0,350,6,,0.0999999999999943,23.0
10648,2010,,marina_bay,False,0.0,False,0.0,False,hamilton,British,mclaren,,19,182.0,3.0,,347,5,2,0.1999999999999886,25.0
10633,2010,15.0,marina_bay,False,0.0,False,0.0,False,button,British,mclaren,4,4,165.0,2.0,4.0,347,5,2,0.5,30.0
10632,2010,15.0,marina_bay,False,0.0,False,0.0,False,webber,Australian,red_bull,5,3,187.0,4.0,1.0,350,6,1,0.5999999999999943,34.0
10635,2010,15.0,marina_bay,False,0.0,False,0.0,False,barrichello,Brazilian,williams,Auto%#,6,31.0,0.0,11.0,47,0,7,0.7999999999999972,38.0
10634,2010,15.0,marina_bay,False,0.0,False,0.0,False,rosberg,German,mercedes,7,5,112.0,0.0,7.0,158,0,4,1.0,25.0
10636,2010,15.0,,False,0.0,False,0.0,False,kubica,Polish,renault,8,7,108.0,0.0,8.0,127,0,5,1.1999999999999886,25.0
10642,2010,15.0,marina_bay,False,0.0,False,0.0,False,michael_schumacher,German,mercedes,9,13,46.0,0.0,9.0,158,0,4,1.2999999999999972,41.0
10650,2010,15.0,marina_bay,,0.0,False,0.0,False,,Japanese,sauber,10,21,21.0,0.0,12.0,27,0,8,2.5,24.0
10641,2010,15.0,Auto%#,False,0.0,False,0.0,False,alguersuari,Spanish,toro_rosso,11,12,3.0,0.0,18.0,10,0,9,2.299999999999997,20.0
10640,2010,15.0,marina_bay,False,0.0,False,0.0,False,petrov,Russian,,12,Auto%#,19.0,,13.0,127,0,5,2.799999999999997,26.0
10643,2010,15.0,marina_bay,False,0.0,,0.0,False,buemi,Swiss,toro_rosso,13,14,7.0,0.0,16.0,10,0,9,,
,,15.0,marina_bay,False,0.0,False,0.0,False,heidfeld,German,sauber,14,18,0.0,0.0,0.0,27,0,8,3.1999999999999886,33.0
10638,2010,15.0,marina_bay,False,0.0,False,0.0,False,sutil,German,force_india,15,9,45.0,0.0,10.0,58,0,6,3.5,27.0
10653,2010,15.0,marina_bay,,0.0,False,0.0,False,liuzzi,Italian,force_india,16,24,13.0,0.0,15.0,58,0,6,3.5999999999999943,30.0
10639,2010,15.0,marina_bay,False,0.0,False,0.0,False,hulkenberg,German,williams,17,10,16.0,0.0,14.0,47,0,7,2.299999999999997,23.0
10646,2010,15.0,marina_bay,False,0.0,False,0.0,False,glock,German,virgin,Auto%#,17,0.0,0.0,24.0,0,0,12,5.299999999999997,28.0
10645,2010,15.0,marina_bay,False,0.0,False,0.0,False,kovalainen,Finnish,lotus_racing,19,16,0.0,0.0,19.0,0,0,10,5.5,28.0
10644,2010,15.0,marina_bay,False,0.0,False,0.0,False,grassi,Brazilian,virgin,20,,0.0,0.0,21.0,0,0,12,5.699999999999989,26.0
10652,2010,15.0,marina_bay,False,0.0,False,0.0,False,trulli,Italian,lotus_racing,21,23,0.0,0.0,22.0,0,0,10,6.199999999999989,36.0
10649,2010,15.0,marina_bay,False,0.0,False,0.0,False,klien,Austrian,hrt,22,20,0.0,0.0,0.0,0,0,,7.5,27.0
10651,2010,15.0,marina_bay,False,0.0,False,0.0,False,bruno_senna,Brazilian,hrt,23,22,0.0,0.0,23.0,0,0,11,8.799999999999997,
10654,2010,16.0,suzuka,True,0.0,False,0.0,False,vettel,German,red_bull,1,1,181.0,2.0,4.0,383,6,1,,23.0
10655,2010,16.0,suzuka,True,0.0,False,0.0,False,webber,Australian,red_bull,2,2,202.0,4.0,1.0,383,6,1,0.1000000000000085,34.0
10672,2010,16.0,suzuka,True,0.0,False,0.0,False,kubica,Polish,renault,3,19,114.0,0.0,8.0,133,0,5,0.4000000000000057,25.0
10656,2010,16.0,suzuka,True,0.0,False,0.0,False,alonso,Spanish,ferrari,4,3,191.0,4.0,2.0,319,4,3,0.6000000000000085,29.0
10657,2010,16.0,suzuka,True,0.0,False,0.0,False,button,British,mclaren,5,4,177.0,2.0,5.0,359,5,2,,30.0
10670,2010,16.0,suzuka,True,0.0,False,0.0,False,rosberg,German,mercedes,6,17,122.0,0.0,7.0,168,0,4,0.7000000000000028,25.0
10662,2010,16.0,suzuka,True,0.0,False,0.0,False,barrichello,Brazilian,williams,7,9,39.0,0.0,11.0,56,0,7,,38.0
10658,2010,16.0,suzuka,True,0.0,False,0.0,False,hamilton,British,mclaren,8,5,182.0,3.0,3.0,359,5,2,0.4000000000000057,25.0
10673,2010,16.0,suzuka,True,0.0,False,0.0,False,,German,williams,9,20,17.0,0.0,14.0,,0,7,0.7999999999999972,23.0
10659,2010,16.0,suzuka,True,0.0,False,0.0,False,michael_schumacher,German,mercedes,10,6,46.0,0.0,10.0,168,0,4,1.0,41.0
10661,2010,16.0,suzuka,True,0.0,False,0.0,False,heidfeld,German,sauber,11,8,0.0,0.0,26.0,27,0,8,1.4000000000000057,33.0
10674,2010,16.0,suzuka,True,0.0,False,0.0,False,massa,Brazilian,,12,21,128.0,0.0,6.0,319,4,3,1.5,29.0
10675,2010,16.0,suzuka,True,0.0,Auto%#,0.0,False,petrov,Russian,renault,13,22,19.0,0.0,13.0,133,0,5,1.6000000000000083,26.0
10660,2010,16.0,suzuka,True,0.0,,0.0,False,kobayashi,Japanese,sauber,14,7,21.0,,12.0,27,0,8,1.6000000000000083,24.0
10671,2010,16.0,suzuka,True,0.0,False,0.0,False,sutil,German,force_india,15,18,47.0,0.0,9.0,60,0,6,1.9000000000000057,27.0
10664,2010,16.0,suzuka,,0.0,False,,False,alguersuari,Spanish,toro_rosso,16,,3.0,0.0,18.0,10,0,9,2.299999999999997,20.0
10676,2010,16.0,suzuka,True,0.0,False,0.0,False,liuzzi,Italian,force_india,17,Auto%#,13.0,0.0,15.0,60,0,6,2.4000000000000057,30.0
10663,2010,16.0,suzuka,True,0.0,False,0.0,False,buemi,Swiss,toro_rosso,18,10,7.0,0.0,16.0,10,0,9,2.799999999999997,21.0
10666,2010,16.0,suzuka,True,0.0,False,0.0,False,trulli,Italian,lotus_racing,19,13,0.0,0.0,22.0,0,0,10,4.5,36.0
10665,,16.0,,True,0.0,False,0.0,False,kovalainen,Finnish,lotus_racing,20,12,0.0,0.0,19.0,0,0,10,4.700000000000003,28.0
10677,2010,16.0,suzuka,True,0.0,False,0.0,False,grassi,Brazilian,virgin,21,24,0.0,0.0,21.0,0,0,12,5.5,26.0
10667,2010,16.0,suzuka,True,0.0,False,0.0,False,glock,German,virgin,22,14,0.0,0.0,24.0,0,0,12,5.5,28.0
10668,2010,16.0,suzuka,True,0.0,,0.0,False,bruno_senna,Brazilian,hrt,23,15,0.0,0.0,23.0,0,0,11,6.5,26.0
10669,2010,16.0,Auto%#,True,0.0,False,0.0,False,yamamoto,Japanese,hrt,,16,0.0,0.0,25.0,0,0,11,6.6000000000000085,28.0
10694,2010,17.0,yeongam,False,0.0,Auto%#,0.0,False,vettel,German,red_bull,1,17,206.0,3.0,3.0,426,7,1,0.0,23.0
10700,2010,17.0,yeongam,False,0.0,False,,False,webber,Australian,red_bull,2,Auto%#,220.0,4.0,1.0,426,7,Auto%#,0.1000000000000085,34.0
10678,2010,17.0,yeongam,False,0.0,False,0.0,False,alonso,Spanish,ferrari,3,1,206.0,4.0,2.0,334,4,3,0.2000000000000028,29.0
10679,2010,17.0,yeongam,False,0.0,False,0.0,False,hamilton,Auto%#,mclaren,4,2,192.0,3.0,4.0,381,5,2,,25.0
10701,2010,17.0,,False,0.0,False,0.0,False,rosberg,German,mercedes,5,24,122.0,0.0,7.0,176,0,4,0.9000000000000057,25.0
10680,2010,17.0,yeongam,False,0.0,False,,False,massa,Brazilian,ferrari,6,3,128.0,0.0,6.0,334,4,3,1.0,29.0
10689,2010,17.0,yeongam,,0.0,False,0.0,False,button,British,mclaren,7,12,189.0,2.0,,381,5,2,1.1000000000000083,30.0
10682,2010,17.0,yeongam,False,0.0,False,0.0,False,kubica,Polish,renault,8,5,,0.0,8.0,133,0,5,1.2000000000000028,25.0
10681,2010,17.0,yeongam,False,0.0,False,0.0,False,michael_schumacher,German,mercedes,9,4,54.0,0.0,9.0,176,0,4,1.4000000000000057,41.0
10684,2010,17.0,yeongam,False,0.0,False,0.0,False,barrichello,Brazilian,williams,10,7,41.0,0.0,11.0,58,0,7,1.4000000000000057,38.0
10687,2010,17.0,yeongam,False,0.0,False,0.0,False,hulkenberg,German,williams,11,10,17.0,0.0,14.0,58,0,7,2.0,23.0
10685,2010,17.0,yeongam,False,0.0,False,0.0,False,kobayashi,Japanese,sauber,12,8,27.0,0.0,12.0,37,0,8,2.0,
10686,2010,17.0,yeongam,False,0.0,False,0.0,False,heidfeld,German,sauber,13,9,4.0,0.0,18.0,37,0,8,2.1000000000000085,33.0
10693,2010,17.0,yeongam,False,0.0,False,,False,sutil,German,force_india,14,16,47.0,0.0,10.0,60,0,6,2.200000000000003,27.0
10688,2010,17.0,yeongam,False,0.0,False,0.0,False,alguersuari,Spanish,toro_rosso,15,11,3.0,0.0,19.0,11,0,9,2.300000000000012,20.0
10697,2010,17.0,Auto%#,False,0.0,False,,False,buemi,Swiss,toro_rosso,16,20,8.0,0.0,16.0,11,0,9,3.0,21.0
10683,2010,17.0,yeongam,False,0.0,False,0.0,False,liuzzi,Italian,force_india,17,6,13.0,0.0,15.0,60,0,6,3.4000000000000057,30.0
10699,2010,17.0,yeongam,False,0.0,False,0.0,False,trulli,Italian,lotus_racing,18,22,0.0,0.0,21.0,0,0,10,4.900000000000006,36.0
10696,2010,17.0,yeongam,False,0.0,False,0.0,False,glock,Auto%#,virgin,19,19,0.0,,24.0,,0,12,5.1000000000000085,28.0
10695,2010,17.0,yeongam,False,,False,0.0,False,petrov,Russian,renault,,18,19.0,0.0,13.0,133,0,5,2.200000000000003,26.0
10690,2010,17.0,yeongam,False,0.0,False,0.0,False,kovalainen,Finnish,lotus_racing,21,13,0.0,0.0,20.0,0,0,10,6.200000000000003,29.0
10698,2010,17.0,yeongam,False,0.0,False,0.0,False,grassi,Brazilian,virgin,22,21,0.0,0.0,23.0,0,0,12,6.700000000000003,26.0
10692,2010,17.0,yeongam,False,0.0,False,0.0,False,yamamoto,Japanese,hrt,23,15,0.0,0.0,26.0,0,0,11,6.800000000000011,28.0
10691,2010,17.0,yeongam,False,0.0,,0.0,False,bruno_senna,Brazilian,hrt,24,14,0.0,0.0,25.0,0,0,11,7.700000000000003,27.0
,2010,18.0,interlagos,False,0.0,False,0.0,False,hulkenberg,German,williams,1,8,18.0,0.0,15.0,65,0,7,0.0,23.0
10702,2010,18.0,interlagos,False,0.0,False,,False,vettel,German,red_bull,,1,206.0,3.0,4.0,426,7,1,1.0,23.0
10703,2010,18.0,interlagos,False,0.0,False,0.0,False,webber,,red_bull,3,2,,4.0,2.0,426,7,1,1.0999999999999943,34.0
10705,2010,18.0,interlagos,False,0.0,False,0.0,False,hamilton,British,mclaren,4,4,210.0,3.0,3.0,399,5,2,1.2000000000000028,25.0
10704,2010,18.0,interlagos,False,0.0,False,0.0,False,alonso,Spanish,ferrari,5,3,231.0,5.0,1.0,374,5,3,1.5,29.0
10715,2010,18.0,interlagos,False,0.0,False,0.0,False,barrichello,,williams,6,14,47.0,0.0,10.0,65,0,7,1.7000000000000028,38.0
10710,2010,18.0,interlagos,False,0.0,,0.0,False,kubica,Polish,renault,,9,124.0,0.0,7.0,143,0,5,2.0999999999999943,25.0
10708,2010,18.0,interlagos,False,0.0,False,0.0,False,michael_schumacher,German,mercedes,8,7,66.0,0.0,9.0,188,0,4,2.4000000000000057,41.0
10716,2010,18.0,Auto%#,False,0.0,False,0.0,False,massa,Brazilian,,9,15,143.0,0.0,6.0,374,5,3,2.5999999999999943,29.0
10717,2010,18.0,interlagos,False,,False,0.0,False,petrov,Russian,Auto%#,10,16,19.0,0.0,14.0,143,0,5,3.200000000000003,26.0
10706,2010,18.0,interlagos,False,0.0,False,0.0,False,button,British,mclaren,11,5,189.0,2.0,5.0,399,5,2,4.799999999999997,30.0
10711,2010,,interlagos,False,0.0,False,0.0,False,kobayashi,Auto%#,sauber,12,10,31.0,0.0,12.0,43,0,,4.900000000000006,24.0
10707,2010,18.0,interlagos,False,0.0,False,0.0,False,rosberg,German,mercedes,13,6,122.0,0.0,8.0,188,0,4,,25.0
10712,2010,18.0,interlagos,False,0.0,False,0.0,False,alguersuari,Spanish,toro_rosso,14,11,3.0,0.0,19.0,11,0,9,5.099999999999994,20.0
10718,2010,18.0,interlagos,False,,False,0.0,False,heidfeld,German,sauber,15,17,6.0,0.0,18.0,43,0,8,5.400000000000006,33.0
10725,2010,18.0,interlagos,False,0.0,False,0.0,False,liuzzi,Italian,force_india,16,24,21.0,0.0,13.0,,0,6,5.900000000000006,30.0
10721,2010,18.0,interlagos,False,0.0,False,0.0,False,glock,German,virgin,17,20,0.0,0.0,25.0,0,0,12,7.599999999999994,28.0
10720,2010,18.0,interlagos,False,0.0,False,0.0,False,trulli,Italian,lotus_racing,18,19,0.0,0.0,21.0,0,0,10,7.799999999999997,36.0
10714,2010,18.0,interlagos,False,0.0,False,0.0,False,buemi,Swiss,toro_rosso,19,13,8.0,0.0,16.0,11,0,9,5.299999999999997,22.0
10719,2010,18.0,interlagos,False,0.0,False,0.0,False,kovalainen,Finnish,lotus_racing,20,18,0.0,0.0,20.0,0,0,10,7.900000000000006,29.0
10724,2010,18.0,interlagos,False,0.0,False,0.0,False,,Brazilian,virgin,21,23,0.0,0.0,24.0,0,0,12,8.299999999999997,26.0
10713,2010,18.0,interlagos,False,0.0,False,,False,sutil,,force_india,22,12,47.0,0.0,11.0,68,0,6,6.299999999999997,27.0
10723,2010,18.0,interlagos,False,0.0,False,0.0,False,klien,Austrian,hrt,23,22,0.0,,27.0,0,0,11,8.599999999999994,27.0
10722,2010,18.0,interlagos,False,0.0,False,0.0,False,bruno_senna,Brazilian,,24,21,0.0,0.0,23.0,0,0,11,9.299999999999995,27.0
10726,2010,19.0,yas_marina,False,0.0,,0.0,False,vettel,German,red_bull,1,1,231.0,4.0,3.0,469,8,1,0.0,23.0
10727,2010,19.0,yas_marina,False,0.0,False,0.0,False,hamilton,British,mclaren,2,2,222.0,3.0,4.0,421,5,2,0.0,25.0
10732,2010,19.0,yas_marina,False,0.0,False,0.0,False,alonso,Spanish,ferrari,3,7,246.0,5.0,1.0,389,5,3,0.3999999999999915,29.0
10728,2010,19.0,yas_marina,False,0.0,False,0.0,False,button,British,mclaren,Auto%#,3,199.0,2.0,5.0,421,5,2,0.3999999999999915,30.0
10733,2010,19.0,,False,0.0,False,0.0,False,webber,Australian,red_bull,5,8,238.0,4.0,2.0,469,8,1,0.5,34.0
10735,2010,19.0,yas_marina,False,0.0,False,0.0,False,massa,Brazilian,ferrari,6,10,143.0,0.0,6.0,389,5,3,0.7999999999999972,29.0
10737,2010,19.0,yas_marina,False,,False,0.0,False,barrichello,Brazilian,williams,7,12,47.0,0.0,10.0,69,0,6,0.7999999999999972,38.0
10748,2010,19.0,yas_marina,False,0.0,False,0.0,False,michael_schumacher,German,mercedes,8,23,72.0,0.0,9.0,202,0,4,1.0999999999999943,41.0
10729,2010,19.0,yas_marina,False,0.0,False,0.0,False,rosberg,German,mercedes,9,4,130.0,0.0,7.0,202,0,4,1.1999999999999886,25.0
10731,2010,19.0,yas_marina,False,0.0,False,0.0,False,petrov,Russian,renault,10,6,19.0,0.0,15.0,145,0,5,1.5,26.0
10730,2010,19.0,yas_marina,False,0.0,False,0.0,Auto%#,kubica,Polish,renault,11,5,126.0,0.0,8.0,145,,5,,25.0
10739,2010,19.0,yas_marina,False,0.0,False,0.0,False,kobayashi,Japanese,sauber,12,14,32.0,0.0,12.0,44,0,8,1.3999999999999917,24.0
10738,2010,19.0,yas_marina,False,0.0,False,0.0,,,German,,13,13,47.0,0.0,11.0,68,0,7,1.5,27.0
10736,2010,19.0,yas_marina,False,0.0,False,0.0,False,heidfeld,German,sauber,14,11,6.0,0.0,18.0,44,0,8,1.6999999999999886,33.0
10741,2010,19.0,yas_marina,False,0.0,False,0.0,False,hulkenberg,German,williams,15,16,22.0,0.0,13.0,69,0,6,2.0,
10749,2010,19.0,yas_marina,False,0.0,False,0.0,False,liuzzi,Italian,force_india,16,24,21.0,0.0,14.0,68,0,7,2.1999999999999886,30.0
10734,2010,19.0,yas_marina,False,0.0,False,0.0,False,alguersuari,Spanish,toro_rosso,17,9,3.0,0.0,19.0,11,,9,2.299999999999997,20.0
10740,2010,19.0,Auto%#,False,0.0,False,0.0,False,buemi,Swiss,toro_rosso,18,15,8.0,0.0,16.0,11,0,9,2.3999999999999915,22.0
10746,2010,19.0,yas_marina,False,0.0,False,0.0,Auto%#,trulli,Italian,lotus_racing,19,21,0.0,0.0,21.0,0,0,10,4.099999999999994,36.0
10742,2010,,yas_marina,False,0.0,False,0.0,False,kovalainen,Finnish,lotus_racing,20,17,0.0,0.0,20.0,0,0,10,4.299999999999997,29.0
10747,2010,19.0,yas_marina,False,0.0,False,0.0,False,glock,German,virgin,21,22,0.0,0.0,25.0,0,0,12,4.699999999999989,28.0
10743,2010,19.0,yas_marina,False,0.0,False,0.0,False,grassi,Brazilian,virgin,22,18,0.0,0.0,24.0,0,0,12,,26.0
,2010,19.0,yas_marina,False,0.0,False,0.0,False,bruno_senna,Brazilian,hrt,23,19,0.0,0.0,23.0,,0,11,5.699999999999989,27.0
10745,2010,19.0,yas_marina,False,0.0,False,0.0,False,klien,Austrian,hrt,24,20,0.0,0.0,27.0,0,0,11,5.899999999999992,27.0
10750,2011,1.0,albert_park,False,0.0,False,,Auto%#,vettel,German,red_bull,1,1,0.0,0.0,0.0,0,0,0,0.0,23.0
10751,2011,1.0,albert_park,False,0.0,,,False,hamilton,British,mclaren,2,2,0.0,0.0,,0,0,0,0.7999999999999972,26.0
10754,2011,1.0,albert_park,False,0.0,False,0.0,False,webber,Australian,red_bull,3,5,0.0,0.0,0.0,0,0,0,,34.0
10755,2011,1.0,albert_park,False,0.0,False,,False,button,British,mclaren,4,6,0.0,0.0,0.0,0,0,0,1.2999999999999972,31.0
10753,2011,1.0,albert_park,False,0.0,False,0.0,False,alonso,Spanish,ferrari,5,,0.0,0.0,0.0,0,0,0,1.5,29.0
10752,2011,1.0,albert_park,False,0.0,False,0.0,False,petrov,Russian,renault,6,,0.0,0.0,0.0,0,0,0,1.7000000000000028,26.0
10766,2011,1.0,albert_park,False,0.0,False,0.0,Auto%#,rosberg,German,mercedes,7,17,0.0,0.0,0.0,0,0,0,1.9000000000000057,25.0
10756,2011,1.0,albert_park,False,0.0,False,,False,massa,Brazilian,ferrari,8,7,0.0,0.0,0.0,0,0,0,2.0999999999999943,29.0
10770,2011,1.0,albert_park,False,0.0,False,0.0,False,kobayashi,Japanese,sauber,9,21,0.0,0.0,,0,0,0,2.0999999999999943,24.0
10757,2011,1.0,albert_park,False,0.0,False,0.0,False,,Swiss,,10,8,0.0,0.0,0.0,0,,0,3.5999999999999943,22.0
10768,2011,1.0,albert_park,False,0.0,False,0.0,False,michael_schumacher,German,mercedes,11,19,0.0,0.0,0.0,0,0,0,2.5,42.0
10760,2011,1.0,albert_park,False,0.0,False,0.0,False,alguersuari,Spanish,toro_rosso,12,11,0.0,0.0,0.0,0,0,0,,21.0
10771,2011,1.0,albert_park,False,0.0,False,0.0,False,perez,Mexican,sauber,13,22,0.0,0.0,0.0,0,0,0,2.5999999999999943,21.0
10759,2011,1.0,albert_park,False,0.0,False,0.0,False,resta,British,force_india,14,Auto%#,0.0,0.0,0.0,0,0,0,,24.0
10769,2011,1.0,albert_park,False,0.0,False,0.0,False,maldonado,Venezuelan,williams,15,20,0.0,0.0,0.0,0,0,0,3.299999999999997,26.0
10758,2011,1.0,albert_park,False,0.0,False,0.0,False,sutil,German,force_india,16,9,0.0,0.0,0.0,0,0,0,7.900000000000006,28.0
10761,2011,1.0,albert_park,False,0.0,False,,False,heidfeld,,renault,18,12,,0.0,0.0,0,0,0,3.700000000000003,33.0
,2011,1.0,albert_park,False,0.0,False,0.0,False,kovalainen,Auto%#,lotus_racing,19,18,0.0,0.0,0.0,0,0,0,5.799999999999997,29.0
10762,2011,1.0,albert_park,False,0.0,False,0.0,False,trulli,Italian,lotus_racing,20,13,0.0,0.0,0.0,0,0,0,5.799999999999997,36.0
10764,2011,1.0,albert_park,False,0.0,False,0.0,,glock,German,virgin,21,15,0.0,0.0,0.0,0,0,0,6.400000000000006,29.0
10763,2011,1.0,albert_park,False,,False,0.0,False,ambrosio,Belgian,virgin,22,14,0.0,0.0,0.0,0,0,0,7.299999999999997,25.0
10772,2011,2.0,sepang,False,0.0,True,0.0,False,vettel,German,red_bull,1,1,25.0,1.0,1.0,35,1,1,0.0,23.0
10779,2011,2.0,sepang,False,0.0,True,0.0,False,hamilton,British,mclaren,2,8,18.0,0.0,2.0,26,0,2,0.0999999999999943,26.0
10775,2011,2.0,sepang,False,0.0,True,0.0,False,webber,Australian,red_bull,3,4,10.0,0.0,5.0,35,1,1,0.2999999999999971,34.0
,2011,2.0,sepang,False,0.0,True,0.0,False,button,British,mclaren,4,2,8.0,0.0,6.0,26,0,2,0.2999999999999971,31.0
10777,2011,2.0,sepang,False,0.0,True,0.0,Auto%#,alonso,Spanish,ferrari,5,6,12.0,0.0,4.0,18,0,3,0.8999999999999915,29.0
10774,2011,2.0,sepang,False,0.0,True,0.0,False,heidfeld,German,renault,6,3,0.0,0.0,12.0,15,0,4,1.1999999999999886,33.0
10776,2011,2.0,sepang,False,0.0,,0.0,False,massa,Brazilian,ferrari,7,5,6.0,0.0,7.0,18,0,3,1.3999999999999917,29.0
10788,2011,2.0,sepang,False,0.0,Auto%#,0.0,False,petrov,Russian,renault,8,17,15.0,0.0,3.0,15,0,4,1.3999999999999917,26.0
10783,2011,2.0,sepang,False,0.0,True,,False,rosberg,German,mercedes,9,12,0.0,0.0,17.0,0,0,10,1.8999999999999917,25.0
10778,2011,2.0,sepang,False,0.0,True,0.0,False,kobayashi,Japanese,sauber,10,7,0.0,0.0,0.0,0,0,0,1.8999999999999917,24.0
10780,2011,2.0,sepang,False,0.0,True,0.0,False,michael_schumacher,German,mercedes,11,9,0.0,0.0,,0,0,10,2.0999999999999943,42.0
10784,2011,2.0,,False,0.0,True,0.0,False,buemi,Swiss,toro_rosso,12,13,4.0,0.0,8.0,4,0,,2.299999999999997,22.0
10785,2011,2.0,sepang,False,0.0,True,0.0,False,alguersuari,Spanish,toro_rosso,13,14,0.0,0.0,11.0,4,0,5,2.3999999999999915,21.0
10781,2011,,sepang,False,0.0,True,0.0,False,resta,British,,14,10,1.0,0.0,10.0,3,0,6,2.5,24.0
10793,2011,2.0,sepang,,0.0,True,0.0,False,barrichello,Brazilian,williams,15,22,0.0,0.0,16.0,0,0,9,2.5999999999999943,38.0
10792,2011,2.0,sepang,False,0.0,True,0.0,False,perez,Mexican,sauber,16,21,0.0,0.0,0.0,0,0,0,2.5999999999999943,21.0
10782,2011,2.0,sepang,False,0.0,True,0.0,False,sutil,German,force_india,17,11,2.0,0.0,9.0,3,0,6,2.6999999999999886,28.0
10795,2011,2.0,sepang,False,0.0,True,0.0,False,maldonado,Venezuelan,williams,18,24,0.0,0.0,20.0,0,0,,3.3999999999999915,26.0
10786,2011,2.0,sepang,False,0.0,True,0.0,False,kovalainen,Finnish,lotus_racing,19,15,0.0,0.0,18.0,0,0,7,3.6999999999999886,29.0
10791,2011,2.0,sepang,False,0.0,True,0.0,False,trulli,Italian,lotus_racing,20,20,0.0,0.0,,0,0,Auto%#,3.899999999999992,36.0
10787,2011,2.0,sepang,False,0.0,True,0.0,False,glock,German,virgin,21,16,0.0,0.0,,0,0,8,5.699999999999989,29.0
10790,2011,,sepang,False,0.0,True,0.0,Auto%#,ambrosio,Belgian,virgin,22,19,0.0,0.0,14.0,0,0,8,6.099999999999994,25.0
10789,2011,2.0,sepang,False,,True,0.0,False,liuzzi,Italian,hrt,23,18,0.0,0.0,0.0,0,0,0,6.599999999999994,30.0
10794,2011,2.0,sepang,False,0.0,True,0.0,False,karthikeyan,Indian,hrt,24,23,,0.0,0.0,0,0,0,7.699999999999989,34.0
10797,2011,3.0,shanghai,True,0.0,False,0.0,False,vettel,German,red_bull,1,2,50.0,2.0,1.0,72,2,1,0.0,23.0
10799,2011,3.0,shanghai,True,,False,0.0,False,button,British,mclaren,,4,26.0,0.0,2.0,48,0,2,0.7000000000000028,31.0
10796,2011,3.0,shanghai,True,0.0,False,0.0,False,hamilton,British,mclaren,3,1,22.0,0.0,3.0,48,0,2,0.7999999999999972,26.0
10800,2011,3.0,shanghai,True,0.0,False,0.0,False,rosberg,German,mercedes,4,5,0.0,0.0,15.0,2,0,8,1.0,25.0
10802,2011,3.0,shanghai,True,0.0,False,0.0,False,alonso,Spanish,ferrari,5,7,20.0,0.0,5.0,36,0,3,1.3999999999999917,29.0
10801,2011,3.0,shanghai,True,0.0,False,0.0,False,,Brazilian,ferrari,6,6,16.0,0.0,6.0,36,0,3,1.3999999999999917,29.0
10819,,3.0,shanghai,True,0.0,False,0.0,False,alguersuari,Spanish,toro_rosso,7,24,0.0,0.0,14.0,4,0,6,2.5,21.0
10806,2011,3.0,shanghai,True,0.0,False,0.0,False,resta,British,,8,11,2.0,0.0,13.0,4,0,7,2.5,25.0
10809,2011,3.0,shanghai,True,0.0,False,0.0,False,buemi,Swiss,toro_rosso,9,14,4.0,0.0,10.0,4,0,6,2.5,22.0
10810,2011,3.0,shanghai,True,0.0,False,0.0,False,sutil,German,force_india,,15,2.0,0.0,11.0,4,0,7,2.200000000000003,
10812,2011,3.0,shanghai,True,0.0,False,0.0,False,perez,Auto%#,sauber,12,17,0.0,0.0,20.0,6,0,5,2.3999999999999915,21.0
10805,2011,3.0,shanghai,True,0.0,False,0.0,False,kobayashi,Japanese,,13,,6.0,0.0,9.0,6,0,5,2.5,24.0
10803,2011,3.0,shanghai,,0.0,False,0.0,False,michael_schumacher,German,mercedes,14,8,2.0,0.0,12.0,2,0,8,2.799999999999997,42.0
10808,2011,3.0,shanghai,True,0.0,False,0.0,False,barrichello,Brazilian,williams,15,13,0.0,0.0,21.0,0,0,11,2.799999999999997,38.0
10807,2011,3.0,shanghai,True,0.0,False,0.0,False,heidfeld,German,renault,16,12,15.0,0.0,7.0,30,0,,2.8999999999999915,33.0
10813,2011,3.0,shanghai,True,0.0,False,0.0,False,maldonado,Venezuelan,williams,17,18,0.0,0.0,23.0,0,0,11,3.299999999999997,26.0
10798,2011,3.0,shanghai,True,0.0,False,0.0,False,webber,Australian,red_bull,18,3,22.0,0.0,4.0,72,2,1,2.799999999999997,34.0
10811,2011,3.0,shanghai,True,0.0,False,0.0,False,kovalainen,Finnish,lotus_racing,19,16,0.0,0.0,18.0,0,,9,4.200000000000003,29.0
,2011,3.0,shanghai,True,0.0,Auto%#,0.0,False,trulli,Italian,lotus_racing,20,19,0.0,0.0,16.0,0,0,9,4.599999999999994,36.0
10815,2011,3.0,shanghai,True,0.0,False,0.0,False,ambrosio,Belgian,virgin,21,20,0.0,0.0,,0,0,10,5.399999999999992,25.0
10816,2011,3.0,shanghai,True,0.0,False,0.0,False,glock,German,virgin,22,21,0.0,0.0,19.0,0,0,10,6.0,29.0
10817,2011,3.0,shanghai,True,0.0,False,0.0,False,liuzzi,Italian,hrt,23,22,0.0,0.0,22.0,0,0,12,6.5,30.0
10818,2011,3.0,shanghai,True,0.0,False,0.0,False,karthikeyan,Indian,hrt,24,23,0.0,0.0,24.0,0,0,12,6.700000000000003,34.0
10820,2011,4.0,istanbul,True,0.0,False,0.0,False,vettel,German,red_bull,1,1,68.0,2.0,1.0,105,2,1,0.0,23.0
10821,2011,4.0,istanbul,,0.0,False,0.0,False,webber,Australian,red_bull,2,2,37.0,0.0,4.0,105,2,1,0.5,34.0
10824,2011,4.0,istanbul,True,0.0,False,0.0,False,rosberg,German,mercedes,3,5,10.0,0.0,9.0,16,0,5,0.5999999999999943,25.0
10823,2011,4.0,istanbul,True,0.0,False,0.0,False,hamilton,British,Auto%#,4,4,47.0,1.0,2.0,85,1,2,0.5999999999999943,26.0
10822,2011,4.0,istanbul,True,0.0,False,0.0,False,alonso,Spanish,ferrari,5,3,26.0,0.0,5.0,50,0,3,0.9000000000000057,29.0
10825,2011,4.0,istanbul,True,0.0,False,0.0,False,button,British,mclaren,6,6,38.0,0.0,3.0,85,1,2,1.0,31.0
10827,,4.0,istanbul,True,0.0,False,0.0,False,petrov,Russian,renault,7,8,17.0,0.0,7.0,32,0,4,1.2999999999999972,26.0
10831,2011,4.0,istanbul,True,0.0,False,0.0,False,michael_schumacher,German,mercedes,8,12,6.0,0.0,11.0,16,0,5,1.5999999999999943,42.0
10826,2011,4.0,istanbul,True,0.0,False,0.0,False,heidfeld,German,renault,9,7,15.0,0.0,8.0,32,0,4,1.7000000000000028,33.0
10834,2011,4.0,istanbul,True,0.0,False,0.0,False,barrichello,Brazilian,williams,11,15,0.0,0.0,17.0,0,0,10,1.7999999999999972,38.0
10832,2011,4.0,istanbul,True,0.0,False,0.0,False,sutil,German,force_india,12,13,2.0,0.0,13.0,4,0,8,2.0,28.0
10842,2011,4.0,istanbul,True,0.0,False,0.0,False,resta,British,force_india,13,23,2.0,0.0,14.0,4,0,,2.0999999999999943,25.0
10836,2011,4.0,Auto%#,True,0.0,False,0.0,False,maldonado,Venezuelan,williams,14,17,0.0,0.0,22.0,0,0,10,2.200000000000003,26.0
10833,2011,4.0,,True,0.0,False,0.0,False,perez,Mexican,sauber,15,14,0.0,0.0,21.0,7,0,6,2.200000000000003,21.0
,2011,4.0,istanbul,True,0.0,False,0.0,False,buemi,Swiss,toro_rosso,16,9,4.0,0.0,12.0,4,0,7,,22.0
10835,2011,4.0,istanbul,True,0.0,False,0.0,False,alguersuari,Spanish,,17,16,0.0,,15.0,4,0,7,2.5999999999999943,21.0
10838,2011,4.0,istanbul,True,0.0,False,0.0,False,kovalainen,Finnish,lotus_racing,18,,0.0,0.0,19.0,0,0,9,3.799999999999997,29.0
10837,2011,4.0,istanbul,True,0.0,False,0.0,False,trulli,Italian,lotus_racing,19,18,0.0,0.0,16.0,0,0,9,4.700000000000003,36.0
10841,2011,4.0,istanbul,True,0.0,False,0.0,False,liuzzi,Italian,hrt,20,22,0.0,0.0,23.0,0,0,12,5.700000000000003,30.0
10843,2011,4.0,istanbul,True,0.0,False,0.0,False,glock,German,virgin,21,,0.0,0.0,20.0,0,0,11,5.799999999999997,29.0
10840,2011,4.0,istanbul,True,0.0,False,,False,,Indian,hrt,22,21,0.0,0.0,24.0,0,0,Auto%#,6.599999999999994,34.0
10839,2011,4.0,istanbul,True,0.0,Auto%#,0.0,False,ambrosio,Belgian,virgin,23,20,0.0,0.0,18.0,0,0,11,5.400000000000006,25.0
10847,2011,5.0,catalunya,True,0.0,,0.0,False,webber,Australian,red_bull,1,4,55.0,0.0,3.0,148,3,1,0.0,34.0
10844,2011,5.0,catalunya,True,0.0,False,0.0,False,vettel,German,red_bull,2,,93.0,3.0,1.0,148,3,1,0.2000000000000028,23.0
10845,2011,5.0,catalunya,True,0.0,False,0.0,False,hamilton,British,mclaren,3,2,59.0,1.0,2.0,105,1,2,1.0,26.0
10848,2011,5.0,catalunya,True,0.0,False,0.0,False,alonso,Spanish,ferrari,4,5,41.0,0.0,5.0,65,0,3,1.0,29.0
10846,2011,5.0,catalunya,True,0.0,False,0.0,False,button,British,mclaren,,3,46.0,0.0,4.0,105,1,2,1.0,31.0
10854,2011,5.0,catalunya,True,0.0,False,0.0,False,petrov,Russian,renault,6,11,21.0,0.0,8.0,42,0,4,1.5,26.0
10850,2011,5.0,catalunya,True,,False,0.0,False,rosberg,German,mercedes,7,7,20.0,0.0,9.0,26,0,,1.5999999999999943,25.0
10865,2011,5.0,catalunya,True,0.0,False,0.0,,massa,Brazilian,ferrari,8,22,24.0,0.0,6.0,65,0,3,1.9000000000000057,30.0
10858,2011,5.0,catalunya,True,0.0,False,0.0,False,maldonado,Venezuelan,williams,9,15,0.0,0.0,,0,0,10,2.0,26.0
10857,2011,5.0,catalunya,True,0.0,False,0.0,False,buemi,Swiss,toro_rosso,11,14,6.0,0.0,12.0,6,0,,2.200000000000003,22.0
10852,2011,5.0,catalunya,True,0.0,False,0.0,False,perez,Mexican,sauber,12,9,0.0,0.0,18.0,8,0,6,2.4000000000000057,21.0
10859,2011,5.0,catalunya,True,0.0,False,0.0,False,alguersuari,Spanish,toro_rosso,13,16,0.0,0.0,15.0,6,0,7,2.700000000000003,21.0
10853,2011,5.0,catalunya,,0.0,False,0.0,False,kobayashi,Auto%#,sauber,14,10,8.0,0.0,10.0,8,0,6,2.700000000000003,24.0
10866,2011,5.0,catalunya,,0.0,Auto%#,0.0,Auto%#,,Finnish,lotus_racing,15,23,0.0,0.0,20.0,0,0,9,4.400000000000006,29.0
10855,2011,5.0,catalunya,True,0.0,False,0.0,False,resta,British,force_india,16,12,2.0,0.0,,4,0,8,5.099999999999994,25.0
10856,2011,5.0,catalunya,True,0.0,,0.0,False,sutil,German,force_india,17,13,2.0,0.0,13.0,4,0,8,5.599999999999994,28.0
10861,2011,5.0,catalunya,True,0.0,False,0.0,False,trulli,Italian,lotus_racing,18,18,0.0,0.0,17.0,0,0,9,5.5,36.0
10860,2011,5.0,catalunya,True,0.0,False,0.0,False,barrichello,Brazilian,williams,19,17,0.0,0.0,16.0,0,0,10,5.900000000000006,38.0
10862,,5.0,catalunya,True,0.0,False,0.0,False,glock,German,Auto%#,20,19,0.0,0.0,21.0,0,,11,6.299999999999997,29.0
10867,2011,5.0,catalunya,True,0.0,False,0.0,False,liuzzi,Italian,hrt,21,24,0.0,0.0,24.0,0,0,12,6.799999999999997,30.0
10864,2011,5.0,catalunya,True,0.0,False,0.0,False,karthikeyan,Indian,hrt,22,21,0.0,0.0,23.0,0,0,12,6.900000000000006,34.0
10863,2011,5.0,catalunya,True,0.0,False,0.0,False,ambrosio,,virgin,23,,0.0,0.0,19.0,0,0,11,7.599999999999994,25.0
10868,2011,6.0,monaco,True,0.0,False,0.0,False,vettel,German,red_bull,1,1,118.0,4.0,1.0,185,4,1,0.0,23.0
10870,2011,6.0,monaco,True,0.0,False,0.0,False,button,British,mclaren,2,3,61.0,0.0,4.0,138,1,2,0.4000000000000057,31.0
10871,2011,6.0,monaco,True,0.0,False,0.0,False,webber,Australian,red_bull,3,4,67.0,0.0,3.0,185,4,1,0.4000000000000057,34.0
10869,2011,6.0,monaco,True,0.0,False,0.0,False,alonso,Spanish,ferrari,4,2,51.0,0.0,5.0,75,0,3,0.9000000000000057,29.0
10889,2011,6.0,monaco,True,0.0,False,0.0,False,michael_schumacher,German,mercedes,5,22,14.0,0.0,10.0,40,0,5,1.1000000000000083,42.0
10888,2011,6.0,monaco,True,0.0,False,0.0,False,massa,Brazilian,ferrari,Auto%#,21,24.0,0.0,8.0,75,0,3,1.3000000000000114,30.0
,2011,6.0,monaco,True,0.0,Auto%#,0.0,,rosberg,German,mercedes,7,11,26.0,0.0,6.0,40,0,5,2.200000000000003,25.0
10885,2011,6.0,monaco,True,0.0,False,,False,maldonado,Venezuelan,williams,8,18,0.0,0.0,21.0,0,0,9,2.9000000000000057,26.0
10886,2011,6.0,monaco,True,0.0,False,0.0,Auto%#,petrov,Russian,renault,10,19,21.0,0.0,9.0,46,0,4,2.200000000000003,26.0
,2011,6.0,monaco,True,0.0,False,0.0,False,barrichello,Brazilian,williams,11,9,0.0,0.0,17.0,0,0,9,2.200000000000003,39.0
10872,2011,6.0,monaco,True,0.0,False,0.0,False,kobayashi,Japanese,sauber,12,5,9.0,0.0,11.0,,0,6,2.4000000000000057,24.0
10879,2011,6.0,monaco,True,0.0,False,0.0,False,resta,British,force_india,13,12,2.0,0.0,15.0,4,0,8,2.5,25.0
10874,2011,6.0,monaco,True,0.0,False,0.0,False,sutil,German,Auto%#,14,7,2.0,0.0,13.0,4,0,8,2.5,28.0
10875,2011,6.0,,True,0.0,False,0.0,False,heidfeld,German,renault,15,8,25.0,0.0,7.0,46,0,4,2.6000000000000085,34.0
10877,2011,6.0,monaco,True,0.0,False,0.0,False,buemi,Swiss,toro_rosso,16,10,6.0,0.0,12.0,6,0,7,2.700000000000003,22.0
10881,2011,6.0,monaco,True,0.0,False,0.0,False,kovalainen,Finnish,lotus_racing,17,14,0.0,0.0,20.0,0,0,10,3.700000000000003,
10880,2011,6.0,Auto%#,True,0.0,False,0.0,False,trulli,Italian,lotus_racing,18,13,0.0,0.0,18.0,0,0,10,,
10887,,6.0,monaco,True,0.0,False,0.0,False,alguersuari,Spanish,toro_rosso,19,20,0.0,0.0,16.0,6,0,7,4.200000000000003,21.0
10890,2011,6.0,monaco,True,0.0,False,0.0,,glock,German,virgin,20,,0.0,0.0,22.0,0,0,11,4.300000000000011,29.0
10882,2011,6.0,monaco,True,0.0,False,0.0,False,ambrosio,Belgian,virgin,,15,0.0,0.0,19.0,0,0,11,5.1000000000000085,25.0
10892,2011,7.0,villeneuve,False,0.0,False,,False,vettel,German,red_bull,1,2,143.0,5.0,1.0,222,5,1,0.0,23.0
10911,2011,7.0,villeneuve,False,0.0,False,1.0,False,alonso,Spanish,ferrari,2,22,69.0,0.0,5.0,93,0,3,0.2000000000000028,29.0
10896,2011,7.0,villeneuve,False,0.0,False,1.0,False,massa,Brazilian,ferrari,,6,24.0,0.0,8.0,93,0,3,0.2000000000000028,30.0
10893,2011,7.0,Auto%#,False,0.0,False,1.0,False,webber,Australian,red_bull,4,3,79.0,0.0,3.0,222,5,1,0.4000000000000057,34.0
10913,2011,7.0,villeneuve,False,0.0,False,1.0,False,hamilton,British,mclaren,5,24,85.0,1.0,2.0,161,1,2,0.5999999999999943,26.0
10900,2011,7.0,villeneuve,False,0.0,False,1.0,False,rosberg,German,mercedes,6,11,26.0,0.0,7.0,40,0,5,0.7999999999999972,25.0
10891,2011,7.0,villeneuve,False,0.0,False,1.0,False,button,British,mclaren,7,1,,0.0,4.0,161,1,2,0.7999999999999972,31.0
10894,2011,7.0,villeneuve,False,0.0,False,,False,michael_schumacher,German,,8,4,14.0,0.0,11.0,40,0,5,0.9000000000000057,42.0
10909,2011,7.0,villeneuve,False,0.0,False,1.0,False,heidfeld,German,renault,9,20,29.0,0.0,6.0,,0,4,1.0999999999999943,34.0
10895,2011,7.0,villeneuve,False,0.0,False,1.0,False,petrov,Russian,renault,10,5,21.0,0.0,9.0,50,0,4,1.0999999999999943,26.0
10907,2011,7.0,villeneuve,,0.0,False,1.0,False,resta,British,force_india,11,18,2.0,0.0,16.0,10,0,7,1.7999999999999972,25.0
10908,2011,7.0,villeneuve,False,0.0,False,1.0,False,maldonado,Venezuelan,williams,12,19,0.0,0.0,21.0,2,0,9,2.0,26.0
10897,2011,7.0,villeneuve,False,0.0,False,1.0,False,kobayashi,Japanese,sauber,13,7,19.0,0.0,10.0,21,0,6,2.299999999999997,24.0
10910,2011,7.0,villeneuve,False,0.0,False,1.0,Auto%#,sutil,German,force_india,14,21,8.0,0.0,12.0,10,0,7,2.299999999999997,28.0
10899,2011,7.0,villeneuve,False,0.0,False,1.0,False,buemi,Swiss,toro_rosso,15,10,7.0,0.0,13.0,7,0,Auto%#,2.299999999999997,22.0
10898,2011,7.0,villeneuve,False,0.0,False,1.0,False,barrichello,Brazilian,williams,16,9,2.0,0.0,14.0,2,0,9,2.4000000000000057,39.0
10901,2011,7.0,villeneuve,False,0.0,False,1.0,False,rosa,Spanish,sauber,17,12,0.0,0.0,0.0,21,0,6,2.5999999999999943,40.0
10906,2011,7.0,villeneuve,False,,False,1.0,False,trulli,Italian,Auto%#,18,17,0.0,0.0,18.0,0,0,10,3.700000000000003,36.0
10912,2011,7.0,villeneuve,False,0.0,False,1.0,False,kovalainen,Finnish,lotus_racing,19,23,0.0,0.0,19.0,0,0,10,3.799999999999997,29.0
10902,2011,7.0,villeneuve,False,0.0,False,1.0,False,liuzzi,Italian,hrt,20,13,0.0,0.0,23.0,0,0,12,5.400000000000006,30.0
10905,2011,7.0,villeneuve,False,0.0,False,1.0,False,glock,German,virgin,,16,0.0,0.0,22.0,0,0,11,5.5,29.0
10903,2011,7.0,villeneuve,False,0.0,False,1.0,,karthikeyan,Indian,hrt,22,14,0.0,0.0,24.0,0,0,12,5.599999999999994,34.0
10914,2011,8.0,,True,0.0,False,0.0,False,vettel,German,red_bull,1,Auto%#,161.0,5.0,1.0,255,5,1,0.0,23.0
10916,2011,8.0,valencia,True,0.0,False,0.0,False,webber,Australian,red_bull,2,3,94.0,0.0,3.0,255,5,1,0.2000000000000028,34.0
10917,2011,8.0,valencia,True,0.0,False,0.0,Auto%#,,British,mclaren,3,4,85.0,1.0,4.0,186,2,2,,26.0
10915,2011,8.0,valencia,True,0.0,False,0.0,False,alonso,Spanish,ferrari,4,2,69.0,0.0,5.0,101,0,3,0.5,29.0
10918,2011,8.0,valencia,True,0.0,False,0.0,False,massa,Brazilian,ferrari,5,5,32.0,0.0,6.0,101,0,3,0.5,30.0
10919,2011,8.0,valencia,True,0.0,False,0.0,False,button,British,mclaren,6,6,101.0,1.0,2.0,186,2,2,,31.0
10920,2011,8.0,valencia,True,0.0,False,0.0,False,rosberg,German,mercedes,7,7,26.0,0.0,10.0,52,0,5,1.2000000000000028,25.0
10930,2011,8.0,valencia,True,0.0,False,0.0,False,michael_schumacher,German,mercedes,8,17,26.0,0.0,9.0,52,0,5,1.2000000000000028,42.0
10928,2011,,valencia,True,0.0,False,0.0,False,petrov,Russian,renault,11,15,31.0,0.0,7.0,60,0,4,2.0999999999999943,26.0
10927,2011,8.0,valencia,True,0.0,False,,,resta,British,force_india,12,14,2.0,0.0,17.0,10,0,8,2.4000000000000057,25.0
10925,2011,8.0,valencia,True,0.0,False,0.0,False,barrichello,Brazilian,williams,13,12,,0.0,15.0,4,0,9,2.5,39.0
10929,2011,,valencia,True,0.0,False,0.0,False,kobayashi,Auto%#,sauber,14,16,25.0,0.0,11.0,27,0,6,2.5,24.0
10931,2011,8.0,valencia,True,0.0,False,0.0,False,maldonado,Venezuelan,williams,15,18,0.0,0.0,24.0,4,0,9,2.5999999999999943,26.0
10924,2011,8.0,valencia,True,0.0,False,0.0,False,perez,Mexican,sauber,16,11,2.0,0.0,16.0,27,0,6,2.700000000000003,21.0
10926,2011,,valencia,True,0.0,False,0.0,False,buemi,Swiss,toro_rosso,17,13,8.0,0.0,13.0,12,0,7,2.700000000000003,22.0
10921,2011,8.0,valencia,True,0.0,False,0.0,False,alguersuari,Spanish,toro_rosso,18,8,4.0,0.0,14.0,12,0,7,3.200000000000003,21.0
10932,2011,,valencia,True,0.0,False,0.0,False,kovalainen,Finnish,lotus_racing,19,Auto%#,0.0,0.0,22.0,0,0,10,4.700000000000003,29.0
10933,2011,8.0,valencia,True,0.0,False,,False,trulli,Italian,lotus_racing,20,20,0.0,0.0,19.0,0,0,10,5.200000000000003,36.0
10934,2011,8.0,valencia,True,0.0,False,0.0,False,glock,German,virgin,21,21,0.0,0.0,25.0,0,0,12,5.599999999999994,29.0
10936,2011,8.0,valencia,True,0.0,False,0.0,False,liuzzi,Italian,Auto%#,22,23,0.0,0.0,20.0,,0,11,6.599999999999994,30.0
10935,2011,,valencia,True,0.0,False,0.0,False,ambrosio,Belgian,virgin,23,22,0.0,0.0,21.0,0,0,12,6.700000000000003,
10937,2011,8.0,valencia,True,0.0,False,0.0,False,karthikeyan,Indian,hrt,24,24,0.0,0.0,23.0,0,0,11,7.400000000000006,34.0
10940,2011,9.0,silverstone,False,0.0,False,1.0,False,,Australian,red_bull,1,3,109.0,0.0,3.0,295,6,1,0.0,34.0
10939,2011,9.0,silverstone,False,0.0,False,1.0,False,vettel,German,red_bull,2,2,186.0,6.0,1.0,295,6,1,0.0,24.0
10938,2011,9.0,silverstone,False,0.0,False,1.0,Auto%#,alonso,Spanish,ferrari,3,1,87.0,0.0,5.0,129,0,3,0.0999999999999943,29.0
10942,2011,9.0,silverstone,False,0.0,False,1.0,False,massa,Brazilian,ferrari,4,,42.0,0.0,6.0,129,0,3,0.6999999999999886,30.0
10957,2011,,silverstone,False,0.0,False,1.0,False,button,British,,,20,109.0,1.0,2.0,206,2,2,1.5,31.0
10952,2011,9.0,silverstone,False,0.0,False,1.0,False,resta,British,force_india,6,15,2.0,0.0,17.0,12,0,8,1.5,25.0
10951,2011,9.0,silverstone,False,0.0,False,1.0,False,maldonado,Venezuelan,williams,7,14,0.0,0.0,24.0,,0,9,1.5,26.0
10959,2011,9.0,silverstone,False,0.0,False,1.0,False,kobayashi,Japanese,sauber,8,22,25.0,0.0,11.0,27,0,6,,24.0
10943,2011,9.0,silverstone,False,0.0,False,1.0,False,rosberg,German,mercedes,9,6,32.0,0.0,7.0,58,0,5,1.7999999999999972,26.0
10941,2011,9.0,Auto%#,False,0.0,False,1.0,False,hamilton,British,mclaren,10,4,97.0,1.0,4.0,206,2,2,2.0,26.0
10948,,9.0,silverstone,False,0.0,False,1.0,False,sutil,German,Auto%#,11,11,10.0,0.0,12.0,12,0,8,2.1999999999999886,28.0
10944,2011,9.0,silverstone,False,0.0,False,1.0,False,perez,Mexican,sauber,12,7,2.0,0.0,16.0,27,0,6,2.1999999999999886,21.0
10946,2011,9.0,Auto%#,False,0.0,False,1.0,False,michael_schumacher,German,mercedes,13,9,26.0,0.0,10.0,58,,5,2.299999999999997,42.0
10949,2011,9.0,silverstone,False,0.0,False,1.0,False,petrov,Russian,renault,14,12,31.0,0.0,8.0,61,0,4,2.299999999999997,26.0
10950,2011,9.0,silverstone,False,0.0,False,1.0,False,barrichello,Brazilian,williams,15,13,4.0,0.0,15.0,4,0,9,2.6999999999999886,39.0
10945,2011,9.0,silverstone,False,0.0,False,1.0,,heidfeld,Auto%#,renault,16,8,30.0,0.0,9.0,61,0,4,3.3999999999999915,34.0
10961,2011,9.0,silverstone,False,0.0,False,1.0,False,kovalainen,Finnish,Auto%#,17,24,0.0,0.0,22.0,0,0,10,4.399999999999992,29.0
10947,2011,9.0,silverstone,False,0.0,False,1.0,False,alguersuari,Spanish,toro_rosso,18,10,8.0,0.0,13.0,16,0,7,4.799999999999997,21.0
10958,2011,9.0,silverstone,False,0.0,False,1.0,False,buemi,Swiss,toro_rosso,19,21,8.0,0.0,14.0,16,0,7,,22.0
10953,2011,9.0,silverstone,False,0.0,False,1.0,Auto%#,glock,German,virgin,,16,0.0,0.0,25.0,0,0,12,5.799999999999997,29.0
10960,2011,9.0,silverstone,False,0.0,False,1.0,False,trulli,Italian,lotus_racing,21,23,0.0,0.0,19.0,0,0,10,6.099999999999994,36.0
10954,2011,9.0,silverstone,False,0.0,False,1.0,False,ambrosio,Belgian,virgin,22,17,0.0,0.0,21.0,0,0,12,6.799999999999997,25.0
10955,2011,9.0,silverstone,False,0.0,False,1.0,False,liuzzi,Italian,hrt,23,18,0.0,0.0,,0,0,11,7.099999999999994,30.0
10956,2011,,silverstone,False,0.0,False,1.0,False,ricciardo,Australian,hrt,24,19,,0.0,0.0,0,0,11,7.699999999999989,22.0
10964,2011,10.0,,False,0.0,False,1.0,False,webber,Australian,red_bull,1,3,124.0,0.0,2.0,328,6,1,0.0,34.0
10962,2011,10.0,nurburgring,False,0.0,False,1.0,False,hamilton,British,mclaren,2,1,109.0,1.0,4.0,218,2,2,0.0,26.0
10965,2011,10.0,nurburgring,False,0.0,False,1.0,False,vettel,German,red_bull,3,4,204.0,6.0,1.0,,6,1,0.1000000000000085,24.0
10963,2011,10.0,nurburgring,False,0.0,,1.0,False,alonso,Spanish,ferrari,4,2,112.0,,3.0,164,1,3,0.3000000000000113,29.0
10966,2011,10.0,nurburgring,False,0.0,,1.0,False,massa,Brazilian,ferrari,5,5,52.0,0.0,6.0,,1,,0.8000000000000114,30.0
10968,2011,10.0,nurburgring,False,0.0,False,,Auto%#,rosberg,German,mercedes,6,7,40.0,0.0,7.0,68,0,4,1.2000000000000028,26.0
10983,2011,10.0,nurburgring,False,0.0,False,1.0,False,button,British,mclaren,7,,109.0,,5.0,218,2,2,1.2000000000000028,31.0
10967,2011,10.0,nurburgring,False,0.0,,1.0,False,sutil,German,force_india,8,6,10.0,0.0,12.0,12,0,8,1.9000000000000057,28.0
10971,2011,10.0,nurburgring,False,0.0,False,1.0,False,petrov,Auto%#,renault,,10,31.0,0.0,9.0,65,0,5,2.1000000000000085,26.0
10969,2011,10.0,nurburgring,False,0.0,False,1.0,False,michael_schumacher,German,mercedes,Auto%#,8,28.0,0.0,10.0,68,0,4,2.4000000000000057,42.0
10985,2011,10.0,nurburgring,False,0.0,False,1.0,False,heidfeld,German,renault,11,24,34.0,0.0,8.0,65,0,5,2.1000000000000085,34.0
10974,2011,10.0,nurburgring,False,0.0,False,1.0,False,resta,Auto%#,force_india,12,13,2.0,0.0,17.0,,0,8,2.5,25.0
10975,2011,10.0,nurburgring,False,0.0,False,1.0,False,maldonado,Venezuelan,williams,13,14,0.0,0.0,23.0,4,0,9,2.5,26.0
10984,2011,10.0,nurburgring,False,0.0,False,1.0,False,barrichello,Auto%#,williams,14,23,4.0,0.0,16.0,4,0,9,2.9000000000000057,39.0
10972,2011,10.0,nurburgring,False,0.0,False,1.0,False,perez,Mexican,sauber,15,11,8.0,0.0,14.0,33,0,6,3.1000000000000085,21.0
10973,2011,10.0,nurburgring,False,0.0,False,1.0,False,alguersuari,Spanish,toro_rosso,16,12,9.0,0.0,13.0,17,0,7,3.6000000000000085,21.0
10970,2011,10.0,nurburgring,False,0.0,False,1.0,False,kobayashi,Japanese,sauber,17,9,25.0,0.0,11.0,33,0,6,3.700000000000003,24.0
10977,2011,10.0,nurburgring,False,0.0,False,1.0,False,kovalainen,Finnish,lotus_racing,18,16,,0.0,22.0,0,0,10,5.5,29.0
10978,2011,10.0,nurburgring,False,0.0,False,1.0,False,glock,German,virgin,19,17,0.0,0.0,25.0,0,0,12,6.300000000000011,29.0
10981,2011,10.0,nurburgring,False,0.0,False,1.0,False,chandhok,Indian,lotus_racing,20,20,0.0,0.0,0.0,0,0,10,6.300000000000011,27.0
10979,2011,10.0,nurburgring,False,0.0,False,1.0,False,ambrosio,Belgian,virgin,21,18,0.0,0.0,21.0,0,0,12,6.5,25.0
10980,2011,10.0,nurburgring,False,0.0,False,1.0,False,ricciardo,Australian,hrt,22,19,0.0,0.0,26.0,0,0,11,6.900000000000006,22.0
10982,2011,10.0,nurburgring,False,0.0,False,1.0,False,liuzzi,Italian,hrt,23,21,0.0,0.0,20.0,0,0,11,6.900000000000006,30.0
,2011,11.0,hungaroring,False,0.0,False,1.0,False,vettel,German,red_bull,1,2,216.0,6.0,1.0,355,6,1,,24.0
10989,2011,11.0,,False,0.0,,1.0,False,hamilton,,mclaren,2,4,134.0,2.0,,243,3,2,0.2000000000000028,26.0
10986,2011,11.0,hungaroring,False,0.0,False,1.0,False,button,British,mclaren,3,1,109.0,1.0,5.0,243,3,2,0.2000000000000028,31.0
10991,2011,11.0,hungaroring,False,0.0,False,1.0,False,massa,Brazilian,ferrari,4,6,62.0,0.0,6.0,192,1,3,0.6000000000000085,30.0
10988,2011,11.0,hungaroring,False,0.0,False,1.0,False,alonso,Spanish,ferrari,5,3,130.0,1.0,4.0,192,,3,0.6000000000000085,30.0
10990,2011,11.0,hungaroring,False,0.0,False,1.0,False,webber,Australian,red_bull,6,5,139.0,,2.0,355,6,1,0.7000000000000028,34.0
10994,2011,11.0,hungaroring,False,0.0,False,1.0,False,rosberg,German,mercedes,7,9,46.0,0.0,7.0,78,0,4,1.2999999999999972,26.0
10999,2011,11.0,hungaroring,False,0.0,False,1.0,False,sutil,German,force_india,8,14,18.0,0.0,12.0,20,0,7,1.6000000000000083,28.0
11007,2011,11.0,,False,0.0,False,1.0,False,michael_schumacher,German,mercedes,9,22,32.0,0.0,10.0,78,0,4,2.1000000000000085,42.0
10992,2011,11.0,hungaroring,False,0.0,False,1.0,False,resta,British,force_india,11,7,2.0,0.0,17.0,20,0,7,2.5,25.0
10997,,11.0,hungaroring,False,0.0,False,1.0,False,petrov,Russian,renault,12,12,32.0,0.0,9.0,66,0,5,2.5,26.0
10996,2011,11.0,hungaroring,False,0.0,False,1.0,False,kobayashi,Japanese,sauber,,Auto%#,27.0,0.0,11.0,35,0,6,2.6000000000000085,24.0
11008,2011,11.0,hungaroring,False,0.0,False,1.0,False,heidfeld,German,renault,,23,34.0,0.0,8.0,66,0,5,2.700000000000003,34.0
10998,2011,11.0,hungaroring,False,0.0,False,1.0,False,barrichello,Brazilian,williams,15,13,4.0,0.0,16.0,4,0,9,2.9000000000000057,39.0
10995,,11.0,hungaroring,False,0.0,False,1.0,False,alguersuari,Spanish,toro_rosso,,10,9.0,0.0,13.0,17,0,8,3.200000000000003,21.0
11006,2011,11.0,hungaroring,False,0.0,False,1.0,False,kovalainen,Finnish,lotus_racing,18,21,0.0,0.0,23.0,0,0,10,4.6000000000000085,29.0
11009,2011,11.0,hungaroring,False,0.0,False,1.0,False,trulli,Italian,lotus_racing,19,24,0.0,0.0,19.0,0,0,,4.700000000000003,37.0
11002,2011,11.0,hungaroring,False,0.0,False,1.0,False,glock,German,virgin,20,17,0.0,0.0,24.0,0,0,12,6.5,29.0
11005,2011,11.0,hungaroring,False,0.0,False,1.0,False,liuzzi,Italian,hrt,,20,0.0,0.0,20.0,0,0,11,6.5,30.0
11003,2011,11.0,hungaroring,False,0.0,False,,False,ricciardo,Australian,hrt,22,18,,0.0,26.0,0,0,11,6.700000000000003,22.0
10993,2011,11.0,hungaroring,False,0.0,False,1.0,False,buemi,Swiss,toro_rosso,23,8,8.0,0.0,15.0,17,0,8,4.299999999999997,22.0
11004,2011,11.0,,False,0.0,False,1.0,False,ambrosio,Belgian,virgin,24,19,0.0,0.0,22.0,0,0,12,6.700000000000003,25.0
11010,2011,12.0,spa,False,0.0,True,0.0,Auto%#,vettel,German,red_bull,1,1,234.0,6.0,1.0,383,6,1,0.0,24.0
11031,2011,12.0,spa,False,0.0,True,0.0,False,hamilton,British,mclaren,2,22,146.0,2.0,3.0,280,4,2,0.4000000000000057,26.0
11011,2011,12.0,spa,False,0.0,True,0.0,False,webber,Auto%#,red_bull,3,2,149.0,0.0,2.0,383,6,1,1.1000000000000083,35.0
11017,2011,12.0,spa,False,0.0,True,0.0,False,massa,Brazilian,ferrari,4,8,70.0,0.0,6.0,215,1,3,2.0,30.0
11015,2011,12.0,spa,False,0.0,True,0.0,False,rosberg,German,mercedes,5,6,48.0,0.0,,80,0,4,2.299999999999997,26.0
11033,2011,12.0,spa,False,0.0,True,0.0,False,alguersuari,Spanish,toro_rosso,6,24,10.0,0.0,14.0,22,0,8,2.5,21.0
11022,2011,12.0,spa,False,0.0,True,0.0,False,bruno_senna,Brazilian,renault,7,13,0.0,0.0,0.0,66,0,5,2.799999999999997,27.0
11013,2011,12.0,spa,False,0.0,True,0.0,,alonso,Spanish,ferrari,8,4,145.0,1.0,4.0,215,1,3,3.0,30.0
11029,2011,12.0,spa,False,0.0,True,0.0,False,perez,Mexican,sauber,9,,8.0,0.0,15.0,35,0,6,3.1000000000000085,21.0
11018,2011,12.0,spa,,0.0,True,0.0,False,petrov,Russian,renault,10,9,32.0,0.0,9.0,66,0,5,4.0,26.0
11032,2011,12.0,spa,False,0.0,True,0.0,False,buemi,Swiss,toro_rosso,11,23,12.0,0.0,13.0,22,0,8,16.400000000000006,22.0
11021,2011,12.0,spa,False,0.0,True,0.0,False,kobayashi,Japanese,sauber,12,,27.0,0.0,11.0,35,0,6,16.5,24.0
11012,2011,12.0,spa,False,0.0,True,0.0,False,button,British,mclaren,13,3,134.0,2.0,5.0,280,4,2,16.900000000000006,31.0
11025,2011,12.0,spa,False,0.0,True,0.0,False,barrichello,Brazilian,williams,14,16,4.0,0.0,17.0,4,0,9,19.0,39.0
11016,2011,12.0,spa,False,0.0,True,0.0,False,sutil,German,,15,7,18.0,0.0,12.0,26,0,7,19.5,28.0
11024,2011,12.0,spa,False,0.0,True,0.0,Auto%#,kovalainen,Finnish,lotus_racing,16,15,0.0,0.0,23.0,0,0,10,20.10000000000001,29.0
11020,2011,12.0,spa,False,0.0,True,0.0,False,resta,British,force_india,,11,8.0,,16.0,26,0,7,19.5,25.0
11023,2011,12.0,spa,False,0.0,True,0.0,False,trulli,Italian,lotus_racing,18,14,0.0,0.0,19.0,0,0,10,20.50000000000001,37.0
11027,2011,12.0,spa,False,0.0,True,0.0,False,glock,German,virgin,19,18,,0.0,24.0,0,0,12,21.3,29.0
11026,2011,12.0,spa,False,0.0,True,0.0,False,ambrosio,Belgian,virgin,20,17,0.0,0.0,22.0,0,0,12,23.3,25.0
11019,2011,12.0,spa,False,0.0,True,0.0,,maldonado,Venezuelan,williams,21,10,0.0,0.0,21.0,4,0,9,19.8,26.0
11028,2011,12.0,spa,False,0.0,True,0.0,False,liuzzi,Italian,,22,19,0.0,,,0,0,11,23.3,31.0
11030,2011,12.0,spa,False,0.0,True,0.0,False,ricciardo,Australian,hrt,23,21,0.0,0.0,26.0,0,0,Auto%#,24.8,22.0
11034,2011,13.0,monza,True,0.0,False,0.0,False,vettel,German,red_bull,1,1,259.0,7.0,1.0,426,7,1,0.0,24.0
11037,2011,13.0,monza,True,0.0,False,0.0,False,hamilton,British,,2,4,146.0,2.0,5.0,295,4,2,0.4000000000000057,26.0
11035,2011,13.0,monza,True,0.0,False,0.0,False,button,British,mclaren,3,2,149.0,2.0,4.0,295,4,2,0.5,31.0
11036,2011,13.0,monza,True,0.0,False,0.0,False,alonso,Spanish,ferrari,4,3,157.0,1.0,3.0,231,1,3,0.5,30.0
11053,2011,13.0,monza,True,0.0,False,0.0,False,webber,Australian,red_bull,5,20,167.0,0.0,2.0,426,7,1,0.7000000000000028,35.0
11039,2011,13.0,monza,True,0.0,False,0.0,False,massa,Brazilian,ferrari,6,6,74.0,0.0,6.0,231,1,3,0.9000000000000057,30.0
11055,2011,13.0,monza,True,0.0,False,0.0,False,petrov,Russian,renault,7,22,34.0,0.0,9.0,68,0,5,1.2000000000000028,27.0
11038,2011,13.0,monza,True,0.0,False,0.0,False,michael_schumacher,German,mercedes,8,5,42.0,0.0,8.0,98,0,4,1.5,42.0
11056,2011,13.0,monza,True,0.0,False,0.0,False,rosberg,German,mercedes,9,23,56.0,0.0,7.0,98,0,4,2.200000000000003,26.0
11041,2011,13.0,monza,True,0.0,False,0.0,False,resta,British,force_india,11,8,8.0,0.0,16.0,32,0,7,1.9000000000000057,25.0
11052,2011,13.0,monza,True,0.0,False,0.0,False,sutil,German,force_india,12,19,24.0,0.0,12.0,32,0,7,1.9000000000000057,28.0
,2011,13.0,monza,True,0.0,False,0.0,False,barrichello,,williams,13,12,4.0,0.0,17.0,5,0,9,2.299999999999997,39.0
11044,2011,,monza,True,,False,0.0,False,maldonado,Venezuelan,williams,14,11,1.0,0.0,18.0,5,0,9,2.4000000000000057,26.0
11050,2011,13.0,monza,True,0.0,False,0.0,False,perez,Mexican,sauber,15,17,8.0,0.0,15.0,35,0,6,2.5,21.0
11043,2011,13.0,monza,True,0.0,False,0.0,False,buemi,Swiss,toro_rosso,16,10,12.0,0.0,13.0,22,0,8,2.6000000000000085,22.0
11051,2011,13.0,monza,True,0.0,False,0.0,False,kobayashi,Japanese,sauber,17,18,27.0,0.0,11.0,35,0,6,2.799999999999997,24.0
11040,2011,13.0,monza,True,0.0,False,0.0,False,alguersuari,Spanish,toro_rosso,18,7,10.0,0.0,14.0,22,0,8,3.0,21.0
11047,2011,,monza,True,0.0,False,,False,trulli,Italian,lotus_racing,19,14,0.0,0.0,20.0,0,0,,4.299999999999997,37.0
11046,2011,13.0,monza,True,0.0,False,0.0,False,kovalainen,Finnish,lotus_racing,20,13,0.0,0.0,24.0,0,0,10,,29.0
11048,2011,13.0,monza,True,0.0,False,0.0,False,glock,German,virgin,,15,0.0,0.0,,0,0,12,5.299999999999997,29.0
11054,2011,13.0,monza,True,0.0,False,0.0,False,ambrosio,Belgian,virgin,22,21,,0.0,23.0,0,0,12,5.299999999999997,25.0
11049,2011,13.0,monza,True,,False,0.0,False,ricciardo,Australian,hrt,23,16,0.0,0.0,27.0,0,0,Auto%#,5.799999999999997,22.0
11057,2011,13.0,monza,True,0.0,False,0.0,,liuzzi,Italian,hrt,24,24,0.0,0.0,21.0,0,0,11,5.900000000000006,31.0
11058,2011,14.0,marina_bay,True,0.0,Auto%#,0.0,False,vettel,German,red_bull,1,1,284.0,8.0,1.0,451,8,1,0.0,24.0
11060,2011,14.0,marina_bay,True,0.0,False,0.0,False,webber,Australian,red_bull,2,3,167.0,0.0,4.0,451,8,1,0.2999999999999971,35.0
11059,2011,14.0,marina_bay,True,0.0,False,0.0,False,button,British,mclaren,3,2,167.0,2.0,3.0,325,4,2,0.3999999999999915,31.0
11062,2011,14.0,marina_bay,True,,False,0.0,False,hamilton,Auto%#,mclaren,4,5,158.0,2.0,5.0,325,4,2,0.3999999999999915,26.0
11061,2011,14.0,marina_bay,True,0.0,False,,False,alonso,Spanish,ferrari,5,4,172.0,1.0,2.0,254,1,3,0.5,30.0
11066,2011,14.0,marina_bay,True,0.0,False,0.0,False,massa,Brazilian,ferrari,6,9,82.0,0.0,6.0,254,1,3,1.3999999999999917,30.0
11064,2011,14.0,marina_bay,True,0.0,False,0.0,False,rosberg,German,mercedes,7,7,56.0,0.0,7.0,108,0,,1.5999999999999943,26.0
11067,2011,14.0,marina_bay,True,0.0,False,0.0,False,perez,Mexican,sauber,11,10,,0.0,16.0,35,0,7,3.1999999999999886,21.0
11070,2011,14.0,marina_bay,True,0.0,False,0.0,False,barrichello,Brazilian,williams,12,13,4.0,0.0,17.0,5,0,,3.6999999999999886,39.0
11068,2011,14.0,marina_bay,True,0.0,False,0.0,False,maldonado,Venezuelan,williams,13,11,1.0,0.0,,5,0,9,3.899999999999992,26.0
11069,2011,14.0,marina_bay,True,0.0,False,0.0,False,buemi,Swiss,toro_rosso,14,12,13.0,0.0,14.0,29,0,8,4.199999999999989,22.0
11072,2011,14.0,marina_bay,True,0.0,False,,False,bruno_senna,Brazilian,renault,Auto%#,15,2.0,0.0,18.0,70,0,5,4.299999999999997,27.0
11078,2011,14.0,marina_bay,True,0.0,False,0.0,False,alguersuari,Spanish,toro_rosso,16,21,16.0,0.0,13.0,29,0,8,5.5,21.0
11074,2011,14.0,marina_bay,True,0.0,False,0.0,False,petrov,Russian,renault,18,17,34.0,0.0,9.0,70,0,5,5.399999999999992,27.0
11073,2011,14.0,marina_bay,True,0.0,False,0.0,False,kovalainen,Finnish,lotus_racing,19,Auto%#,0.0,0.0,22.0,0,0,10,6.5,29.0
11079,2011,14.0,marina_bay,True,0.0,False,,False,trulli,Italian,lotus_racing,20,22,0.0,0.0,21.0,0,0,10,6.599999999999994,37.0
11081,2011,14.0,marina_bay,True,0.0,,0.0,False,glock,German,virgin,21,24,0.0,0.0,25.0,0,0,12,7.799999999999997,29.0
11075,2011,14.0,marina_bay,True,0.0,False,0.0,False,ambrosio,Auto%#,virgin,Auto%#,18,0.0,0.0,24.0,0,0,12,8.0,25.0
,2011,14.0,marina_bay,True,0.0,,0.0,False,ricciardo,Australian,Auto%#,Auto%#,19,0.0,,27.0,0,0,11,8.0,22.0
,2011,14.0,marina_bay,True,0.0,False,0.0,False,liuzzi,Italian,hrt,24,20,0.0,0.0,23.0,0,0,11,8.399999999999991,31.0
11084,2011,15.0,suzuka,True,0.0,True,0.0,Auto%#,vettel,German,red_bull,1,3,309.0,9.0,1.0,491,9,1,0.0,24.0
11082,2011,15.0,suzuka,True,0.0,True,0.0,False,button,British,mclaren,2,1,185.0,2.0,2.0,353,4,2,0.0,31.0
11086,2011,15.0,suzuka,True,0.0,True,0.0,False,hamilton,British,mclaren,3,5,168.0,2.0,5.0,353,4,2,0.0999999999999943,26.0
11088,2011,15.0,suzuka,True,0.0,True,0.0,False,massa,Brazilian,ferrari,4,7,84.0,0.0,6.0,268,1,,0.2999999999999971,30.0
11083,2011,15.0,suzuka,True,0.0,True,0.0,False,alonso,Spanish,ferrari,5,2,184.0,1.0,3.0,268,1,3,0.4000000000000057,30.0
11085,2011,15.0,suzuka,True,0.0,True,0.0,False,webber,Australian,red_bull,6,4,182.0,0.0,4.0,491,9,1,0.7000000000000028,35.0
11092,2011,15.0,suzuka,True,0.0,True,0.0,False,sutil,German,force_india,11,11,28.0,0.0,11.0,48,0,6,2.0,
11093,2011,15.0,suzuka,True,0.0,True,0.0,False,resta,British,force_india,12,12,20.0,0.0,13.0,48,0,6,2.200000000000003,25.0
11098,2011,15.0,suzuka,True,0.0,True,0.0,False,barrichello,Brazilian,williams,13,17,4.0,0.0,17.0,5,0,9,2.5999999999999943,39.0
11095,2011,15.0,suzuka,True,0.0,True,0.0,False,maldonado,Venezuelan,williams,14,14,1.0,0.0,19.0,5,0,9,2.700000000000003,26.0
11105,2011,15.0,suzuka,True,0.0,True,0.0,False,buemi,Swiss,,15,24,13.0,0.0,15.0,29,0,8,2.700000000000003,22.0
11096,2011,15.0,suzuka,True,0.0,True,0.0,False,alguersuari,Spanish,toro_rosso,16,15,16.0,0.0,14.0,29,0,8,2.9000000000000057,
11099,2011,15.0,suzuka,True,0.0,True,0.0,False,kovalainen,Finnish,lotus_racing,18,18,0.0,0.0,22.0,0,0,10,5.0,29.0
11100,2011,15.0,suzuka,True,,True,0.0,False,,Italian,,19,19,0.0,0.0,,0,0,10,5.0,37.0
11102,2011,15.0,suzuka,True,0.0,True,0.0,False,ambrosio,Belgian,virgin,20,21,0.0,0.0,24.0,0,0,12,5.900000000000006,25.0
11101,2011,15.0,suzuka,True,,,0.0,False,glock,German,,21,20,0.0,0.0,25.0,0,0,12,6.0,29.0
11103,,15.0,suzuka,True,0.0,True,0.0,,ricciardo,Australian,hrt,22,22,0.0,0.0,27.0,0,0,11,7.299999999999997,22.0
11107,2011,16.0,yeongam,False,0.0,False,1.0,False,hamilton,British,mclaren,1,2,178.0,2.0,5.0,388,5,2,0.0,26.0
11106,2011,16.0,yeongam,,0.0,False,1.0,False,vettel,German,red_bull,2,1,324.0,9.0,1.0,518,9,1,0.2000000000000028,24.0
11109,2011,16.0,yeongam,False,0.0,False,,False,button,British,mclaren,3,4,210.0,3.0,2.0,388,5,2,0.2999999999999971,31.0
11108,2011,16.0,yeongam,False,0.0,False,1.0,False,webber,Australian,red_bull,4,3,194.0,0.0,4.0,518,9,1,0.7000000000000028,35.0
11111,2011,16.0,yeongam,False,0.0,False,1.0,False,massa,Brazilian,ferrari,5,6,,0.0,6.0,292,1,3,1.0,30.0
11110,2011,16.0,yeongam,False,,False,1.0,False,alonso,Spanish,ferrari,6,5,202.0,1.0,3.0,292,1,,1.2000000000000028,30.0
11113,2011,16.0,yeongam,False,0.0,False,1.0,False,rosberg,German,mercedes,7,8,63.0,0.0,7.0,123,0,4,2.0,26.0
11128,2011,16.0,yeongam,False,0.0,False,1.0,False,petrov,Russian,renault,Auto%#,23,,0.0,9.0,72,,5,2.299999999999997,27.0
11112,2011,16.0,yeongam,False,0.0,False,1.0,False,alguersuari,Spanish,toro_rosso,11,7,16.0,0.0,14.0,29,0,8,2.5,21.0
11129,2011,16.0,yeongam,False,0.0,,1.0,False,michael_schumacher,German,mercedes,12,24,60.0,0.0,,123,0,4,2.6000000000000085,
11114,2011,16.0,yeongam,False,0.0,False,1.0,False,buemi,Swiss,toro_rosso,13,,13.0,0.0,16.0,29,0,8,2.700000000000003,22.0
11120,2011,16.0,yeongam,,0.0,False,1.0,False,kobayashi,Japanese,sauber,14,15,27.0,0.0,12.0,40,0,7,3.0,25.0
11118,2011,16.0,Auto%#,,0.0,False,1.0,False,bruno_senna,Brazilian,renault,15,Auto%#,2.0,0.0,18.0,72,0,5,3.0,28.0
11127,2011,16.0,yeongam,False,0.0,False,1.0,False,maldonado,Venezuelan,,16,22,1.0,0.0,19.0,5,0,9,3.4000000000000057,26.0
11121,2011,16.0,yeongam,False,0.0,False,1.0,False,,Mexican,sauber,17,16,13.0,0.0,,40,0,7,3.6000000000000085,21.0
11117,2011,16.0,yeongam,False,0.0,False,1.0,False,barrichello,Brazilian,williams,,12,4.0,0.0,17.0,5,0,9,3.700000000000003,39.0
11119,2011,16.0,yeongam,False,0.0,False,1.0,False,kovalainen,Finnish,lotus_racing,19,14,,0.0,22.0,,0,10,4.700000000000003,29.0
11122,2011,16.0,yeongam,False,0.0,False,1.0,False,trulli,Italian,lotus_racing,20,17,0.0,0.0,21.0,0,0,10,5.299999999999997,37.0
11123,2011,16.0,yeongam,False,0.0,False,1.0,False,glock,German,virgin,21,18,0.0,0.0,25.0,0,0,12,6.299999999999997,29.0
11125,2011,16.0,Auto%#,False,0.0,False,1.0,False,ambrosio,Belgian,virgin,22,20,0.0,0.0,24.0,0,0,12,7.700000000000003,25.0
11126,2011,16.0,,False,0.0,False,1.0,False,liuzzi,Italian,hrt,23,21,0.0,0.0,23.0,0,0,11,8.0,31.0
11130,2011,17.0,buddh,True,,True,0.0,False,vettel,German,red_bull,1,1,349.0,10.0,1.0,558,10,1,0.0,24.0
11133,2011,17.0,buddh,True,0.0,True,0.0,False,webber,Australian,red_bull,2,4,209.0,0.0,4.0,558,10,1,0.2999999999999971,35.0
,2011,17.0,buddh,True,0.0,True,0.0,False,alonso,Spanish,ferrari,3,Auto%#,212.0,1.0,3.0,310,1,3,0.2999999999999971,30.0
11131,2011,17.0,buddh,True,0.0,True,0.0,False,button,Auto%#,mclaren,4,2,222.0,3.0,2.0,418,5,2,0.7999999999999972,31.0
11136,2011,17.0,buddh,True,0.0,True,0.0,False,hamilton,,mclaren,5,7,196.0,2.0,5.0,418,5,2,0.2999999999999971,26.0
11149,2011,17.0,buddh,True,0.0,True,0.0,False,massa,Brazilian,Auto%#,6,20,98.0,0.0,6.0,310,1,,0.8999999999999915,30.0
11135,2011,17.0,buddh,True,0.0,True,0.0,False,rosberg,German,mercedes,7,6,67.0,0.0,7.0,127,0,4,1.2999999999999972,26.0
11134,2011,17.0,buddh,True,0.0,True,0.0,False,michael_schumacher,German,mercedes,11,5,,0.0,8.0,127,0,4,2.0999999999999943,42.0
11142,2011,17.0,buddh,True,0.0,True,0.0,False,resta,British,force_india,12,13,21.0,0.0,14.0,49,0,6,2.299999999999997,25.0
11151,2011,17.0,buddh,True,,True,0.0,False,maldonado,Venezuelan,williams,13,22,1.0,0.0,,5,0,9,2.299999999999997,
11141,2011,17.0,buddh,True,0.0,True,0.0,False,bruno_senna,Brazilian,renault,14,12,2.0,0.0,18.0,72,0,5,2.5,28.0
11144,2011,17.0,buddh,True,0.0,True,0.0,False,,Brazilian,williams,15,15,4.0,0.0,17.0,5,0,9,3.0,39.0
11140,2011,17.0,buddh,True,0.0,True,0.0,False,petrov,Russian,renault,16,11,36.0,0.0,9.0,72,0,5,2.0999999999999943,27.0
11153,2011,17.0,buddh,True,0.0,True,0.0,False,,Japanese,sauber,17,24,27.0,0.0,12.0,40,0,7,3.700000000000003,25.0
11143,2011,,buddh,True,0.0,True,0.0,False,kovalainen,Finnish,lotus_racing,18,14,0.0,0.0,22.0,0,0,10,4.399999999999992,30.0
,2011,17.0,,True,0.0,True,0.0,False,trulli,Italian,lotus_racing,19,19,0.0,0.0,21.0,0,0,10,4.599999999999994,37.0
11139,2011,17.0,buddh,True,0.0,True,0.0,False,perez,Mexican,sauber,20,10,13.0,0.0,16.0,40,0,7,3.3999999999999915,21.0
11145,2011,17.0,buddh,True,0.0,True,,False,ambrosio,Belgian,virgin,21,,0.0,0.0,24.0,0,0,12,6.700000000000003,25.0
11152,2011,17.0,buddh,True,0.0,True,0.0,False,glock,German,virgin,22,23,0.0,0.0,25.0,0,0,12,9.799999999999995,29.0
11147,2011,17.0,buddh,True,0.0,True,0.0,False,ricciardo,Australian,hrt,,18,0.0,0.0,27.0,0,0,11,6.0,22.0
11146,2011,17.0,buddh,True,0.0,True,0.0,False,karthikeyan,Indian,hrt,24,17,0.0,0.0,26.0,0,0,11,6.0,34.0
11177,2011,18.0,yas_marina,True,0.0,True,0.0,False,vettel,German,red_bull,1,24,374.0,11.0,1.0,595,11,1,0.0,
11154,2011,18.0,yas_marina,True,0.0,True,0.0,False,hamilton,British,mclaren,2,1,202.0,2.0,5.0,442,5,2,0.0999999999999943,26.0
11156,2011,18.0,yas_marina,True,0.0,True,0.0,False,button,British,mclaren,3,3,240.0,3.0,2.0,442,5,2,0.0999999999999943,31.0
11157,2011,18.0,yas_marina,True,0.0,True,0.0,False,webber,Australian,,4,4,221.0,0.0,4.0,595,11,1,0.4000000000000057,35.0
11155,2011,18.0,yas_marina,True,0.0,True,0.0,False,alonso,Spanish,,5,2,227.0,1.0,3.0,325,1,3,0.5999999999999943,30.0
11158,2011,18.0,,True,0.0,True,0.0,False,,Brazilian,ferrari,6,5,98.0,0.0,6.0,325,1,3,1.2000000000000028,30.0
11159,2011,18.0,yas_marina,True,0.0,True,0.0,False,,German,mercedes,7,6,75.0,0.0,7.0,145,0,4,1.2999999999999972,26.0
11160,2011,18.0,,True,0.0,True,0.0,False,michael_schumacher,Auto%#,mercedes,8,7,70.0,0.0,8.0,145,0,,2.200000000000003,42.0
11161,2011,18.0,,True,0.0,True,0.0,False,sutil,German,force_india,9,8,,0.0,11.0,51,0,6,2.299999999999997,28.0
11164,2011,18.0,yas_marina,True,0.0,Auto%#,0.0,False,perez,Mexican,sauber,11,11,14.0,0.0,16.0,41,0,7,2.4000000000000057,21.0
11166,2011,18.0,yas_marina,True,0.0,True,0.0,False,petrov,Russian,renault,12,13,36.0,0.0,9.0,72,0,5,2.4000000000000057,27.0
11175,2011,18.0,yas_marina,True,0.0,True,0.0,False,buemi,Swiss,toro_rosso,13,22,15.0,0.0,15.0,41,0,8,2.5,23.0
11169,2011,18.0,yas_marina,True,0.0,True,0.0,False,bruno_senna,Brazilian,renault,14,16,2.0,0.0,18.0,72,0,5,2.5999999999999943,28.0
11168,2011,18.0,yas_marina,True,0.0,True,0.0,False,alguersuari,Spanish,toro_rosso,15,,26.0,0.0,13.0,,0,,2.700000000000003,21.0
11163,2011,18.0,yas_marina,True,0.0,True,0.0,False,kobayashi,Japanese,sauber,16,10,27.0,0.0,12.0,41,0,7,2.700000000000003,25.0
11170,2011,18.0,yas_marina,True,0.0,True,0.0,False,kovalainen,Finnish,lotus_racing,17,17,0.0,0.0,22.0,0,0,10,4.5,30.0
11171,2011,18.0,yas_marina,True,0.0,True,0.0,False,trulli,Italian,lotus_racing,18,18,0.0,0.0,21.0,0,0,10,5.400000000000006,37.0
11172,2011,18.0,,True,0.0,True,0.0,False,glock,German,virgin,19,19,0.0,0.0,25.0,0,0,12,6.0,29.0
11174,2011,18.0,yas_marina,True,0.0,True,0.0,False,ricciardo,Australian,hrt,20,21,0.0,0.0,27.0,0,0,11,6.099999999999994,22.0
11176,2011,,yas_marina,True,0.0,True,0.0,False,ambrosio,Belgian,,21,23,0.0,0.0,24.0,0,0,Auto%#,6.200000000000003,25.0
11173,2011,18.0,yas_marina,True,0.0,True,0.0,False,liuzzi,Italian,hrt,22,,0.0,0.0,23.0,0,0,11,6.700000000000003,31.0
11167,2011,18.0,yas_marina,True,0.0,True,0.0,False,maldonado,Venezuelan,williams,23,14,1.0,0.0,19.0,5,0,9,3.299999999999997,26.0
11179,2011,,interlagos,True,,False,0.0,,vettel,German,red_bull,1,2,374.0,11.0,1.0,607,,1,0.0,24.0
11178,2011,19.0,interlagos,True,0.0,False,0.0,False,webber,Australian,red_bull,2,1,233.0,0.0,4.0,607,11,1,0.1999999999999886,35.0
11180,2011,19.0,interlagos,True,0.0,False,0.0,False,,British,mclaren,3,3,255.0,3.0,2.0,482,6,2,0.3999999999999915,31.0
11199,2011,19.0,interlagos,True,0.0,False,0.0,False,hamilton,British,mclaren,4,22,,3.0,5.0,482,6,2,0.5999999999999943,26.0
11181,2011,19.0,interlagos,,,False,,False,alonso,Spanish,ferrari,5,4,245.0,1.0,3.0,,1,3,0.6999999999999886,30.0
11184,2011,19.0,interlagos,True,0.0,False,0.0,False,rosberg,,mercedes,6,7,83.0,0.0,7.0,159,0,4,1.0999999999999943,26.0
11182,2011,19.0,interlagos,True,0.0,False,0.0,False,massa,Brazilian,ferrari,7,5,108.0,0.0,6.0,353,1,3,1.1999999999999886,30.0
11183,2011,19.0,interlagos,True,0.0,False,0.0,False,sutil,German,force_india,8,6,34.0,0.0,11.0,57,0,6,1.3999999999999917,28.0
11194,2011,19.0,interlagos,True,0.0,False,0.0,False,bruno_senna,Brazilian,renault,9,17,2.0,0.0,18.0,72,0,5,1.8999999999999917,28.0
11185,2011,19.0,interlagos,True,0.0,False,0.0,False,resta,Auto%#,force_india,11,8,23.0,0.0,14.0,57,0,6,1.6999999999999886,25.0
11191,2011,19.0,,True,0.0,False,0.0,,barrichello,Brazilian,williams,12,14,4.0,0.0,17.0,5,0,9,1.8999999999999917,39.0
11188,2011,19.0,interlagos,True,0.0,False,0.0,False,alguersuari,Spanish,toro_rosso,13,11,,0.0,13.0,41,0,8,1.8999999999999917,21.0
11189,2011,19.0,interlagos,True,0.0,False,0.0,False,buemi,Swiss,toro_rosso,14,12,15.0,0.0,15.0,41,0,8,2.0,23.0
11187,2011,19.0,interlagos,True,0.0,False,0.0,False,petrov,Russian,renault,15,10,36.0,0.0,9.0,72,0,,2.1999999999999886,27.0
11186,2011,19.0,interlagos,True,0.0,False,0.0,False,kobayashi,Japanese,sauber,16,9,28.0,0.0,12.0,42,0,7,2.1999999999999886,25.0
11190,2011,19.0,interlagos,True,0.0,False,0.0,False,perez,Mexican,sauber,17,13,14.0,0.0,16.0,42,0,7,2.299999999999997,
11200,2011,19.0,interlagos,True,0.0,Auto%#,0.0,False,maldonado,Venezuelan,williams,18,23,1.0,0.0,19.0,5,0,9,2.6999999999999886,26.0
11193,2011,19.0,interlagos,True,0.0,False,0.0,False,kovalainen,Finnish,lotus_racing,19,16,,0.0,22.0,,0,10,3.1999999999999886,30.0
11195,2011,19.0,interlagos,True,0.0,False,0.0,,trulli,Italian,lotus_racing,20,18,0.0,0.0,21.0,0,0,10,3.5,
11198,2011,19.0,interlagos,True,0.0,Auto%#,0.0,False,liuzzi,Italian,hrt,21,21,0.0,,23.0,0,0,11,4.699999999999989,31.0
11197,2011,19.0,interlagos,True,0.0,False,0.0,False,ricciardo,Australian,hrt,22,20,0.0,0.0,27.0,0,0,11,5.0,22.0
11196,2011,19.0,interlagos,True,0.0,False,0.0,False,ambrosio,Belgian,virgin,,Auto%#,0.0,0.0,24.0,0,0,12,5.099999999999994,25.0
11201,2011,19.0,,True,0.0,False,0.0,False,glock,German,virgin,Auto%#,24,0.0,0.0,25.0,0,0,12,5.199999999999989,29.0
,2012,1.0,albert_park,False,0.0,False,0.0,False,hamilton,British,mclaren,1,3,0.0,0.0,0.0,0,0,0,0.0,27.0
11202,2012,1.0,albert_park,False,0.0,False,0.0,False,button,British,mclaren,2,1,0.0,0.0,0.0,0,0,0,0.1999999999999886,32.0
11222,2012,1.0,Auto%#,False,,False,0.0,False,grosjean,French,lotus_f1,3,21,,0.0,0.0,0,0,0,0.3999999999999915,25.0
11221,2012,1.0,Auto%#,False,0.0,False,0.0,False,michael_schumacher,German,Auto%#,4,20,0.0,0.0,0.0,0,0,0,0.3999999999999915,43.0
11205,2012,1.0,albert_park,,0.0,False,0.0,False,webber,Australian,red_bull,5,4,0.0,0.0,0.0,0,0,0,0.7999999999999972,35.0
11203,2012,1.0,albert_park,False,0.0,False,0.0,False,vettel,German,red_bull,6,2,0.0,0.0,0.0,0,0,0,0.7999999999999972,24.0
11213,2012,1.0,albert_park,False,0.0,False,0.0,False,rosberg,German,mercedes,,12,0.0,0.0,0.0,0,0,0,0.7999999999999972,26.0
11214,2012,1.0,albert_park,False,0.0,Auto%#,0.0,False,maldonado,Venezuelan,williams,Auto%#,13,0.0,0.0,0.0,0,0,0,1.0,27.0
11223,2012,1.0,albert_park,False,0.0,False,0.0,False,hulkenberg,German,Auto%#,9,22,0.0,,0.0,0,0,0,1.5999999999999943,24.0
11212,2012,1.0,albert_park,False,0.0,False,0.0,False,vergne,French,toro_rosso,11,11,0.0,0.0,0.0,0,0,0,1.5,21.0
11206,2012,1.0,albert_park,False,0.0,False,0.0,False,alonso,Spanish,ferrari,12,5,0.0,0.0,0.0,0,0,0,1.5999999999999943,30.0
11207,2012,1.0,albert_park,False,0.0,False,0.0,False,kobayashi,Japanese,sauber,13,6,0.0,0.0,0.0,0,0,0,1.6999999999999886,25.0
11217,2012,1.0,albert_park,False,0.0,False,,False,bruno_senna,Brazilian,williams,14,16,0.0,0.0,,0,0,0,1.7999999999999972,28.0
11211,2012,1.0,albert_park,False,0.0,False,0.0,False,resta,British,force_india,15,10,0.0,0.0,0.0,0,0,0,2.1999999999999886,25.0
11218,2012,1.0,albert_park,False,0.0,False,0.0,False,massa,Brazilian,ferrari,16,17,0.0,0.0,0.0,,0,0,2.5999999999999943,30.0
11208,2012,1.0,albert_park,False,0.0,False,0.0,False,raikkonen,Finnish,lotus_f1,17,7,0.0,0.0,0.0,0,0,0,2.8999999999999915,32.0
11219,2012,1.0,albert_park,False,0.0,False,0.0,False,kovalainen,Finnish,caterham,18,18,0.0,0.0,0.0,0,0,0,3.799999999999997,30.0
11220,2012,1.0,albert_park,False,0.0,False,0.0,False,petrov,Russian,caterham,19,19,0.0,0.0,0.0,0,0,0,4.099999999999994,27.0
11215,2012,1.0,albert_park,False,0.0,False,0.0,False,glock,German,marussia,20,,0.0,0.0,0.0,0,0,0,6.0,30.0
11216,2012,1.0,albert_park,False,0.0,False,0.0,False,pic,French,marussia,,15,0.0,0.0,0.0,0,0,0,6.799999999999997,22.0
11226,2012,2.0,sepang,False,0.0,False,1.0,True,hamilton,British,mclaren,1,3,15.0,0.0,3.0,40,1,1,0.0,27.0
11237,2012,2.0,sepang,False,0.0,False,1.0,True,button,British,mclaren,2,14,25.0,1.0,1.0,40,1,1,0.2000000000000028,32.0
11233,2012,2.0,sepang,False,,False,1.0,True,michael_schumacher,German,mercedes,3,10,0.0,0.0,20.0,0,0,8,0.2000000000000028,43.0
11227,2012,2.0,sepang,False,0.0,False,1.0,True,webber,Australian,red_bull,4,4,,0.0,4.0,30,0,2,0.2999999999999971,
11234,,2.0,sepang,False,0.0,False,1.0,True,vettel,German,Auto%#,5,11,18.0,0.0,2.0,30,0,2,,24.0
11247,2012,2.0,sepang,False,0.0,False,1.0,True,grosjean,French,lotus_f1,6,24,0.0,0.0,21.0,6,0,5,0.5,25.0
11236,2012,2.0,sepang,,0.0,False,1.0,True,rosberg,German,mercedes,7,13,0.0,0.0,12.0,0,0,8,0.5,26.0
11224,2012,2.0,,False,0.0,False,1.0,True,alonso,Spanish,ferrari,8,1,10.0,0.0,5.0,10,0,4,1.3999999999999917,30.0
11225,2012,2.0,sepang,False,0.0,False,1.0,True,perez,Mexican,sauber,9,2,4.0,0.0,8.0,12,0,3,1.5,22.0
11228,2012,2.0,sepang,False,0.0,False,1.0,True,raikkonen,Finnish,lotus_f1,10,5,6.0,0.0,7.0,6,0,5,0.2999999999999971,32.0
11242,2012,2.0,sepang,False,0.0,False,1.0,True,maldonado,Venezuelan,williams,11,19,0.0,0.0,13.0,0,0,9,1.3999999999999917,27.0
11238,2012,2.0,sepang,False,0.0,False,1.0,True,massa,Brazilian,ferrari,12,Auto%#,,0.0,17.0,10,0,4,1.5,30.0
11229,2012,2.0,sepang,False,0.0,False,1.0,True,bruno_senna,Brazilian,williams,13,6,0.0,0.0,16.0,0,0,9,1.5999999999999943,28.0
11230,2012,2.0,sepang,False,0.0,False,1.0,True,resta,British,force_india,14,7,1.0,0.0,10.0,1,0,7,1.7000000000000028,25.0
11235,2012,2.0,,False,0.0,False,1.0,True,ricciardo,Australian,toro_rosso,15,12,2.0,0.0,9.0,2,0,6,1.7000000000000028,22.0
11232,2012,2.0,sepang,False,0.0,False,1.0,True,hulkenberg,German,force_india,16,9,0.0,0.0,22.0,1,0,7,1.7000000000000028,24.0
11246,2012,2.0,sepang,False,0.0,False,1.0,True,kobayashi,Japanese,sauber,17,23,8.0,0.0,6.0,12,0,3,1.8999999999999917,25.0
11231,2012,2.0,sepang,False,0.0,False,1.0,True,vergne,French,toro_rosso,18,8,0.0,0.0,11.0,2,0,6,2.8999999999999915,21.0
11239,2012,2.0,sepang,False,0.0,False,1.0,True,petrov,Russian,caterham,19,16,0.0,0.0,19.0,0,0,11,3.3999999999999915,27.0
11240,2012,2.0,sepang,False,0.0,False,1.0,True,glock,German,marussia,20,17,,0.0,,0,0,10,4.700000000000003,30.0
11243,2012,,sepang,False,0.0,False,1.0,True,pic,French,marussia,21,20,0.0,0.0,15.0,0,0,10,5.099999999999994,22.0
11245,2012,2.0,sepang,False,0.0,False,1.0,,rosa,Spanish,hrt,22,22,0.0,0.0,23.0,0,0,0,6.700000000000003,41.0
11244,2012,2.0,sepang,False,0.0,False,1.0,True,karthikeyan,,hrt,23,21,0.0,0.0,24.0,0,0,0,7.5,35.0
11241,2012,2.0,sepang,False,0.0,,1.0,True,kovalainen,Finnish,caterham,24,18,0.0,0.0,18.0,0,,11,3.0999999999999943,30.0
11248,2012,3.0,shanghai,False,0.0,False,0.0,True,rosberg,German,mercedes,1,1,0.0,0.0,15.0,1,0,9,0.0,26.0
11270,2012,3.0,shanghai,,0.0,False,0.0,True,michael_schumacher,German,mercedes,2,24,1.0,0.0,14.0,1,0,9,0.6000000000000085,43.0
11257,2012,3.0,shanghai,False,0.0,False,0.0,True,,Japanese,sauber,3,10,8.0,0.0,9.0,30,0,4,0.7000000000000028,25.0
11261,2012,3.0,shanghai,False,0.0,False,0.0,True,raikkonen,Finnish,lotus_f1,4,14,16.0,0.0,7.0,16,0,5,0.8000000000000114,32.0
11249,2012,3.0,shanghai,False,0.0,False,0.0,True,button,British,mclaren,5,2,25.0,1.0,3.0,55,1,1,1.1000000000000083,32.0
11251,2012,3.0,shanghai,False,0.0,False,0.0,True,webber,Australian,red_bull,6,4,24.0,0.0,4.0,42,0,2,1.2000000000000028,35.0
11250,2012,3.0,shanghai,False,0.0,False,0.0,True,hamilton,British,mclaren,7,3,30.0,0.0,2.0,55,1,1,0.5,27.0
11258,2012,3.0,shanghai,False,0.0,False,0.0,True,perez,Mexican,sauber,8,11,,0.0,5.0,30,,4,1.4000000000000057,22.0
11256,2012,3.0,shanghai,False,0.0,Auto%#,0.0,True,alonso,Spanish,ferrari,9,9,35.0,1.0,1.0,35,1,3,1.5,30.0
11252,2012,3.0,shanghai,False,0.0,False,0.0,True,,German,red_bull,11,5,18.0,0.0,6.0,42,0,2,0.9000000000000057,24.0
11260,2012,3.0,shanghai,False,0.0,False,0.0,True,massa,Brazilian,ferrari,12,13,0.0,0.0,19.0,35,1,3,1.2000000000000028,30.0
11255,2012,3.0,shanghai,False,0.0,False,0.0,True,maldonado,Venezuelan,williams,13,8,0.0,0.0,16.0,8,0,Auto%#,,27.0
11254,2012,3.0,shanghai,False,0.0,False,0.0,True,bruno_senna,,williams,14,7,8.0,0.0,8.0,8,0,7,1.2000000000000028,28.0
11259,2012,3.0,shanghai,False,0.0,False,0.0,True,resta,British,force_india,15,12,7.0,0.0,10.0,9,0,6,1.2000000000000028,25.0
11262,,3.0,shanghai,False,0.0,False,0.0,True,hulkenberg,German,force_india,16,15,2.0,0.0,13.0,9,0,6,1.6000000000000083,24.0
11263,2012,,shanghai,False,0.0,False,0.0,True,ricciardo,Australian,toro_rosso,17,17,2.0,0.0,12.0,6,0,8,1.9000000000000057,22.0
11269,,3.0,shanghai,,0.0,False,0.0,True,kovalainen,Finnish,caterham,18,23,0.0,0.0,21.0,0,0,11,3.4000000000000057,30.0
11264,2012,3.0,shanghai,False,0.0,False,0.0,True,petrov,Russian,caterham,19,18,0.0,0.0,20.0,0,0,11,3.6000000000000085,27.0
11265,2012,3.0,shanghai,False,0.0,False,0.0,True,glock,German,marussia,20,19,0.0,0.0,17.0,,0,10,4.200000000000003,30.0
11266,2012,3.0,shanghai,False,0.0,False,0.0,True,pic,French,marussia,21,20,0.0,0.0,18.0,0,0,10,4.6000000000000085,22.0
11267,2012,3.0,shanghai,False,0.0,False,0.0,True,rosa,Spanish,hrt,22,21,0.0,0.0,23.0,0,0,12,5.300000000000011,41.0
11268,2012,3.0,shanghai,False,,False,0.0,True,karthikeyan,Indian,hrt,23,22,,0.0,22.0,0,0,12,5.900000000000006,35.0
11271,2012,4.0,bahrain,True,0.0,False,0.0,False,vettel,German,red_bull,1,1,28.0,0.0,5.0,64,0,2,0.0,24.0
11278,2012,4.0,bahrain,True,0.0,False,0.0,False,hamilton,British,mclaren,2,8,45.0,0.0,1.0,88,1,1,,27.0
11274,2012,4.0,bahrain,True,0.0,False,0.0,False,webber,Australian,red_bull,3,4,36.0,0.0,4.0,64,0,2,0.1999999999999886,35.0
11288,2012,4.0,bahrain,True,0.0,False,0.0,False,button,British,mclaren,4,18,43.0,1.0,2.0,,1,1,0.2999999999999971,32.0
11275,2012,4.0,bahrain,True,0.0,False,0.0,Auto%#,rosberg,German,mercedes,5,5,25.0,1.0,6.0,26,1,5,0.3999999999999915,26.0
11285,2012,4.0,bahrain,True,0.0,False,0.0,False,ricciardo,Australian,toro_rosso,6,15,2.0,,15.0,6,0,9,0.5,22.0
11273,2012,4.0,bahrain,True,0.0,False,,False,grosjean,French,lotus_f1,,3,8.0,0.0,11.0,24,0,6,0.5999999999999943,26.0
11281,2012,4.0,bahrain,True,0.0,False,0.0,False,perez,,sauber,,11,22.0,0.0,7.0,31,0,4,1.0,22.0
11272,2012,,bahrain,True,0.0,False,,False,raikkonen,Finnish,lotus_f1,11,2,16.0,0.0,8.0,,0,6,,32.0
11283,2012,4.0,bahrain,True,0.0,False,0.0,False,kobayashi,Japanese,sauber,12,13,9.0,0.0,10.0,31,0,4,1.3999999999999917,25.0
11282,2012,4.0,bahrain,True,,False,0.0,False,hulkenberg,German,force_india,13,12,2.0,0.0,16.0,9,0,8,1.3999999999999917,24.0
11279,2012,4.0,bahrain,True,0.0,,0.0,False,massa,Brazilian,ferrari,14,9,,0.0,18.0,37,1,3,1.5,30.0
11292,,4.0,bahrain,True,0.0,False,0.0,False,bruno_senna,Brazilian,williams,15,Auto%#,,0.0,9.0,18,0,7,1.5999999999999943,28.0
11287,2012,4.0,bahrain,True,0.0,False,0.0,False,kovalainen,Finnish,caterham,16,17,0.0,0.0,22.0,0,0,11,3.6999999999999886,30.0
11284,2012,4.0,bahrain,True,0.0,False,0.0,False,vergne,French,toro_rosso,17,14,4.0,0.0,13.0,6,0,9,2.5999999999999943,21.0
11286,2012,4.0,bahrain,True,0.0,False,0.0,False,petrov,,caterham,18,16,0.0,0.0,21.0,0,0,11,3.3999999999999915,27.0
11294,2012,4.0,bahrain,True,0.0,Auto%#,0.0,False,pic,French,marussia,19,24,0.0,0.0,20.0,0,0,Auto%#,5.299999999999997,22.0
11290,2012,4.0,bahrain,True,0.0,False,0.0,False,rosa,Spanish,hrt,20,20,0.0,0.0,23.0,0,0,12,5.5,41.0
11280,2012,4.0,bahrain,True,0.0,False,0.0,False,michael_schumacher,German,mercedes,22,10,1.0,0.0,17.0,26,1,5,2.5,43.0
11289,2012,4.0,bahrain,True,0.0,False,0.0,False,glock,German,marussia,23,19,0.0,0.0,19.0,0,0,10,5.5,30.0
11291,2012,4.0,bahrain,True,0.0,False,0.0,False,karthikeyan,Indian,hrt,24,21,0.0,0.0,24.0,0,0,Auto%#,5.899999999999992,35.0
11295,2012,5.0,catalunya,False,0.0,False,,False,maldonado,Venezuelan,williams,1,1,4.0,0.0,14.0,18,0,7,0.0,27.0
11296,2012,5.0,catalunya,False,0.0,False,0.0,False,alonso,Spanish,ferrari,2,2,43.0,1.0,5.0,45,1,4,0.0,30.0
11298,2012,5.0,catalunya,False,0.0,False,0.0,False,grosjean,French,lotus_f1,3,4,23.0,0.0,8.0,57,0,3,0.1000000000000085,26.0
11297,2012,5.0,catalunya,False,0.0,False,0.0,False,raikkonen,Finnish,,4,3,34.0,0.0,7.0,57,0,3,0.2000000000000028,32.0
11314,2012,5.0,catalunya,False,0.0,False,,False,perez,Mexican,sauber,5,,22.0,0.0,9.0,,0,,0.2000000000000028,22.0
11301,2012,5.0,catalunya,False,0.0,False,0.0,False,rosberg,German,mercedes,6,7,35.0,1.0,6.0,37,1,5,0.7000000000000028,26.0
11303,2012,5.0,Auto%#,False,0.0,Auto%#,0.0,False,button,British,mclaren,Auto%#,9,43.0,1.0,4.0,92,1,2,0.6000000000000085,32.0
,2012,5.0,catalunya,False,0.0,False,0.0,False,webber,Australian,red_bull,11,Auto%#,48.0,0.0,,101,1,1,0.7000000000000028,35.0
11308,2012,5.0,catalunya,False,0.0,False,0.0,False,resta,British,force_india,12,14,15.0,0.0,10.0,17,0,8,0.7999999999999972,26.0
11304,2012,5.0,catalunya,False,0.0,False,0.0,False,hulkenberg,German,force_india,13,10,2.0,0.0,16.0,17,0,8,0.9000000000000057,24.0
11306,2012,5.0,Auto%#,False,0.0,False,0.0,False,vergne,Auto%#,toro_rosso,14,12,4.0,0.0,13.0,6,0,9,1.0,22.0
11307,2012,5.0,catalunya,False,0.0,False,0.0,False,ricciardo,Australian,toro_rosso,15,13,2.0,0.0,15.0,6,0,9,1.1000000000000083,22.0
11309,2012,5.0,catalunya,,0.0,False,0.0,False,massa,Brazilian,ferrari,16,15,2.0,0.0,17.0,45,1,4,,31.0
11317,2012,5.0,catalunya,False,0.0,False,0.0,False,bruno_senna,Brazilian,williams,17,23,14.0,0.0,11.0,18,0,7,2.700000000000003,28.0
11311,2012,5.0,catalunya,False,0.0,False,0.0,False,petrov,Russian,caterham,,17,0.0,0.0,21.0,0,0,,3.0,27.0
11310,2012,5.0,catalunya,False,0.0,False,0.0,False,kovalainen,Finnish,caterham,19,16,0.0,0.0,22.0,0,0,11,3.200000000000003,30.0
11315,2012,5.0,catalunya,False,0.0,False,0.0,False,pic,French,Auto%#,20,21,0.0,0.0,20.0,0,0,10,4.299999999999997,22.0
11312,2012,5.0,catalunya,False,0.0,False,0.0,False,glock,German,marussia,21,18,0.0,0.0,19.0,0,0,10,4.700000000000003,30.0
11313,2012,5.0,catalunya,False,0.0,False,0.0,False,rosa,Spanish,hrt,22,19,0.0,0.0,23.0,0,0,12,5.299999999999997,41.0
11319,2012,6.0,monaco,True,,False,1.0,False,webber,Australian,red_bull,1,1,48.0,0.0,5.0,109,1,Auto%#,0.0,35.0
11320,2012,6.0,monaco,True,0.0,False,1.0,False,rosberg,German,mercedes,2,2,41.0,1.0,7.0,43,1,5,0.0,26.0
11323,2012,6.0,monaco,True,0.0,False,1.0,False,hamilton,British,mclaren,3,5,53.0,0.0,3.0,98,,2,0.1999999999999886,27.0
11342,2012,6.0,monaco,True,0.0,False,1.0,False,grosjean,French,lotus_f1,4,24,35.0,0.0,8.0,84,0,3,0.1999999999999886,26.0
11321,2012,6.0,monaco,,0.0,False,1.0,False,alonso,Spanish,ferrari,5,3,61.0,1.0,2.0,63,1,4,0.5,30.0
11337,,6.0,monaco,True,0.0,False,1.0,False,michael_schumacher,German,mercedes,6,19,2.0,0.0,18.0,,1,5,-0.1000000000000085,43.0
11324,2012,6.0,monaco,True,0.0,False,1.0,False,massa,Brazilian,ferrari,7,6,2.0,0.0,17.0,63,1,4,0.5999999999999943,31.0
11327,2012,6.0,monaco,True,0.0,False,1.0,Auto%#,raikkonen,Finnish,lotus_f1,8,9,49.0,0.0,4.0,84,0,3,0.7999999999999972,32.0
11326,2012,6.0,monaco,True,0.0,,,False,hulkenberg,German,force_india,10,8,3.0,0.0,15.0,18,0,8,1.0,24.0
11339,2012,6.0,monaco,True,0.0,False,1.0,False,kobayashi,Japanese,sauber,11,21,19.0,0.0,11.0,41,0,7,1.0999999999999943,25.0
11334,2012,6.0,monaco,True,0.0,False,1.0,False,button,British,mclaren,12,16,45.0,1.0,6.0,98,1,2,1.0999999999999943,32.0
11328,2012,6.0,monaco,True,0.0,False,1.0,False,bruno_senna,Brazilian,williams,13,10,14.0,0.0,13.0,43,1,6,1.2999999999999972,28.0
11325,2012,6.0,monaco,True,0.0,False,1.0,False,resta,British,force_india,14,7,15.0,0.0,12.0,18,0,8,1.2999999999999972,26.0
11335,2012,6.0,monaco,True,0.0,False,,False,ricciardo,Australian,toro_rosso,,17,2.0,0.0,16.0,6,0,9,1.5,22.0
,2012,6.0,Auto%#,True,0.0,False,1.0,False,vergne,French,toro_rosso,16,12,4.0,0.0,14.0,6,,9,2.5,22.0
11331,2012,6.0,monaco,True,0.0,False,1.0,False,kovalainen,Finnish,caterham,17,13,0.0,0.0,22.0,0,0,11,2.0999999999999943,30.0
11338,2012,6.0,monaco,,0.0,False,1.0,False,petrov,Russian,caterham,18,20,0.0,0.0,21.0,0,0,11,,27.0
11332,2012,6.0,monaco,True,0.0,False,1.0,False,glock,German,marussia,19,14,0.0,0.0,19.0,0,0,10,3.5,30.0
11340,2012,6.0,monaco,True,0.0,False,1.0,False,rosa,Spanish,hrt,20,22,0.0,,,0,0,12,3.6999999999999886,41.0
11336,2012,6.0,monaco,True,0.0,False,1.0,False,pic,French,marussia,21,18,0.0,0.0,20.0,0,0,10,4.099999999999994,22.0
11333,2012,6.0,monaco,True,0.0,False,1.0,False,karthikeyan,Indian,hrt,22,15,0.0,0.0,24.0,0,0,12,,35.0
11341,2012,6.0,monaco,True,0.0,False,1.0,False,maldonado,Venezuelan,williams,24,23,29.0,1.0,9.0,43,1,6,0.7999999999999972,27.0
11346,2012,7.0,villeneuve,False,0.0,True,0.0,False,vettel,German,red_bull,1,4,73.0,1.0,2.0,146,2,1,0.0,24.0
11343,2012,7.0,villeneuve,False,0.0,True,0.0,False,hamilton,British,mclaren,2,,63.0,0.0,4.0,108,1,2,0.2999999999999971,27.0
11347,2012,7.0,villeneuve,False,0.0,True,0.0,False,alonso,Spanish,ferrari,3,5,76.0,1.0,1.0,86,1,3,0.4000000000000057,30.0
11349,2012,7.0,villeneuve,False,0.0,True,0.0,False,webber,Australian,red_bull,4,7,73.0,1.0,3.0,146,2,1,0.5,35.0
11348,2012,7.0,villeneuve,,0.0,True,0.0,False,rosberg,German,mercedes,5,6,59.0,1.0,5.0,61,1,5,0.6000000000000085,26.0
11352,2012,7.0,villeneuve,False,0.0,True,0.0,False,massa,Brazilian,ferrari,6,10,10.0,0.0,14.0,86,1,3,0.7000000000000028,31.0
11344,2012,7.0,villeneuve,False,0.0,True,0.0,False,grosjean,,lotus_f1,7,2,35.0,0.0,8.0,86,0,4,0.7999999999999972,26.0
11353,2012,7.0,villeneuve,False,0.0,True,0.0,False,resta,British,Auto%#,8,11,21.0,0.0,11.0,28,0,8,0.9000000000000057,26.0
11364,2012,7.0,villeneuve,False,0.0,True,0.0,False,michael_schumacher,German,mercedes,9,22,2.0,0.0,18.0,61,1,5,1.0,43.0
11358,2012,7.0,villeneuve,False,0.0,True,0.0,False,button,British,mclaren,10,16,45.0,1.0,,108,1,2,1.4000000000000057,32.0
11351,2012,7.0,villeneuve,False,,True,0.0,False,kobayashi,Japanese,sauber,11,9,19.0,0.0,12.0,41,,7,0.9000000000000057,
,2012,7.0,villeneuve,False,0.0,,0.0,False,raikkonen,Finnish,lotus_f1,12,8,51.0,0.0,6.0,86,0,4,0.9000000000000057,32.0
11354,2012,7.0,villeneuve,False,0.0,True,0.0,False,hulkenberg,German,force_india,13,12,7.0,0.0,15.0,,0,8,0.9000000000000057,24.0
11356,2012,7.0,villeneuve,False,0.0,True,0.0,False,ricciardo,Australian,toro_rosso,14,14,2.0,0.0,17.0,6,0,9,1.2999999999999972,22.0
11345,2012,7.0,villeneuve,False,0.0,True,0.0,False,perez,Mexican,sauber,Auto%#,,22.0,0.0,10.0,41,0,7,1.4000000000000057,22.0
11359,2012,7.0,villeneuve,False,0.0,True,0.0,False,,Brazilian,williams,16,17,15.0,0.0,13.0,44,1,6,1.4000000000000057,28.0
11360,2012,7.0,villeneuve,False,0.0,,0.0,False,kovalainen,Finnish,caterham,17,18,0.0,0.0,19.0,0,0,10,1.4000000000000057,30.0
11361,2012,,villeneuve,False,0.0,True,0.0,False,petrov,Russian,caterham,18,19,0.0,0.0,23.0,0,0,10,2.5,27.0
11357,2012,7.0,villeneuve,False,0.0,True,0.0,False,vergne,French,toro_rosso,19,15,4.0,0.0,16.0,6,0,9,2.700000000000003,22.0
11365,2012,7.0,Auto%#,False,0.0,True,0.0,False,rosa,Spanish,hrt,20,23,0.0,0.0,24.0,0,0,12,,41.0
11363,2012,7.0,villeneuve,False,0.0,True,0.0,False,glock,German,marussia,21,21,0.0,0.0,20.0,0,0,11,3.700000000000003,30.0
11355,2012,7.0,villeneuve,,0.0,True,0.0,False,maldonado,Venezuelan,williams,22,13,29.0,1.0,9.0,44,1,6,4.1000000000000085,27.0
11362,2012,7.0,villeneuve,False,0.0,True,0.0,Auto%#,pic,French,Auto%#,23,20,0.0,0.0,21.0,0,0,11,4.5,22.0
11366,2012,7.0,villeneuve,False,0.0,True,0.0,False,karthikeyan,Indian,hrt,24,24,0.0,0.0,22.0,0,0,12,4.5,35.0
11387,2012,8.0,valencia,True,0.0,False,,False,vettel,German,red_bull,1,21,85.0,1.0,3.0,164,2,1,0.0,24.0
11385,2012,8.0,valencia,True,0.0,False,0.0,False,hamilton,British,mclaren,2,19,88.0,1.0,1.0,133,2,2,0.3000000000000113,27.0
11378,2012,8.0,valencia,True,0.0,False,0.0,False,maldonado,Venezuelan,williams,3,12,29.0,1.0,10.0,44,1,7,0.4000000000000057,27.0
11386,2012,8.0,valencia,True,0.0,False,0.0,False,grosjean,French,lotus_f1,4,20,53.0,0.0,7.0,108,0,3,0.4000000000000057,26.0
11368,2012,,valencia,True,0.0,False,0.0,False,raikkonen,Finnish,lotus_f1,5,,55.0,0.0,,108,0,3,0.4000000000000057,32.0
11372,,8.0,valencia,True,0.0,False,0.0,False,rosberg,German,mercedes,6,6,67.0,1.0,5.0,69,1,,0.5,26.0
11388,2012,8.0,valencia,True,0.0,False,0.0,False,kobayashi,Japanese,sauber,7,22,21.0,0.0,,58,0,6,0.6000000000000085,25.0
11371,,8.0,valencia,True,0.0,False,0.0,False,hulkenberg,German,force_india,8,5,7.0,0.0,15.0,28,,,0.7000000000000028,24.0
11374,2012,8.0,valencia,True,0.0,False,0.0,False,button,British,mclaren,9,8,45.0,1.0,8.0,133,2,2,0.7000000000000028,32.0
11373,2012,8.0,,True,0.0,False,0.0,False,resta,,force_india,10,7,21.0,0.0,12.0,28,0,8,0.9000000000000057,26.0
11367,2012,8.0,valencia,True,0.0,False,0.0,False,alonso,Spanish,ferrari,11,1,86.0,1.0,2.0,97,1,Auto%#,0.6000000000000085,30.0
11369,2012,8.0,valencia,True,0.0,False,0.0,False,michael_schumacher,German,mercedes,12,Auto%#,2.0,0.0,18.0,69,1,5,0.7000000000000028,
11382,2012,8.0,valencia,True,0.0,False,0.0,False,massa,Brazilian,ferrari,13,16,11.0,0.0,14.0,97,1,4,0.7000000000000028,31.0
11376,2012,8.0,valencia,True,0.0,False,0.0,False,bruno_senna,Brazilian,williams,14,10,15.0,0.0,13.0,44,1,7,,28.0
11375,2012,8.0,valencia,True,,False,0.0,False,perez,Mexican,sauber,15,9,37.0,0.0,9.0,58,0,6,1.3000000000000114,22.0
11380,2012,8.0,valencia,True,0.0,False,0.0,False,kovalainen,Finnish,caterham,16,14,0.0,0.0,19.0,0,0,10,2.200000000000003,30.0
11377,2012,8.0,valencia,True,0.0,False,,False,ricciardo,Australian,toro_rosso,17,11,2.0,0.0,17.0,6,0,,2.300000000000012,22.0
11389,2012,8.0,valencia,True,0.0,False,0.0,False,vergne,French,toro_rosso,18,23,4.0,0.0,,6,0,9,2.1000000000000085,
11370,2012,8.0,valencia,True,0.0,False,0.0,False,webber,Australian,red_bull,19,4,79.0,1.0,4.0,164,2,1,2.300000000000012,35.0
11379,2012,8.0,valencia,True,0.0,False,0.0,False,petrov,Russian,caterham,20,Auto%#,0.0,0.0,23.0,0,0,10,2.4000000000000057,27.0
11383,2012,8.0,valencia,True,0.0,Auto%#,0.0,False,rosa,Spanish,,21,17,0.0,0.0,24.0,0,0,12,4.1000000000000085,41.0
11384,2012,8.0,valencia,True,0.0,False,0.0,False,karthikeyan,Indian,hrt,22,18,0.0,0.0,22.0,0,0,12,4.400000000000006,35.0
11381,2012,8.0,valencia,True,0.0,False,0.0,False,pic,French,marussia,23,15,0.0,0.0,21.0,0,0,11,4.6000000000000085,22.0
11391,2012,9.0,silverstone,False,0.0,False,0.0,False,alonso,Spanish,ferrari,1,2,111.0,2.0,1.0,122,2,4,0.0,30.0
11390,2012,,silverstone,False,0.0,Auto%#,0.0,False,webber,Australian,red_bull,2,1,91.0,1.0,2.0,176,2,1,0.0999999999999943,35.0
11396,2012,9.0,silverstone,False,0.0,False,0.0,False,michael_schumacher,German,mercedes,3,7,17.0,0.0,13.0,92,1,5,0.2999999999999971,43.0
11392,2012,9.0,silverstone,False,0.0,False,0.0,False,vettel,German,red_bull,4,3,85.0,1.0,4.0,176,,1,0.5,25.0
11393,2012,9.0,silverstone,False,0.0,False,0.0,False,massa,,ferrari,5,4,11.0,0.0,16.0,122,2,4,1.3999999999999917,31.0
11394,2012,9.0,silverstone,False,0.0,False,0.0,False,raikkonen,Finnish,lotus_f1,6,5,73.0,0.0,6.0,126,0,3,1.5999999999999943,32.0
11405,2012,9.0,silverstone,False,0.0,False,0.0,False,maldonado,Venezuelan,williams,7,16,29.0,1.0,10.0,45,1,7,1.7999999999999972,27.0
11397,2012,9.0,Auto%#,False,0.0,False,0.0,False,hamilton,,mclaren,8,8,88.0,1.0,3.0,137,2,2,1.7999999999999972,27.0
11412,2012,,silverstone,False,0.0,False,0.0,False,resta,British,force_india,10,23,27.0,0.0,11.0,44,0,8,5.299999999999997,26.0
11404,2012,9.0,silverstone,,0.0,False,0.0,,rosberg,German,mercedes,11,15,75.0,1.0,,92,1,5,5.399999999999992,27.0
11402,2012,9.0,silverstone,False,0.0,False,0.0,False,ricciardo,Australian,Auto%#,12,13,2.0,0.0,18.0,6,0,9,5.399999999999992,23.0
11398,2012,9.0,silverstone,False,0.0,False,0.0,False,bruno_senna,Brazilian,williams,13,9,16.0,0.0,15.0,45,1,7,5.700000000000003,28.0
11401,2012,9.0,silverstone,False,0.0,False,0.0,False,hulkenberg,German,,14,12,17.0,0.0,14.0,44,0,8,2.700000000000003,24.0
11411,2012,9.0,Auto%#,False,0.0,False,0.0,False,perez,Mexican,sauber,15,22,,0.0,9.0,60,0,6,6.200000000000003,22.0
11399,2012,9.0,silverstone,False,0.0,False,0.0,False,button,British,mclaren,16,10,49.0,1.0,8.0,137,2,2,-3.700000000000003,32.0
11400,2012,9.0,silverstone,False,0.0,False,0.0,False,kobayashi,Japanese,sauber,17,11,21.0,0.0,12.0,,0,Auto%#,5.399999999999992,25.0
11413,2012,9.0,silverstone,False,0.0,False,0.0,False,petrov,Russian,caterham,Auto%#,24,0.0,0.0,20.0,0,0,10,-2.700000000000003,27.0
11406,2012,9.0,silverstone,False,0.0,,0.0,False,kovalainen,Finnish,caterham,19,17,0.0,0.0,19.0,0,0,10,-2.200000000000003,30.0
11407,2012,9.0,silverstone,False,0.0,False,0.0,False,glock,German,marussia,20,18,0.0,0.0,21.0,0,0,11,-0.1000000000000085,30.0
11409,2012,9.0,silverstone,False,0.0,False,0.0,False,rosa,Spanish,hrt,21,20,0.0,0.0,24.0,0,0,12,1.0,41.0
11410,2012,9.0,silverstone,False,0.0,False,0.0,False,karthikeyan,,hrt,22,21,0.0,0.0,23.0,0,0,12,1.2999999999999972,35.0
11403,2012,9.0,silverstone,False,0.0,False,0.0,False,vergne,French,toro_rosso,23,14,4.0,0.0,17.0,6,0,9,6.0,22.0
11414,2012,10.0,hockenheimring,True,0.0,False,,False,alonso,Spanish,Auto%#,1,1,129.0,2.0,1.0,152,2,2,0.0,30.0
11418,2012,10.0,hockenheimring,True,0.0,False,0.0,False,vettel,German,red_bull,2,5,100.0,1.0,3.0,216,3,1,0.4000000000000057,25.0
11420,2012,10.0,hockenheimring,True,0.0,False,0.0,False,michael_schumacher,German,mercedes,3,7,23.0,0.0,12.0,98,1,5,1.9000000000000057,43.0
11422,2012,10.0,hockenheimring,True,0.0,False,0.0,False,hulkenberg,German,force_india,4,9,,0.0,16.0,44,0,8,2.9000000000000057,24.0
11428,2012,10.0,hockenheimring,True,0.0,False,0.0,False,maldonado,Venezuelan,williams,5,15,29.0,1.0,10.0,47,1,7,3.4000000000000057,27.0
11415,2012,10.0,hockenheimring,True,0.0,False,0.0,False,button,British,mclaren,6,2,50.0,1.0,8.0,142,2,4,3.5,32.0
11437,2012,10.0,hockenheimring,True,0.0,False,0.0,False,hamilton,British,mclaren,7,24,92.0,1.0,4.0,142,2,4,3.6000000000000085,27.0
11421,2012,10.0,,True,0.0,False,0.0,False,webber,,red_bull,8,8,116.0,2.0,2.0,216,3,1,0.9000000000000057,35.0
11424,2012,,hockenheimring,True,0.0,False,0.0,False,resta,British,force_india,9,11,27.0,0.0,11.0,44,0,8,4.300000000000011,26.0
11416,2012,10.0,hockenheimring,True,0.0,False,0.0,False,raikkonen,Finnish,lotus_f1,10,3,83.0,0.0,,144,0,3,5.200000000000003,32.0
11426,2012,10.0,hockenheimring,True,0.0,False,0.0,Auto%#,ricciardo,Australian,toro_rosso,11,13,2.0,0.0,18.0,6,0,9,-0.7999999999999972,23.0
11417,2012,10.0,hockenheimring,True,0.0,False,0.0,False,kobayashi,Japanese,sauber,12,4,21.0,0.0,14.0,60,0,6,-0.5999999999999943,25.0
11425,2012,10.0,hockenheimring,True,0.0,False,0.0,False,massa,Brazilian,ferrari,13,12,23.0,0.0,13.0,152,2,2,-0.3999999999999915,31.0
11430,2012,10.0,hockenheimring,True,0.0,False,0.0,False,bruno_senna,Brazilian,williams,14,17,18.0,0.0,,47,1,7,0.2000000000000028,28.0
11427,2012,10.0,hockenheimring,True,0.0,False,0.0,False,vergne,French,toro_rosso,15,14,4.0,0.0,17.0,,0,9,-23.89999999999999,22.0
11432,2012,10.0,hockenheimring,True,0.0,False,0.0,False,kovalainen,Auto%#,caterham,16,19,0.0,0.0,19.0,0,0,10,-23.0,30.0
11419,2012,10.0,hockenheimring,True,0.0,Auto%#,0.0,False,perez,Mexican,sauber,17,6,39.0,0.0,9.0,60,0,6,-0.6999999999999886,22.0
11429,2012,10.0,hockenheimring,True,0.0,False,0.0,False,petrov,Russian,caterham,18,Auto%#,0.0,0.0,20.0,0,0,10,-22.099999999999994,27.0
11431,2012,10.0,hockenheimring,True,0.0,False,0.0,,grosjean,French,lotus_f1,19,18,61.0,0.0,7.0,144,,3,0.0,26.0
11433,2012,10.0,hockenheimring,True,0.0,False,0.0,False,pic,French,marussia,20,20,0.0,0.0,22.0,0,0,11,-21.39999999999999,22.0
11423,2012,10.0,hockenheimring,True,0.0,False,,False,rosberg,German,mercedes,21,10,75.0,1.0,6.0,98,1,5,1.0,27.0
11435,2012,10.0,Auto%#,True,0.0,False,0.0,False,glock,German,marussia,22,22,0.0,0.0,21.0,0,0,11,-21.3,30.0
11434,2012,10.0,hockenheimring,True,0.0,False,0.0,False,rosa,Spanish,hrt,23,21,0.0,0.0,24.0,0,0,12,-20.69999999999999,41.0
11436,2012,10.0,hockenheimring,True,0.0,False,0.0,False,karthikeyan,Indian,hrt,24,23,0.0,0.0,23.0,0,0,12,-20.39999999999999,35.0
11438,2012,11.0,hungaroring,True,0.0,False,0.0,False,hamilton,British,mclaren,1,1,,1.0,5.0,160,2,3,0.0,27.0
11440,2012,11.0,hungaroring,True,0.0,False,0.0,,grosjean,French,lotus_f1,2,3,61.0,0.0,8.0,159,0,4,0.4000000000000057,26.0
,2012,11.0,hungaroring,True,0.0,False,0.0,False,vettel,German,red_bull,3,4,110.0,1.0,3.0,230,3,1,,25.0
11443,2012,11.0,hungaroring,True,0.0,False,0.0,False,button,British,mclaren,4,6,68.0,1.0,7.0,160,2,3,0.5999999999999943,32.0
11439,2012,11.0,hungaroring,True,,False,0.0,False,raikkonen,Finnish,lotus_f1,5,2,98.0,0.0,4.0,159,0,4,0.7000000000000028,32.0
11442,2012,11.0,hungaroring,True,0.0,False,0.0,False,alonso,Spanish,ferrari,6,5,154.0,3.0,1.0,177,3,2,0.7999999999999972,31.0
11446,,11.0,hungaroring,True,0.0,False,0.0,False,massa,Brazilian,ferrari,7,9,23.0,0.0,14.0,177,3,Auto%#,0.9000000000000057,31.0
11450,2012,11.0,hungaroring,True,0.0,False,0.0,False,maldonado,Venezuelan,williams,8,13,29.0,1.0,11.0,47,1,7,0.9000000000000057,27.0
,2012,11.0,hungaroring,True,0.0,False,0.0,False,bruno_senna,Brazilian,williams,9,7,18.0,0.0,16.0,47,1,7,1.2999999999999972,28.0
11448,2012,11.0,,True,0.0,False,0.0,False,hulkenberg,German,force_india,10,11,19.0,0.0,15.0,46,0,8,1.7999999999999972,24.0
11445,2012,11.0,hungaroring,True,0.0,False,0.0,False,webber,Australian,red_bull,11,8,120.0,2.0,2.0,230,3,1,0.7000000000000028,35.0
11449,2012,11.0,hungaroring,True,0.0,Auto%#,0.0,False,resta,British,force_india,12,12,27.0,0.0,13.0,46,0,8,0.7999999999999972,26.0
11447,2012,11.0,hungaroring,True,0.0,False,,False,rosberg,German,mercedes,13,10,76.0,1.0,6.0,105,1,5,0.9000000000000057,27.0
11451,2012,11.0,hungaroring,True,0.0,Auto%#,0.0,False,perez,Mexican,sauber,14,14,47.0,,9.0,80,0,6,0.9000000000000057,22.0
11455,,11.0,,True,0.0,False,0.0,False,kobayashi,Japanese,sauber,15,Auto%#,33.0,0.0,10.0,80,0,6,1.2999999999999972,25.0
11453,2012,11.0,hungaroring,True,0.0,False,0.0,False,vergne,French,toro_rosso,16,16,4.0,0.0,17.0,6,0,9,1.4000000000000057,22.0
11461,2012,11.0,hungaroring,True,0.0,False,0.0,False,michael_schumacher,German,mercedes,17,24,29.0,0.0,12.0,105,1,5,1.7000000000000028,43.0
11452,2012,11.0,hungaroring,True,0.0,False,0.0,False,ricciardo,Australian,toro_rosso,18,15,2.0,0.0,18.0,6,0,9,2.299999999999997,23.0
11454,2012,11.0,hungaroring,,0.0,False,0.0,False,kovalainen,Finnish,caterham,19,17,0.0,0.0,19.0,0,0,10,2.5999999999999943,30.0
,2012,11.0,hungaroring,True,0.0,False,0.0,False,petrov,Russian,caterham,20,19,0.0,0.0,20.0,0,0,10,3.200000000000003,27.0
11457,2012,11.0,hungaroring,,0.0,False,0.0,False,pic,French,marussia,21,,,0.0,22.0,,0,11,4.200000000000003,22.0
11458,2012,11.0,hungaroring,True,,False,0.0,False,glock,German,marussia,22,21,0.0,0.0,21.0,0,0,11,4.5,30.0
11459,2012,11.0,hungaroring,True,0.0,False,0.0,False,rosa,Spanish,hrt,23,22,0.0,0.0,24.0,0,0,12,4.900000000000006,41.0
11460,2012,11.0,hungaroring,True,0.0,False,0.0,False,karthikeyan,Indian,hrt,24,23,0.0,0.0,23.0,0,0,12,5.200000000000003,35.0
11462,,12.0,spa,True,0.0,False,0.0,False,button,British,mclaren,1,1,76.0,1.0,7.0,193,3,2,0.0,32.0
11474,2012,12.0,spa,True,0.0,False,0.0,False,kobayashi,Japanese,sauber,2,13,33.0,0.0,10.0,80,0,6,0.3000000000000113,25.0
11464,2012,12.0,spa,True,0.0,False,0.0,False,raikkonen,Finnish,lotus_f1,3,3,116.0,0.0,5.0,192,0,3,0.6000000000000085,32.0
11482,2012,12.0,spa,True,0.0,False,0.0,False,perez,Mexican,sauber,4,21,47.0,0.0,9.0,80,0,6,0.6000000000000085,22.0
11483,2012,12.0,spa,True,0.0,False,0.0,,alonso,Spanish,ferrari,5,22,164.0,3.0,1.0,189,3,4,0.7000000000000028,31.0
11481,2012,12.0,spa,True,0.0,False,0.0,False,maldonado,Venezuelan,williams,6,20,29.0,1.0,11.0,53,1,7,0.3000000000000113,27.0
11484,2012,12.0,spa,True,0.0,False,0.0,False,hamilton,British,mclaren,7,23,117.0,2.0,4.0,193,3,2,0.8000000000000114,27.0
11485,2012,12.0,spa,True,0.0,False,0.0,False,,French,lotus_f1,8,24,,0.0,8.0,192,,3,0.9000000000000057,26.0
11471,2012,12.0,spa,True,0.0,False,0.0,,resta,British,force_india,9,10,27.0,0.0,13.0,46,0,8,1.3000000000000114,26.0
11463,2012,12.0,spa,True,0.0,False,,False,vettel,German,red_bull,10,2,122.0,1.0,,246,3,1,1.2000000000000028,25.0
11465,2012,12.0,spa,True,0.0,False,0.0,False,hulkenberg,German,,11,4,19.0,0.0,16.0,46,0,8,1.3000000000000114,25.0
11467,2012,12.0,spa,True,0.0,False,0.0,False,webber,Australian,red_bull,12,6,124.0,2.0,2.0,246,3,1,0.8000000000000114,36.0
11468,2012,12.0,spa,True,0.0,False,0.0,False,michael_schumacher,German,mercedes,13,7,29.0,0.0,12.0,106,1,5,1.5,43.0
11466,2012,12.0,spa,True,0.0,False,,False,massa,Brazilian,ferrari,14,5,25.0,0.0,14.0,189,3,4,1.5,31.0
11469,2012,12.0,spa,True,0.0,False,0.0,False,vergne,French,toro_rosso,15,8,4.0,0.0,17.0,6,0,9,1.8000000000000114,22.0
11470,2012,12.0,spa,True,0.0,False,0.0,False,ricciardo,Australian,toro_rosso,16,9,2.0,0.0,18.0,6,0,9,,23.0
11473,2012,12.0,spa,True,0.0,,0.0,False,bruno_senna,Brazilian,williams,17,12,24.0,0.0,15.0,53,1,7,2.5,28.0
11478,2012,12.0,spa,True,0.0,False,0.0,False,kovalainen,Finnish,Auto%#,18,17,0.0,0.0,19.0,0,0,10,4.1000000000000085,30.0
11475,2012,12.0,spa,True,0.0,False,,False,petrov,Russian,caterham,19,14,0.0,0.0,20.0,0,0,10,4.400000000000006,
11476,2012,12.0,spa,True,,False,0.0,False,glock,German,marussia,20,,0.0,0.0,21.0,0,0,11,4.700000000000003,30.0
11479,2012,12.0,spa,True,0.0,False,0.0,False,rosa,Spanish,hrt,,18,0.0,0.0,24.0,0,0,12,5.400000000000006,41.0
11477,2012,12.0,spa,True,0.0,False,0.0,False,pic,French,marussia,22,16,0.0,0.0,,0,0,Auto%#,5.900000000000006,22.0
11472,2012,12.0,spa,True,0.0,False,0.0,False,rosberg,German,mercedes,23,11,77.0,1.0,6.0,106,1,5,2.6000000000000085,27.0
11480,2012,12.0,spa,True,0.0,False,0.0,False,karthikeyan,Indian,hrt,24,19,0.0,0.0,23.0,0,0,12,7.400000000000006,35.0
11486,2012,13.0,monza,False,0.0,True,0.0,False,hamilton,British,mclaren,1,1,117.0,2.0,5.0,218,4,2,0.0,27.0
11508,2012,13.0,monza,False,0.0,True,0.0,False,button,British,mclaren,,23,101.0,2.0,6.0,218,4,2,0.0999999999999943,32.0
11489,2012,13.0,monza,False,,True,0.0,False,massa,Brazilian,ferrari,3,4,35.0,0.0,11.0,199,3,4,0.2000000000000028,31.0
11491,2012,13.0,monza,False,0.0,,0.0,False,michael_schumacher,German,mercedes,4,6,,0.0,10.0,112,1,5,0.5,43.0
11507,2012,13.0,monza,,0.0,True,0.0,False,vettel,German,red_bull,5,22,140.0,1.0,2.0,272,3,1,0.7999999999999972,
11492,2012,13.0,,False,0.0,True,0.0,False,rosberg,German,mercedes,6,7,77.0,1.0,7.0,112,1,5,0.7999999999999972,27.0
11490,2012,13.0,monza,False,0.0,True,0.0,False,raikkonen,Finnish,lotus_f1,7,5,131.0,0.0,4.0,207,0,3,0.9000000000000057,32.0
11494,2012,13.0,monza,False,0.0,True,0.0,False,kobayashi,Japanese,sauber,8,9,33.0,0.0,12.0,80,0,6,1.0999999999999943,25.0
11493,2012,13.0,monza,False,0.0,True,0.0,False,resta,British,force_india,9,8,28.0,0.0,15.0,59,0,7,0.2999999999999971,26.0
11488,2012,13.0,monza,False,0.0,True,0.0,False,,Spanish,ferrari,10,3,164.0,3.0,1.0,199,3,4,1.7000000000000028,31.0
11505,2012,13.0,monza,False,0.0,True,0.0,False,webber,Australian,red_bull,11,20,132.0,2.0,3.0,272,3,1,0.7999999999999972,36.0
11487,2012,13.0,monza,False,0.0,True,0.0,False,perez,Mexican,sauber,12,2,47.0,0.0,9.0,80,0,6,0.9000000000000057,22.0
11495,2012,13.0,,False,0.0,True,0.0,Auto%#,bruno_senna,Brazilian,williams,13,10,24.0,0.0,16.0,53,1,8,1.0,28.0
11497,2012,13.0,monza,False,0.0,True,0.0,False,ricciardo,Australian,toro_rosso,14,12,4.0,0.0,18.0,12,0,9,1.2999999999999972,23.0
11498,2012,13.0,monza,False,0.0,True,0.0,False,ambrosio,Belgian,lotus_f1,15,13,0.0,0.0,0.0,207,0,3,1.4000000000000057,26.0
11509,2012,13.0,monza,False,0.0,True,0.0,False,vergne,French,toro_rosso,16,24,8.0,0.0,17.0,12,0,,1.4000000000000057,22.0
11499,2012,13.0,monza,False,0.0,True,0.0,False,kovalainen,Finnish,caterham,17,14,0.0,0.0,20.0,0,0,10,2.4000000000000057,30.0
11500,2012,13.0,monza,False,0.0,True,0.0,False,petrov,Russian,caterham,18,15,0.0,0.0,19.0,0,0,10,2.9000000000000057,28.0
11502,2012,13.0,monza,False,0.0,True,0.0,False,glock,German,marussia,19,17,0.0,0.0,21.0,0,0,11,3.0,30.0
11501,2012,13.0,monza,False,0.0,True,0.0,False,pic,French,marussia,20,16,0.0,0.0,22.0,0,0,11,3.0999999999999943,22.0
11504,2012,13.0,monza,False,0.0,True,0.0,False,karthikeyan,Indian,hrt,21,19,0.0,0.0,23.0,0,0,,3.4000000000000057,35.0
11496,2012,13.0,monza,False,0.0,True,0.0,False,maldonado,Venezuelan,williams,22,11,29.0,,14.0,,1,8,0.7999999999999972,27.0
11503,2012,13.0,monza,False,0.0,True,0.0,False,rosa,Spanish,hrt,23,18,0.0,0.0,24.0,0,0,12,3.5999999999999943,41.0
11533,2012,14.0,marina_bay,True,0.0,False,0.0,False,hamilton,British,mclaren,1,24,142.0,3.0,2.0,243,5,2,0.0,27.0
11531,,14.0,marina_bay,True,,False,0.0,False,maldonado,Venezuelan,williams,2,22,29.0,1.0,15.0,54,1,8,0.3999999999999915,27.0
11510,2012,14.0,marina_bay,True,0.0,False,0.0,False,vettel,German,red_bull,3,1,140.0,1.0,4.0,272,3,1,0.5,25.0
11511,2012,14.0,,True,0.0,,0.0,False,button,British,Auto%#,4,2,101.0,2.0,6.0,243,5,2,0.5,32.0
11512,2012,14.0,marina_bay,True,0.0,False,0.0,False,alonso,Spanish,ferrari,5,3,179.0,3.0,1.0,226,3,3,0.7999999999999972,31.0
11513,2012,14.0,marina_bay,True,0.0,False,0.0,False,resta,British,force_india,6,4,32.0,0.0,13.0,63,0,7,0.7999999999999972,26.0
11520,2012,14.0,marina_bay,True,0.0,False,0.0,False,webber,Australian,red_bull,7,11,132.0,2.0,5.0,272,3,1,1.0999999999999943,36.0
11516,2012,14.0,marina_bay,True,0.0,False,0.0,False,grosjean,French,lotus_f1,8,7,76.0,0.0,8.0,217,0,4,1.3999999999999917,26.0
11523,2012,14.0,marina_bay,True,0.0,False,0.0,False,hulkenberg,German,force_india,11,14,31.0,0.0,14.0,63,0,Auto%#,1.5999999999999943,25.0
11515,2012,14.0,marina_bay,True,0.0,False,0.0,False,raikkonen,Finnish,lotus_f1,12,,141.0,0.0,3.0,217,0,4,1.8999999999999917,32.0
11517,2012,14.0,marina_bay,True,0.0,False,0.0,False,massa,Brazilian,ferrari,13,8,47.0,0.0,10.0,226,,3,1.8999999999999917,31.0
11519,2012,14.0,marina_bay,True,0.0,False,0.0,False,perez,Mexican,sauber,14,10,,0.0,9.0,100,0,6,2.0999999999999943,22.0
11518,2012,14.0,marina_bay,True,0.0,False,0.0,False,,Australian,toro_rosso,15,9,4.0,0.0,18.0,12,0,9,2.3999999999999915,23.0
11529,2012,14.0,marina_bay,True,0.0,False,0.0,False,vergne,French,toro_rosso,16,20,8.0,0.0,17.0,12,0,9,2.3999999999999915,22.0
11522,2012,14.0,marina_bay,True,0.0,False,0.0,False,kobayashi,Japanese,sauber,17,13,35.0,0.0,12.0,100,0,6,3.5,26.0
11528,2012,14.0,marina_bay,True,0.0,False,0.0,False,petrov,Russian,caterham,18,19,0.0,0.0,20.0,0,0,10,4.399999999999992,28.0
11524,2012,14.0,marina_bay,True,0.0,False,0.0,False,kovalainen,Finnish,caterham,19,Auto%#,0.0,0.0,19.0,0,0,10,4.699999999999989,30.0
11521,2012,14.0,marina_bay,True,0.0,False,0.0,False,glock,German,marussia,20,12,0.0,0.0,22.0,0,0,11,5.0,30.0
11525,2012,14.0,marina_bay,True,0.0,False,,False,pic,French,marussia,21,16,0.0,0.0,23.0,0,0,11,5.399999999999992,22.0
11532,2012,14.0,marina_bay,True,0.0,False,0.0,False,karthikeyan,Indian,hrt,23,23,0.0,0.0,24.0,0,0,12,6.0,35.0
11526,2012,14.0,marina_bay,True,,False,0.0,False,rosa,Spanish,hrt,24,,0.0,0.0,25.0,0,0,12,7.0,
11534,2012,15.0,suzuka,True,0.0,False,0.0,False,vettel,German,red_bull,1,1,165.0,2.0,2.0,297,4,1,0.0,25.0
11542,2012,15.0,suzuka,True,0.0,,0.0,False,webber,Australian,red_bull,2,9,132.0,2.0,5.0,297,4,1,0.2999999999999971,36.0
11536,2012,15.0,suzuka,True,0.0,False,0.0,Auto%#,kobayashi,Japanese,sauber,3,3,35.0,0.0,13.0,101,0,6,0.9000000000000057,
11552,2012,15.0,suzuka,True,0.0,False,0.0,False,grosjean,French,lotus_f1,4,19,82.0,0.0,8.0,231,0,4,1.1000000000000083,26.0
11555,2012,15.0,suzuka,True,0.0,False,0.0,False,perez,Mexican,sauber,5,22,66.0,0.0,9.0,101,0,,1.2000000000000028,22.0
11556,2012,15.0,suzuka,True,,False,0.0,False,alonso,Spanish,ferrari,6,23,194.0,3.0,1.0,245,3,3,1.2999999999999972,31.0
11539,2012,15.0,suzuka,True,0.0,False,0.0,Auto%#,raikkonen,Finnish,lotus_f1,7,6,149.0,0.0,3.0,231,0,4,1.4000000000000057,32.0
11537,2012,15.0,suzuka,True,0.0,False,0.0,,button,British,mclaren,8,4,119.0,2.0,6.0,261,5,2,0.5,32.0
11538,2012,15.0,suzuka,True,0.0,False,0.0,False,hamilton,British,mclaren,9,,142.0,3.0,4.0,261,5,2,1.5,27.0
11535,2012,15.0,suzuka,True,0.0,Auto%#,0.0,False,massa,Brazilian,ferrari,10,2,51.0,0.0,10.0,245,,3,1.5,31.0
11545,2012,15.0,suzuka,True,0.0,False,0.0,False,resta,British,force_india,11,12,44.0,0.0,11.0,75,0,7,1.5,26.0
11541,2012,15.0,suzuka,True,0.0,False,0.0,False,maldonado,Venezuelan,williams,12,8,29.0,1.0,15.0,54,1,8,1.7000000000000028,27.0
11557,2012,,suzuka,True,0.0,False,0.0,False,,German,mercedes,13,24,93.0,1.0,7.0,136,1,5,1.7999999999999972,27.0
11543,2012,15.0,suzuka,True,0.0,False,0.0,False,ricciardo,Australian,toro_rosso,14,10,6.0,0.0,18.0,14,0,9,2.200000000000003,23.0
11547,2012,15.0,suzuka,True,0.0,False,0.0,False,bruno_senna,Brazilian,williams,16,14,25.0,0.0,16.0,54,1,,2.6000000000000085,28.0
11548,2012,15.0,suzuka,True,0.0,False,0.0,False,kovalainen,Finnish,caterham,17,15,0.0,,20.0,0,0,11,3.9000000000000057,30.0
11549,,15.0,suzuka,True,0.0,False,0.0,False,glock,,Auto%#,18,16,0.0,0.0,19.0,0,0,10,4.400000000000006,30.0
11546,2012,15.0,suzuka,True,0.0,False,0.0,False,vergne,French,toro_rosso,19,13,8.0,0.0,17.0,14,0,9,2.6000000000000085,22.0
11551,2012,15.0,suzuka,True,0.0,False,0.0,False,rosa,Spanish,hrt,20,18,0.0,0.0,25.0,,0,12,,41.0
11553,2012,15.0,suzuka,True,0.0,False,0.0,False,pic,French,marussia,21,20,0.0,0.0,23.0,0,0,,4.6000000000000085,22.0
11550,2012,15.0,suzuka,True,0.0,False,0.0,,petrov,Russian,caterham,22,17,0.0,,21.0,0,0,11,4.6000000000000085,28.0
11544,2012,15.0,suzuka,True,0.0,False,0.0,False,michael_schumacher,German,mercedes,23,11,43.0,0.0,12.0,136,1,5,1.7000000000000028,43.0
11554,2012,15.0,Auto%#,True,0.0,False,0.0,False,karthikeyan,Indian,hrt,24,21,0.0,0.0,24.0,0,0,12,5.900000000000006,35.0
11559,2012,16.0,yeongam,True,0.0,False,0.0,False,webber,Australian,red_bull,1,2,134.0,2.0,5.0,324,5,1,0.0,36.0
11558,2012,,yeongam,True,0.0,False,0.0,False,vettel,German,red_bull,2,1,190.0,3.0,2.0,324,5,1,0.0999999999999943,25.0
11567,2012,16.0,yeongam,True,0.0,False,0.0,False,hamilton,British,mclaren,3,10,152.0,3.0,4.0,283,5,2,0.2999999999999971,27.0
11560,2012,16.0,yeongam,True,0.0,False,0.0,False,alonso,Spanish,ferrari,4,3,194.0,3.0,1.0,263,3,3,0.2999999999999971,31.0
11562,2012,16.0,yeongam,True,0.0,False,0.0,False,raikkonen,Finnish,lotus_f1,5,5,157.0,0.0,3.0,239,0,4,0.3999999999999915,32.0
11561,2012,16.0,yeongam,True,0.0,False,0.0,False,massa,Brazilian,ferrari,6,4,69.0,0.0,9.0,263,3,3,0.7000000000000028,31.0
,2012,16.0,yeongam,True,0.0,False,0.0,False,grosjean,French,lotus_f1,7,7,82.0,0.0,8.0,239,0,4,0.7000000000000028,26.0
11563,2012,16.0,yeongam,True,0.0,False,0.0,False,hulkenberg,German,force_india,8,6,37.0,0.0,14.0,81,0,7,1.0999999999999943,25.0
11580,2012,16.0,yeongam,True,0.0,False,0.0,,rosberg,German,mercedes,9,23,93.0,1.0,7.0,136,1,5,1.2000000000000028,27.0
11570,2012,16.0,yeongam,True,0.0,False,0.0,False,michael_schumacher,German,mercedes,10,13,43.0,0.0,13.0,136,1,5,1.2999999999999972,43.0
11581,2012,16.0,yeongam,True,0.0,False,0.0,False,button,British,mclaren,11,24,,2.0,6.0,283,5,2,1.2000000000000028,32.0
11568,2012,16.0,yeongam,True,0.0,False,0.0,False,perez,Mexican,sauber,12,11,66.0,0.0,10.0,,0,6,1.2999999999999972,22.0
11579,2012,16.0,yeongam,True,0.0,False,0.0,False,kobayashi,Japanese,sauber,13,,50.0,0.0,11.0,116,0,6,1.3999999999999917,26.0
11569,2012,16.0,yeongam,True,0.0,False,0.0,False,resta,British,force_india,14,12,44.0,0.0,12.0,81,0,7,1.3999999999999917,26.0
11571,2012,16.0,yeongam,True,0.0,False,0.0,False,maldonado,Venezuelan,williams,15,14,33.0,1.0,15.0,58,1,8,1.5,27.0
11565,2012,16.0,yeongam,True,0.0,False,0.0,False,vergne,French,toro_rosso,16,8,8.0,0.0,17.0,15,0,9,2.0999999999999943,22.0
11572,2012,16.0,Auto%#,True,0.0,False,0.0,Auto%#,bruno_senna,Brazilian,williams,17,15,25.0,0.0,16.0,58,1,8,2.200000000000003,28.0
11573,2012,16.0,yeongam,True,0.0,False,0.0,False,petrov,Russian,caterham,18,,0.0,0.0,21.0,0,0,11,3.0,28.0
11574,2012,16.0,yeongam,True,0.0,False,0.0,False,,Finnish,caterham,19,17,0.0,0.0,20.0,0,0,11,3.0999999999999943,
11575,2012,16.0,yeongam,True,0.0,False,0.0,False,glock,German,marussia,20,18,0.0,0.0,19.0,0,0,10,4.200000000000003,30.0
11566,2012,16.0,yeongam,True,,False,0.0,False,ricciardo,Australian,toro_rosso,21,9,7.0,0.0,18.0,15,0,9,1.8999999999999917,23.0
11578,2012,16.0,yeongam,True,0.0,False,0.0,False,rosa,Spanish,hrt,22,21,0.0,0.0,25.0,0,0,12,5.700000000000003,41.0
11576,2012,16.0,yeongam,True,0.0,False,0.0,False,pic,French,marussia,24,19,0.0,0.0,23.0,0,0,10,4.099999999999994,22.0
11582,2012,17.0,buddh,False,0.0,False,0.0,False,vettel,German,red_bull,1,1,215.0,4.0,1.0,367,6,1,,25.0
11584,2012,17.0,buddh,False,0.0,False,0.0,False,webber,Australian,red_bull,2,3,152.0,2.0,5.0,367,6,1,0.0,36.0
11585,2012,17.0,buddh,False,0.0,False,0.0,False,hamilton,British,mclaren,3,4,153.0,3.0,4.0,284,5,3,0.2000000000000028,27.0
11586,2012,17.0,buddh,False,0.0,False,0.0,False,button,British,mclaren,4,5,131.0,2.0,6.0,284,5,3,0.4000000000000057,32.0
11583,2012,17.0,buddh,False,0.0,False,0.0,False,alonso,Spanish,ferrari,5,Auto%#,209.0,3.0,2.0,290,3,2,0.5,31.0
11587,,17.0,buddh,False,0.0,False,0.0,False,massa,Brazilian,ferrari,6,6,81.0,0.0,9.0,290,3,2,0.6000000000000085,31.0
11588,2012,17.0,buddh,False,0.0,False,0.0,False,raikkonen,Finnish,lotus_f1,7,7,167.0,0.0,,255,0,4,0.9000000000000057,33.0
11605,2012,17.0,buddh,False,0.0,False,0.0,False,perez,Mexican,sauber,8,24,66.0,0.0,10.0,116,0,6,1.1000000000000083,22.0
11597,2012,17.0,buddh,False,0.0,False,0.0,False,maldonado,Venezuelan,williams,9,16,33.0,1.0,15.0,58,1,8,1.4000000000000057,27.0
,2012,17.0,buddh,False,0.0,False,0.0,False,,French,lotus_f1,11,9,88.0,0.0,8.0,255,0,4,0.7999999999999972,26.0
11589,2012,17.0,buddh,False,0.0,False,0.0,False,hulkenberg,German,force_india,12,8,45.0,0.0,12.0,89,0,7,0.9000000000000057,25.0
11591,2012,17.0,buddh,False,,False,0.0,False,bruno_senna,Brazilian,,13,10,25.0,0.0,16.0,58,1,8,1.0,29.0
11603,2012,17.0,buddh,False,0.0,False,0.0,False,michael_schumacher,German,mercedes,14,22,43.0,0.0,14.0,136,1,5,1.2999999999999972,43.0
11594,2012,17.0,buddh,False,0.0,False,0.0,False,ricciardo,Australian,toro_rosso,15,13,9.0,0.0,18.0,21,0,9,1.5,23.0
11593,2012,17.0,buddh,False,,False,0.0,False,resta,British,force_india,16,12,44.0,0.0,13.0,89,0,7,1.7000000000000028,26.0
11595,2012,17.0,buddh,False,0.0,,0.0,False,kobayashi,Japanese,sauber,17,14,50.0,0.0,11.0,116,0,6,1.9000000000000057,26.0
11596,2012,17.0,buddh,False,0.0,False,0.0,False,vergne,French,toro_rosso,18,15,12.0,0.0,17.0,21,0,9,2.200000000000003,22.0
11598,2012,17.0,buddh,False,0.0,False,0.0,False,petrov,Russian,caterham,19,17,0.0,0.0,21.0,0,,11,3.5,28.0
11599,2012,17.0,buddh,False,0.0,False,0.0,False,kovalainen,Finnish,caterham,Auto%#,18,0.0,0.0,20.0,0,0,11,4.200000000000003,31.0
11601,2012,17.0,buddh,False,0.0,False,0.0,False,glock,German,marussia,21,20,0.0,0.0,19.0,0,0,10,4.299999999999997,30.0
11604,2012,17.0,buddh,,0.0,False,0.0,False,rosa,Spanish,hrt,22,23,0.0,0.0,25.0,0,0,12,5.299999999999997,41.0
11602,2012,17.0,buddh,False,0.0,False,0.0,False,karthikeyan,Indian,hrt,,21,0.0,0.0,24.0,0,0,12,5.299999999999997,35.0
11600,2012,17.0,buddh,,0.0,False,0.0,False,pic,French,marussia,24,19,0.0,0.0,23.0,0,0,10,5.400000000000006,22.0
11625,2012,18.0,yas_marina,False,0.0,False,0.0,False,hamilton,British,mclaren,1,21,165.0,3.0,5.0,306,5,3,0.0,27.0
11624,2012,18.0,yas_marina,False,0.0,False,0.0,False,webber,Australian,red_bull,2,20,167.0,2.0,4.0,407,7,1,0.4000000000000057,36.0
11609,2012,18.0,yas_marina,False,0.0,False,0.0,False,maldonado,Venezuelan,williams,3,5,33.0,1.0,15.0,59,1,8,0.6000000000000085,27.0
11606,2012,18.0,yas_marina,False,,False,0.0,False,raikkonen,Finnish,lotus_f1,4,1,173.0,0.0,3.0,263,0,4,0.7000000000000028,33.0
11608,2012,18.0,yas_marina,False,0.0,False,0.0,False,button,British,Auto%#,5,4,141.0,2.0,6.0,306,5,3,,32.0
11607,2012,18.0,Auto%#,False,0.0,False,,False,alonso,Spanish,ferrari,6,2,227.0,3.0,2.0,316,3,2,1.0,31.0
11627,2012,18.0,yas_marina,False,0.0,False,0.0,False,rosberg,German,mercedes,7,23,93.0,1.0,7.0,136,1,5,1.0,27.0
11611,2012,18.0,yas_marina,False,0.0,False,0.0,False,massa,Brazilian,ferrari,8,7,89.0,0.0,9.0,316,3,2,1.1000000000000083,31.0
11623,2012,18.0,yas_marina,False,0.0,False,0.0,False,grosjean,French,lotus_f1,9,19,90.0,0.0,8.0,263,0,4,1.2000000000000028,26.0
11628,2012,18.0,yas_marina,False,0.0,,0.0,False,hulkenberg,German,force_india,10,24,49.0,0.0,12.0,93,0,7,1.4000000000000057,25.0
11619,2012,18.0,yas_marina,False,0.0,False,0.0,False,perez,Mexican,sauber,11,15,66.0,0.0,10.0,116,0,6,1.5,22.0
11613,2012,18.0,yas_marina,False,0.0,False,0.0,,resta,British,force_india,12,9,44.0,0.0,13.0,93,0,7,1.6000000000000083,26.0
11615,2012,18.0,yas_marina,False,0.0,False,0.0,False,michael_schumacher,German,mercedes,13,11,43.0,0.0,14.0,136,1,5,1.7000000000000028,
11612,2012,18.0,yas_marina,False,0.0,False,0.0,False,,Brazilian,williams,14,8,26.0,0.0,16.0,59,1,8,1.7000000000000028,29.0
11610,2012,18.0,yas_marina,False,0.0,False,0.0,False,kobayashi,Japanese,sauber,15,6,50.0,0.0,11.0,116,0,6,2.0,26.0
11614,2012,18.0,yas_marina,False,0.0,False,0.0,False,ricciardo,Australian,,16,10,9.0,0.0,18.0,21,0,9,2.200000000000003,
11616,2012,18.0,yas_marina,False,0.0,False,0.0,False,vergne,French,toro_rosso,17,12,12.0,0.0,17.0,,0,9,3.5,22.0
11617,2012,18.0,yas_marina,False,0.0,False,0.0,False,kovalainen,Finnish,caterham,18,13,0.0,0.0,20.0,0,0,11,4.400000000000006,31.0
11622,2012,18.0,yas_marina,False,0.0,False,0.0,False,pic,French,marussia,19,18,0.0,0.0,23.0,0,0,10,4.5,22.0
11620,2012,18.0,yas_marina,False,0.0,False,0.0,False,petrov,,caterham,20,16,0.0,0.0,,0,0,11,4.6000000000000085,28.0
11618,2012,18.0,yas_marina,False,0.0,False,0.0,False,glock,German,marussia,21,14,0.0,0.0,,0,0,10,4.800000000000011,30.0
11621,2012,18.0,yas_marina,False,0.0,False,0.0,False,rosa,Spanish,hrt,22,17,0.0,0.0,25.0,0,0,12,5.200000000000003,41.0
11626,2012,18.0,yas_marina,False,0.0,False,0.0,False,karthikeyan,Indian,hrt,23,22,0.0,0.0,24.0,0,0,12,5.800000000000011,35.0
11630,2012,19.0,,False,0.0,False,0.0,False,vettel,German,red_bull,1,2,255.0,5.0,1.0,422,7,1,0.0,25.0
11629,2012,19.0,americas,False,0.0,False,0.0,Auto%#,hamilton,British,mclaren,2,1,165.0,3.0,5.0,318,5,3,0.0999999999999943,27.0
11651,2012,19.0,americas,False,0.0,False,0.0,False,webber,Australian,red_bull,3,23,167.0,2.0,,422,7,1,0.5,36.0
11634,2012,19.0,americas,False,0.0,False,0.0,False,raikkonen,Finnish,lotus_f1,4,6,198.0,1.0,3.0,288,1,4,1.0,33.0
11644,2012,19.0,americas,False,0.0,False,0.0,False,michael_schumacher,German,mercedes,5,16,43.0,0.0,15.0,136,1,5,1.0999999999999943,43.0
11636,2012,19.0,americas,False,0.0,False,0.0,False,hulkenberg,German,force_india,6,8,49.0,0.0,12.0,95,0,7,1.3999999999999917,25.0
11631,2012,19.0,americas,False,0.0,False,0.0,False,alonso,Spanish,,7,3,245.0,3.0,,340,3,2,1.5999999999999943,31.0
11635,2012,19.0,americas,False,0.0,False,0.0,False,grosjean,French,lotus_f1,8,7,90.0,0.0,9.0,288,1,4,0.8999999999999915,26.0
11637,2012,19.0,americas,False,0.0,,,False,maldonado,Venezuelan,williams,9,9,43.0,1.0,14.0,73,1,8,2.0999999999999943,27.0
11638,2012,19.0,americas,False,0.0,False,0.0,False,bruno_senna,Brazilian,williams,10,10,30.0,0.0,16.0,73,1,8,,29.0
11632,2012,19.0,americas,False,0.0,False,0.0,False,massa,Brazilian,ferrari,11,4,95.0,0.0,7.0,340,3,2,1.2000000000000028,31.0
11633,2012,19.0,americas,False,0.0,False,0.0,False,button,,mclaren,12,5,153.0,2.0,6.0,318,5,3,1.8999999999999917,32.0
11643,2012,19.0,americas,False,0.0,False,0.0,False,resta,British,force_india,13,15,46.0,0.0,13.0,95,0,7,2.0,26.0
11652,2012,19.0,americas,False,0.0,False,0.0,False,vergne,French,toro_rosso,14,24,12.0,0.0,17.0,22,,9,2.200000000000003,22.0
11639,2012,19.0,americas,False,0.0,False,,False,perez,Mexican,sauber,15,11,66.0,0.0,10.0,124,0,6,2.5,22.0
11642,2012,19.0,americas,False,0.0,False,0.0,False,kobayashi,Japanese,sauber,16,14,58.0,0.0,11.0,124,0,Auto%#,2.700000000000003,26.0
11641,2012,19.0,americas,False,0.0,False,0.0,False,rosberg,German,mercedes,17,13,93.0,1.0,8.0,136,1,5,2.799999999999997,27.0
11640,2012,19.0,americas,False,0.0,False,0.0,False,ricciardo,Australian,toro_rosso,18,12,10.0,0.0,18.0,22,0,9,,23.0
11647,2012,19.0,americas,False,0.0,False,0.0,False,glock,German,,19,19,0.0,0.0,19.0,0,0,10,4.399999999999992,30.0
11648,2012,19.0,americas,False,0.0,False,0.0,False,pic,French,marussia,,20,0.0,0.0,23.0,0,0,10,5.0,22.0
11645,2012,19.0,americas,,0.0,False,0.0,False,petrov,Russian,caterham,21,17,0.0,0.0,21.0,0,0,11,,28.0
11646,2012,19.0,americas,False,0.0,False,0.0,False,kovalainen,Finnish,caterham,22,18,0.0,,20.0,0,0,11,5.5,31.0
11649,2012,19.0,americas,False,0.0,False,0.0,False,rosa,Spanish,hrt,23,21,0.0,0.0,25.0,0,0,12,6.299999999999997,41.0
11650,2012,19.0,americas,False,0.0,False,0.0,False,karthikeyan,Indian,hrt,24,22,0.0,0.0,24.0,0,0,12,7.0,35.0
11672,2012,20.0,interlagos,,0.0,False,1.0,False,hamilton,,mclaren,1,20,190.0,4.0,4.0,353,6,3,0.0,27.0
11653,2012,20.0,interlagos,False,0.0,False,1.0,False,button,British,mclaren,2,1,163.0,2.0,6.0,353,6,3,0.0,32.0
11656,2012,20.0,interlagos,False,0.0,False,1.0,False,webber,Australian,,3,4,167.0,2.0,5.0,440,7,1,0.0999999999999943,36.0
11658,2012,20.0,,False,0.0,False,1.0,False,vettel,German,red_bull,4,6,273.0,5.0,1.0,440,7,1,0.2999999999999971,25.0
11655,2012,20.0,interlagos,False,0.0,False,1.0,False,massa,Brazilian,ferrari,5,3,107.0,0.0,7.0,367,3,2,0.5,31.0
11657,2012,,interlagos,,0.0,False,1.0,,hulkenberg,German,force_india,6,5,53.0,0.0,12.0,99,0,7,0.7000000000000028,25.0
11654,2012,20.0,interlagos,,0.0,False,1.0,False,alonso,Spanish,ferrari,7,2,260.0,3.0,2.0,367,3,2,0.7999999999999972,31.0
,2012,,interlagos,False,0.0,False,1.0,False,raikkonen,Finnish,,8,10,206.0,1.0,3.0,302,1,4,,33.0
11667,2012,20.0,interlagos,False,0.0,False,1.0,False,rosberg,German,mercedes,9,15,93.0,1.0,,136,1,5,1.0,27.0
11671,2012,20.0,interlagos,False,0.0,False,1.0,,resta,British,force_india,10,19,46.0,0.0,13.0,99,0,7,1.5999999999999943,26.0
11675,2012,20.0,interlagos,False,0.0,False,1.0,False,bruno_senna,Brazilian,williams,11,23,31.0,0.0,16.0,76,,8,1.7000000000000028,29.0
11676,2012,20.0,interlagos,False,0.0,False,1.0,False,perez,Mexican,,12,24,66.0,0.0,10.0,124,0,6,1.7000000000000028,22.0
11659,2012,20.0,interlagos,False,0.0,False,1.0,False,michael_schumacher,German,mercedes,13,7,43.0,0.0,15.0,136,1,Auto%#,1.7999999999999972,43.0
11661,2012,20.0,interlagos,False,,False,1.0,False,kobayashi,Japanese,sauber,14,9,58.0,0.0,11.0,124,0,6,1.9000000000000057,26.0
11665,2012,20.0,interlagos,False,0.0,False,1.0,False,ricciardo,Australian,toro_rosso,15,13,10.0,0.0,18.0,22,0,9,2.0999999999999943,23.0
11674,2012,20.0,interlagos,False,0.0,False,1.0,False,maldonado,Venezuelan,williams,16,22,45.0,1.0,14.0,76,1,8,0.7000000000000028,
,2012,20.0,interlagos,,0.0,False,1.0,False,vergne,French,toro_rosso,17,8,12.0,0.0,17.0,22,0,9,2.0999999999999943,22.0
11673,2012,20.0,interlagos,False,0.0,False,1.0,False,grosjean,French,Auto%#,18,21,96.0,0.0,8.0,302,1,4,4.5,26.0
11663,2012,20.0,interlagos,False,0.0,False,1.0,False,petrov,Russian,caterham,,,,0.0,,0,0,11,4.599999999999994,28.0
11666,2012,20.0,interlagos,False,0.0,False,1.0,False,kovalainen,Finnish,caterham,20,,0.0,0.0,20.0,0,0,11,4.599999999999994,31.0
11668,2012,20.0,interlagos,False,0.0,False,,,glock,German,marussia,21,16,0.0,0.0,19.0,0,0,10,5.0,30.0
11664,2012,20.0,interlagos,False,0.0,False,1.0,False,pic,French,marussia,22,12,0.0,0.0,23.0,0,0,10,5.599999999999994,
11670,2012,20.0,interlagos,False,0.0,False,1.0,,karthikeyan,Indian,hrt,23,18,0.0,0.0,24.0,0,0,12,7.099999999999994,35.0
11669,2012,20.0,Auto%#,False,0.0,False,,False,rosa,Spanish,hrt,24,17,0.0,0.0,25.0,0,0,12,7.200000000000003,41.0
11679,2013,1.0,albert_park,True,0.0,False,0.0,,vettel,German,red_bull,1,3,0.0,0.0,0.0,0,0,0,0.0,25.0
11682,2013,1.0,albert_park,True,0.0,False,0.0,False,webber,Australian,red_bull,2,6,0.0,0.0,0.0,0,0,0,0.3999999999999915,36.0
11681,2013,1.0,,True,0.0,False,0.0,False,hamilton,British,mercedes,3,Auto%#,0.0,0.0,0.0,0,0,0,0.6999999999999886,28.0
11680,2013,1.0,albert_park,True,0.0,False,0.0,False,massa,Brazilian,ferrari,4,4,0.0,0.0,0.0,0,0,0,1.0999999999999943,31.0
11678,2013,1.0,albert_park,True,,False,0.0,False,alonso,Spanish,ferrari,5,2,0.0,0.0,0.0,0,0,0,1.0999999999999943,31.0
11696,2013,1.0,albert_park,True,0.0,,0.0,False,rosberg,German,mercedes,6,20,0.0,0.0,0.0,0,0,0,1.0999999999999943,27.0
11677,2013,1.0,albert_park,True,0.0,False,,False,raikkonen,Finnish,lotus_f1,7,1,0.0,0.0,0.0,0,0,,1.2999999999999972,33.0
11686,2013,1.0,albert_park,True,0.0,False,0.0,False,grosjean,French,lotus_f1,8,10,0.0,0.0,0.0,0,0,0,1.5999999999999943,26.0
11684,2013,1.0,albert_park,True,0.0,False,0.0,False,,,force_india,9,8,0.0,0.0,0.0,0,0,0,1.8999999999999917,26.0
11685,2013,1.0,albert_park,True,0.0,Auto%#,0.0,False,button,British,mclaren,10,9,0.0,0.0,0.0,0,0,,3.0,
11698,,1.0,albert_park,True,0.0,False,0.0,False,hulkenberg,,sauber,11,22,0.0,0.0,0.0,0,0,0,10.699999999999989,25.0
11683,2013,1.0,albert_park,True,0.0,False,,False,sutil,German,force_india,12,7,0.0,0.0,0.0,,0,0,10.699999999999989,30.0
11688,2013,1.0,albert_park,True,0.0,False,0.0,False,,French,toro_rosso,13,12,0.0,0.0,0.0,0,0,0,11.399999999999991,22.0
11695,2013,,albert_park,True,0.0,False,0.0,False,ricciardo,Australian,toro_rosso,14,19,0.0,0.0,0.0,0,0,0,11.599999999999994,23.0
11687,2013,1.0,albert_park,True,0.0,False,0.0,False,perez,Mexican,mclaren,,11,0.0,0.0,0.0,0,0,0,12.5,23.0
11690,2013,1.0,albert_park,True,0.0,False,0.0,False,bottas,Finnish,,16,14,0.0,0.0,0.0,0,0,0,12.899999999999991,23.0
11697,2013,1.0,albert_park,,,False,0.0,False,maldonado,Venezuelan,Auto%#,17,21,0.0,0.0,0.0,0,0,0,20.19999999999999,28.0
11689,2013,1.0,albert_park,True,0.0,False,0.0,False,gutierrez,Mexican,sauber,18,13,0.0,0.0,0.0,0,0,0,20.39999999999999,21.0
11691,2013,1.0,albert_park,True,0.0,False,0.0,Auto%#,jules_bianchi,French,marussia,19,15,,0.0,0.0,0,0,0,20.69999999999999,23.0
11693,2013,1.0,albert_park,True,0.0,False,0.0,False,chilton,British,marussia,20,17,0.0,0.0,0.0,0,0,0,21.5,21.0
11694,2013,1.0,albert_park,True,0.0,False,0.0,False,garde,Dutch,caterham,21,18,0.0,0.0,0.0,0,0,0,22.099999999999994,27.0
11699,2013,2.0,sepang,False,0.0,True,1.0,True,vettel,German,red_bull,1,1,15.0,,3.0,23,0,3,0.0,25.0
11703,2013,2.0,sepang,False,0.0,True,1.0,True,massa,Brazilian,ferrari,2,5,12.0,0.0,4.0,30,,1,0.8999999999999915,31.0
11720,2013,2.0,sepang,False,0.0,True,1.0,True,alonso,Spanish,ferrari,3,22,18.0,0.0,2.0,30,0,1,1.0,31.0
11701,2013,2.0,sepang,False,0.0,True,1.0,True,hamilton,British,mercedes,,,10.0,0.0,5.0,10,0,4,2.0,28.0
11700,2013,2.0,sepang,False,0.0,True,1.0,Auto%#,webber,Australian,red_bull,5,2,8.0,0.0,6.0,23,0,3,2.5,36.0
11702,2013,2.0,sepang,False,,True,1.0,True,rosberg,,mercedes,6,4,0.0,0.0,,10,0,4,2.799999999999997,27.0
11715,2013,2.0,sepang,False,0.0,True,1.0,True,button,British,mclaren,7,17,2.0,0.0,9.0,2,0,6,3.5,33.0
11718,2013,2.0,sepang,False,,True,1.0,True,sutil,German,force_india,8,20,6.0,0.0,7.0,10,0,5,3.700000000000003,30.0
11707,2013,2.0,sepang,False,0.0,True,1.0,True,perez,Mexican,mclaren,9,9,0.0,0.0,,2,0,6,4.399999999999992,23.0
11705,2013,2.0,sepang,False,0.0,True,1.0,True,raikkonen,Finnish,lotus_f1,10,7,25.0,1.0,1.0,26,1,2,3.299999999999997,33.0
11704,2013,,sepang,False,0.0,True,1.0,True,grosjean,French,lotus_f1,11,6,1.0,0.0,10.0,26,1,2,-12.100000000000009,26.0
11706,2013,2.0,sepang,False,0.0,True,1.0,True,hulkenberg,German,sauber,12,8,0.0,0.0,22.0,,0,8,-11.600000000000009,25.0
11716,2013,2.0,sepang,False,0.0,True,1.0,True,ricciardo,Australian,toro_rosso,13,18,0.0,0.0,19.0,0,0,7,-10.900000000000006,23.0
11710,2013,2.0,sepang,False,0.0,True,1.0,True,gutierrez,Mexican,sauber,14,12,0.0,0.0,13.0,0,0,8,-10.5,21.0
11719,2013,2.0,sepang,False,0.0,True,1.0,True,resta,British,force_india,15,21,4.0,0.0,8.0,10,0,5,-5.200000000000003,26.0
11708,2013,2.0,sepang,False,0.0,True,1.0,True,vergne,Auto%#,toro_rosso,17,10,0.0,0.0,,0,0,7,-11.5,22.0
11709,2013,2.0,sepang,False,,True,1.0,True,bottas,Finnish,williams,18,,0.0,0.0,14.0,0,0,9,-11.5,23.0
11711,2013,2.0,sepang,False,0.0,True,1.0,True,jules_bianchi,French,marussia,19,13,0.0,0.0,15.0,0,0,10,-11.299999999999995,23.0
11712,2013,2.0,sepang,False,0.0,True,1.0,,pic,French,caterham,,14,0.0,0.0,16.0,0,0,11,-10.400000000000006,23.0
11714,2013,2.0,sepang,False,0.0,True,1.0,True,chilton,British,marussia,Auto%#,16,,0.0,17.0,0,0,10,-10.0,21.0
,2013,2.0,sepang,False,0.0,True,1.0,True,garde,Dutch,caterham,22,15,0.0,0.0,18.0,0,0,11,-9.799999999999995,27.0
11723,2013,3.0,shanghai,False,0.0,False,0.0,False,hamilton,British,mercedes,1,3,25.0,0.0,4.0,37,0,4,0.0,28.0
11722,2013,3.0,shanghai,False,0.0,False,0.0,False,,Finnish,lotus_f1,2,2,31.0,1.0,2.0,40,1,2,0.2999999999999971,33.0
11721,2013,3.0,shanghai,False,0.0,Auto%#,0.0,False,alonso,Spanish,ferrari,3,1,18.0,0.0,6.0,40,0,3,0.2999999999999971,31.0
11739,2013,3.0,shanghai,False,0.0,False,0.0,False,,German,mercedes,4,19,12.0,0.0,7.0,37,0,4,0.4000000000000057,27.0
11726,2013,3.0,shanghai,,0.0,False,0.0,False,massa,Brazilian,ferrari,5,6,22.0,0.0,5.0,40,0,3,0.4000000000000057,31.0
11729,2013,3.0,shanghai,False,0.0,False,0.0,False,grosjean,French,lotus_f1,6,9,9.0,0.0,8.0,40,1,2,0.9000000000000057,26.0
11727,2013,3.0,shanghai,False,0.0,False,0.0,False,ricciardo,Australian,toro_rosso,7,7,0.0,0.0,21.0,1,0,8,1.5,23.0
11725,2013,3.0,shanghai,False,0.0,False,0.0,False,button,British,mclaren,Auto%#,5,2.0,0.0,13.0,4,0,7,31.200000000000003,33.0
11728,2013,3.0,shanghai,False,0.0,False,0.0,False,resta,British,force_india,11,8,4.0,0.0,,10,0,5,1.7999999999999972,26.0
11731,2013,3.0,shanghai,False,0.0,False,0.0,False,perez,Mexican,mclaren,12,11,2.0,0.0,12.0,4,0,Auto%#,1.7999999999999972,23.0
11741,2013,3.0,shanghai,False,0.0,False,0.0,False,sutil,German,force_india,13,21,6.0,0.0,9.0,10,0,5,1.9000000000000057,30.0
11734,2013,3.0,shanghai,False,0.0,False,0.0,False,maldonado,Venezuelan,williams,14,14,0.0,0.0,22.0,0,0,9,2.5999999999999943,28.0
11732,2013,3.0,shanghai,False,0.0,False,0.0,False,vergne,French,toro_rosso,15,12,,0.0,,1,0,8,2.700000000000003,22.0
11733,2013,3.0,shanghai,False,0.0,,0.0,False,bottas,Finnish,williams,16,13,0.0,0.0,15.0,0,0,9,3.299999999999997,23.0
11742,2013,3.0,shanghai,False,0.0,False,0.0,False,gutierrez,Mexican,sauber,17,22,0.0,0.0,16.0,4,0,6,3.5,21.0
11735,2013,3.0,shanghai,False,0.0,False,0.0,False,jules_bianchi,French,marussia,18,15,0.0,0.0,17.0,0,0,,4.299999999999997,23.0
11737,2013,3.0,shanghai,,0.0,False,0.0,False,chilton,British,marussia,19,17,0.0,0.0,20.0,0,0,10,5.0,21.0
11736,2013,3.0,,False,0.0,False,0.0,False,pic,French,caterham,20,16,0.0,0.0,18.0,0,0,11,5.099999999999994,23.0
11738,2013,3.0,shanghai,False,0.0,False,,False,garde,Dutch,caterham,21,18,0.0,0.0,19.0,0,0,11,5.200000000000003,27.0
11751,2013,4.0,bahrain,False,0.0,False,0.0,False,rosberg,German,mercedes,1,9,12.0,0.0,7.0,52,,4,0.0,27.0
11743,2013,4.0,bahrain,False,0.0,False,0.0,False,vettel,German,,2,1,52.0,1.0,1.0,78,1,1,0.2999999999999971,25.0
11750,2013,4.0,,False,0.0,False,0.0,False,alonso,Spanish,ferrari,3,8,43.0,1.0,3.0,,1,2,0.4000000000000057,31.0
11757,2013,4.0,bahrain,False,0.0,False,0.0,False,massa,Brazilian,ferrari,4,15,30.0,0.0,,73,1,2,0.9000000000000057,31.0
11746,2013,4.0,bahrain,False,0.0,False,0.0,False,resta,British,force_india,5,4,8.0,0.0,10.0,14,0,6,0.9000000000000057,27.0
11755,2013,4.0,bahrain,False,0.0,False,0.0,False,sutil,German,force_india,6,13,6.0,0.0,12.0,14,0,6,0.9000000000000057,30.0
11749,,4.0,bahrain,False,0.0,False,0.0,False,webber,Australian,red_bull,7,7,26.0,0.0,6.0,78,1,1,0.7999999999999972,36.0
11744,2013,4.0,bahrain,False,0.0,False,0.0,False,raikkonen,Finnish,lotus_f1,8,2,49.0,1.0,2.0,60,1,3,1.0,33.0
11747,2013,4.0,bahrain,False,0.0,False,0.0,False,hamilton,,mercedes,9,5,40.0,0.0,4.0,52,0,4,0.5,28.0
11745,2013,4.0,bahrain,False,0.0,False,0.0,False,grosjean,French,lotus_f1,11,3,11.0,0.0,9.0,60,1,3,1.5,27.0
11748,2013,4.0,bahrain,False,0.0,False,0.0,False,perez,Mexican,mclaren,12,6,2.0,0.0,14.0,,0,5,1.6000000000000083,23.0
11758,2013,4.0,bahrain,,0.0,False,0.0,False,ricciardo,Australian,toro_rosso,,16,6.0,0.0,11.0,7,0,7,1.7000000000000028,23.0
11754,2013,4.0,bahrain,False,,False,0.0,False,hulkenberg,German,sauber,14,,5.0,,,5,0,8,1.7000000000000028,25.0
11756,2013,4.0,bahrain,False,0.0,False,0.0,False,bottas,Finnish,williams,15,14,0.0,0.0,16.0,0,0,9,1.7999999999999972,23.0
11764,2013,4.0,bahrain,,0.0,False,0.0,False,vergne,French,toro_rosso,16,22,1.0,0.0,15.0,7,0,7,2.0,22.0
11753,2013,4.0,Auto%#,False,0.0,False,0.0,False,maldonado,Venezuelan,Auto%#,17,11,0.0,0.0,20.0,0,0,9,2.1000000000000085,28.0
11759,2013,4.0,bahrain,False,0.0,False,0.0,False,pic,French,caterham,,17,0.0,0.0,19.0,0,0,11,3.0,23.0
11761,2013,4.0,bahrain,False,0.0,False,0.0,False,jules_bianchi,French,marussia,19,19,0.0,0.0,18.0,0,0,10,3.9000000000000057,23.0
11763,2013,4.0,bahrain,False,0.0,False,0.0,False,garde,Dutch,caterham,20,21,0.0,0.0,,0,0,11,4.0,27.0
11762,2013,4.0,bahrain,False,0.0,False,0.0,False,chilton,British,marussia,21,20,0.0,0.0,22.0,0,0,10,4.200000000000003,22.0
11760,2013,4.0,bahrain,False,0.0,False,0.0,False,gutierrez,Mexican,sauber,22,18,0.0,0.0,17.0,5,0,8,2.4000000000000057,21.0
11770,2013,5.0,catalunya,True,0.0,,0.0,False,rosberg,German,mercedes,1,6,14.0,0.0,9.0,64,0,4,0.0,27.0
11776,2013,5.0,catalunya,,0.0,False,0.0,False,hamilton,British,mercedes,2,12,50.0,0.0,3.0,64,0,4,,28.0
11768,2013,5.0,catalunya,True,0.0,False,0.0,False,vettel,German,red_bull,3,4,77.0,2.0,1.0,109,2,1,0.3999999999999915,25.0
11766,2013,5.0,catalunya,True,0.0,False,0.0,False,raikkonen,Finnish,lotus_f1,4,2,67.0,1.0,2.0,93,1,2,0.5,33.0
11765,2013,5.0,catalunya,True,0.0,False,0.0,False,alonso,Spanish,ferrari,5,1,47.0,1.0,4.0,77,1,3,0.5,31.0
11786,2013,5.0,catalunya,True,0.0,False,0.0,False,grosjean,French,lotus_f1,6,22,26.0,0.0,7.0,93,1,2,0.5999999999999943,27.0
11769,2013,5.0,catalunya,True,0.0,False,0.0,False,webber,Australian,red_bull,7,5,32.0,0.0,5.0,109,2,1,0.8999999999999915,36.0
11773,2013,,catalunya,True,0.0,False,0.0,False,perez,Mexican,mclaren,8,9,10.0,0.0,11.0,23,0,6,1.3999999999999917,23.0
11767,2013,5.0,catalunya,True,0.0,False,0.0,False,massa,Brazilian,ferrari,9,3,30.0,0.0,6.0,77,1,3,0.5,32.0
11771,2013,5.0,catalunya,True,0.0,False,0.0,False,resta,British,force_india,10,7,20.0,0.0,8.0,26,0,5,1.5,27.0
11774,2013,5.0,catalunya,True,0.0,False,0.0,False,ricciardo,Australian,toro_rosso,11,10,6.0,0.0,13.0,7,0,7,1.3999999999999917,23.0
11784,2013,5.0,catalunya,True,0.0,False,0.0,False,vergne,French,toro_rosso,,20,1.0,0.0,15.0,7,0,7,1.5,23.0
11777,2013,5.0,catalunya,True,0.0,False,0.0,False,sutil,German,force_india,13,13,6.0,0.0,12.0,26,0,5,1.5999999999999943,30.0
11772,2013,5.0,catalunya,True,0.0,Auto%#,0.0,False,button,British,mclaren,14,8,13.0,0.0,10.0,23,0,6,1.7000000000000028,33.0
11779,2013,5.0,catalunya,True,0.0,False,0.0,False,hulkenberg,German,sauber,15,15,5.0,0.0,,5,0,8,1.7000000000000028,25.0
11780,2013,5.0,catalunya,True,0.0,False,0.0,False,bottas,Finnish,williams,16,16,0.0,0.0,16.0,0,0,9,2.5999999999999943,23.0
11778,2013,5.0,catalunya,True,0.0,False,0.0,False,maldonado,Venezuelan,williams,17,14,0.0,0.0,17.0,0,0,9,2.5999999999999943,28.0
11785,2013,5.0,catalunya,True,0.0,False,0.0,False,,Dutch,caterham,18,21,0.0,0.0,21.0,0,0,11,4.0,28.0
11775,2013,5.0,catalunya,True,0.0,False,0.0,False,gutierrez,Mexican,sauber,19,11,0.0,0.0,18.0,5,0,8,2.0999999999999943,21.0
11782,2013,5.0,catalunya,True,0.0,,0.0,False,jules_bianchi,French,marussia,20,,0.0,0.0,19.0,0,0,10,4.0,23.0
,2013,5.0,catalunya,True,0.0,False,0.0,False,chilton,British,marussia,21,19,0.0,0.0,22.0,0,0,10,4.299999999999997,22.0
11781,2013,5.0,catalunya,True,0.0,False,0.0,False,pic,French,caterham,22,17,0.0,0.0,20.0,0,0,11,4.399999999999992,23.0
11787,2013,6.0,monaco,True,0.0,False,0.0,False,rosberg,German,mercedes,Auto%#,1,22.0,0.0,9.0,72,0,4,0.0,27.0
11790,2013,6.0,monaco,True,0.0,False,0.0,False,hamilton,British,mercedes,2,4,,0.0,4.0,72,0,4,0.0999999999999943,28.0
11788,2013,6.0,monaco,True,0.0,False,0.0,False,vettel,German,red_bull,,2,89.0,2.0,1.0,131,2,1,0.0999999999999943,25.0
11789,2013,6.0,monaco,True,0.0,False,0.0,,webber,Australian,red_bull,4,3,42.0,0.0,6.0,131,2,1,0.2999999999999971,36.0
11796,2013,6.0,monaco,True,,False,0.0,False,raikkonen,Finnish,lotus_f1,5,10,85.0,1.0,2.0,111,1,3,0.8999999999999915,33.0
11793,2013,6.0,monaco,True,0.0,False,0.0,False,alonso,Spanish,ferrari,6,7,72.0,2.0,3.0,117,2,2,0.8999999999999915,31.0
11802,2013,6.0,monaco,True,0.0,False,0.0,False,perez,Mexican,mclaren,7,16,12.0,0.0,11.0,29,0,6,1.1999999999999886,23.0
11791,2013,6.0,monaco,True,0.0,False,0.0,False,sutil,German,force_india,8,5,6.0,0.0,13.0,32,0,5,1.5,30.0
11792,2013,6.0,monaco,True,0.0,False,0.0,False,button,British,mclaren,9,6,17.0,0.0,10.0,29,0,6,,33.0
11794,2013,6.0,monaco,True,0.0,False,0.0,False,vergne,French,toro_rosso,10,8,1.0,0.0,15.0,8,0,7,1.7999999999999972,23.0
11797,2013,6.0,monaco,True,0.0,False,0.0,False,hulkenberg,German,sauber,11,11,5.0,0.0,14.0,5,0,8,4.399999999999992,25.0
11804,2013,6.0,Auto%#,True,0.0,False,0.0,False,ricciardo,Australian,toro_rosso,12,18,7.0,0.0,12.0,8,0,7,4.399999999999992,23.0
,2013,6.0,monaco,True,,False,0.0,,grosjean,French,lotus_f1,13,17,26.0,0.0,7.0,111,1,3,4.699999999999989,27.0
11798,,6.0,monaco,True,0.0,False,0.0,False,bottas,Finnish,williams,14,12,0.0,0.0,,0,0,9,5.199999999999989,23.0
11801,2013,6.0,monaco,True,,False,0.0,False,garde,Dutch,caterham,15,15,0.0,0.0,21.0,0,0,11,5.5,
11806,2013,6.0,monaco,True,0.0,False,0.0,False,maldonado,Venezuelan,williams,16,20,0.0,0.0,18.0,0,0,9,7.799999999999997,28.0
11795,2013,6.0,monaco,True,0.0,False,0.0,False,resta,British,force_india,17,9,26.0,0.0,8.0,32,,5,12.399999999999991,27.0
11808,2013,6.0,monaco,True,0.0,False,0.0,False,pic,French,caterham,18,22,0.0,0.0,20.0,0,0,11,12.699999999999989,23.0
11799,2013,6.0,monaco,True,0.0,False,0.0,False,gutierrez,Mexican,sauber,19,13,0.0,0.0,16.0,5,0,8,13.0,21.0
11800,,6.0,monaco,True,,False,0.0,False,chilton,British,marussia,22,14,0.0,0.0,22.0,0,0,10,13.399999999999991,22.0
11809,2013,7.0,villeneuve,True,0.0,False,0.0,False,,German,red_bull,1,1,107.0,2.0,1.0,164,2,1,0.0,25.0
11811,2013,7.0,villeneuve,True,0.0,False,0.0,False,hamilton,British,mercedes,2,3,62.0,0.0,4.0,109,1,4,0.0999999999999943,
11822,2013,7.0,villeneuve,True,0.0,False,0.0,False,bottas,Finnish,williams,3,14,0.0,0.0,17.0,0,0,9,0.5,23.0
11813,2013,7.0,villeneuve,True,0.0,False,0.0,False,rosberg,German,mercedes,4,5,47.0,1.0,6.0,109,1,4,0.5999999999999943,27.0
11812,2013,7.0,,True,0.0,False,0.0,False,webber,Australian,red_bull,5,4,,0.0,5.0,164,2,Auto%#,0.7999999999999972,36.0
11810,2013,7.0,villeneuve,True,0.0,False,,False,alonso,Spanish,ferrari,6,2,78.0,2.0,3.0,123,2,,1.0999999999999943,31.0
11814,2013,7.0,villeneuve,True,0.0,False,0.0,Auto%#,vergne,French,toro_rosso,7,6,5.0,0.0,15.0,12,0,7,1.0999999999999943,23.0
11818,2013,7.0,villeneuve,True,,False,0.0,False,sutil,German,force_india,8,10,16.0,0.0,11.0,44,0,,1.8999999999999917,30.0
11829,2013,7.0,villeneuve,True,0.0,False,0.0,False,hulkenberg,German,sauber,9,21,5.0,0.0,14.0,5,0,8,4.0,25.0
11817,2013,7.0,villeneuve,True,0.0,False,0.0,False,raikkonen,Finnish,lotus_f1,10,9,86.0,1.0,2.0,112,1,3,2.0,33.0
11823,2013,7.0,villeneuve,True,0.0,False,0.0,False,ricciardo,Australian,toro_rosso,11,15,7.0,0.0,13.0,12,0,7,2.5,23.0
11819,2013,7.0,villeneuve,True,0.0,False,0.0,False,perez,Mexican,mclaren,12,11,12.0,0.0,12.0,37,0,6,4.399999999999992,23.0
11824,2013,7.0,villeneuve,True,0.0,False,0.0,False,maldonado,Venezuelan,williams,13,16,0.0,0.0,18.0,0,0,9,4.5,28.0
11820,2013,7.0,villeneuve,True,0.0,False,0.0,False,button,British,mclaren,14,12,,0.0,10.0,37,0,6,4.699999999999989,33.0
11828,2013,7.0,villeneuve,True,0.0,False,0.0,False,gutierrez,Mexican,sauber,15,20,0.0,0.0,16.0,5,0,8,4.899999999999992,21.0
11816,2013,7.0,villeneuve,True,0.0,False,0.0,False,massa,,ferrari,16,,45.0,0.0,7.0,123,2,2,5.0,32.0
11815,2013,7.0,villeneuve,True,0.0,False,0.0,False,resta,British,force_india,17,,28.0,0.0,8.0,44,0,5,-0.5,27.0
11826,2013,7.0,villeneuve,True,0.0,False,0.0,False,,French,caterham,18,18,0.0,0.0,20.0,0,0,11,0.1999999999999886,23.0
11825,2013,7.0,villeneuve,True,0.0,False,0.0,False,jules_bianchi,French,marussia,19,17,0.0,0.0,19.0,0,0,,1.0999999999999943,23.0
11827,2013,7.0,villeneuve,True,0.0,False,0.0,False,chilton,British,marussia,20,19,0.0,0.0,21.0,0,0,10,1.6999999999999886,22.0
11830,2013,7.0,villeneuve,True,0.0,False,0.0,False,garde,Dutch,caterham,21,22,0.0,0.0,22.0,0,0,11,1.6999999999999886,28.0
11821,2013,7.0,,True,0.0,False,0.0,False,grosjean,French,lotus_f1,22,13,26.0,0.0,9.0,112,1,Auto%#,0.2999999999999971,27.0
11834,2013,8.0,silverstone,,0.0,True,0.0,False,hamilton,British,mercedes,1,4,77.0,0.0,4.0,134,1,3,0.0,28.0
11831,2013,8.0,silverstone,False,0.0,True,0.0,False,rosberg,German,mercedes,2,1,57.0,1.0,6.0,134,1,3,0.5,28.0
11851,2013,8.0,silverstone,False,0.0,True,0.0,False,vettel,German,red_bull,3,21,132.0,3.0,1.0,201,3,1,0.6000000000000085,25.0
11832,2013,8.0,silverstone,False,0.0,True,0.0,False,webber,Australian,red_bull,4,2,69.0,0.0,5.0,201,3,1,0.6000000000000085,36.0
11838,2013,8.0,silverstone,False,0.0,True,0.0,False,ricciardo,Australian,toro_rosso,5,8,7.0,0.0,14.0,20,0,7,1.2000000000000028,23.0
11837,2013,8.0,silverstone,False,0.0,True,0.0,False,sutil,German,force_india,6,7,17.0,0.0,11.0,51,0,5,1.3000000000000114,30.0
11849,2013,8.0,silverstone,,0.0,True,0.0,False,grosjean,French,lotus_f1,7,19,26.0,0.0,9.0,114,1,4,1.4000000000000057,27.0
11835,2013,8.0,silverstone,False,0.0,True,0.0,False,raikkonen,Finnish,lotus_f1,8,5,88.0,,3.0,114,1,4,1.4000000000000057,33.0
11833,2013,8.0,silverstone,False,0.0,True,,False,alonso,Spanish,ferrari,9,3,96.0,2.0,2.0,145,2,2,1.4000000000000057,31.0
11843,2013,8.0,silverstone,False,0.0,True,0.0,False,button,British,mclaren,,13,25.0,0.0,10.0,37,0,6,2.0,33.0
11836,,8.0,silverstone,False,0.0,True,0.0,False,massa,Brazilian,ferrari,11,6,49.0,0.0,7.0,145,2,2,2.200000000000003,32.0
11852,2013,8.0,silverstone,False,0.0,True,0.0,False,vergne,French,toro_rosso,12,22,13.0,0.0,12.0,20,0,7,2.200000000000003,23.0
11850,2013,8.0,silverstone,False,0.0,True,0.0,False,perez,Mexican,mclaren,13,20,12.0,0.0,13.0,37,0,6,2.5,23.0
11840,2013,8.0,silverstone,False,0.0,True,,False,hulkenberg,German,sauber,14,10,,0.0,15.0,5,0,8,2.6000000000000085,25.0
11841,2013,8.0,silverstone,False,0.0,True,0.0,False,maldonado,Venezuelan,williams,15,11,0.0,0.0,18.0,0,0,Auto%#,2.800000000000012,28.0
11842,2013,8.0,silverstone,False,0.0,True,0.0,False,bottas,Finnish,williams,16,,0.0,0.0,17.0,0,,9,3.1000000000000085,23.0
11844,2013,8.0,silverstone,False,0.0,True,0.0,False,gutierrez,Mexican,sauber,17,14,0.0,0.0,16.0,5,0,8,3.1000000000000085,21.0
11845,2013,8.0,silverstone,False,0.0,True,0.0,False,pic,French,caterham,18,15,0.0,0.0,20.0,0,0,11,4.300000000000011,23.0
11846,2013,8.0,silverstone,False,0.0,True,0.0,False,jules_bianchi,French,marussia,19,16,0.0,0.0,19.0,0,0,,4.5,23.0
11847,2013,8.0,silverstone,False,0.0,True,0.0,False,chilton,British,marussia,20,17,,0.0,21.0,0,0,,6.300000000000011,22.0
11848,2013,8.0,silverstone,False,0.0,True,0.0,False,garde,Dutch,caterham,22,18,0.0,0.0,22.0,0,0,11,5.900000000000006,28.0
11857,2013,9.0,nurburgring,True,0.0,False,0.0,False,hamilton,British,mercedes,1,5,89.0,0.0,4.0,171,2,2,0.0,28.0
11853,2013,9.0,nurburgring,True,0.0,False,0.0,Auto%#,vettel,German,red_bull,2,1,132.0,3.0,,219,3,1,0.0999999999999943,26.0
11859,2013,9.0,nurburgring,True,0.0,False,0.0,False,webber,Australian,red_bull,3,7,87.0,0.0,5.0,219,3,1,0.1999999999999886,36.0
11854,2013,9.0,,True,0.0,False,0.0,False,raikkonen,,lotus_f1,4,2,98.0,1.0,3.0,124,1,4,0.5,33.0
11855,2013,9.0,nurburgring,True,0.0,False,,,grosjean,French,lotus_f1,5,3,26.0,0.0,9.0,124,1,4,0.5999999999999943,27.0
11864,2013,9.0,nurburgring,True,0.0,False,0.0,False,ricciardo,Australian,toro_rosso,6,12,11.0,0.0,14.0,24,0,7,1.0999999999999943,24.0
11874,2013,9.0,nurburgring,True,0.0,False,0.0,False,massa,Brazilian,ferrari,7,22,57.0,0.0,7.0,168,2,3,1.6999999999999886,32.0
11856,2013,9.0,nurburgring,True,,False,0.0,False,alonso,Spanish,ferrari,8,4,111.0,2.0,2.0,168,2,3,1.7999999999999972,31.0
11861,2013,9.0,nurburgring,True,0.0,False,0.0,False,rosberg,German,mercedes,11,,82.0,2.0,6.0,171,2,,0.8999999999999915,28.0
11863,2013,9.0,nurburgring,True,0.0,False,0.0,False,resta,British,force_india,12,,36.0,0.0,8.0,59,0,5,1.2999999999999972,27.0
11860,2013,9.0,nurburgring,True,0.0,,0.0,False,perez,Mexican,mclaren,13,8,12.0,0.0,13.0,37,0,,1.5,23.0
,2013,9.0,nurburgring,True,0.0,False,0.0,False,gutierrez,Mexican,sauber,14,14,0.0,0.0,18.0,6,0,8,1.5999999999999943,21.0
11865,2013,,nurburgring,True,,False,0.0,False,sutil,German,force_india,15,13,23.0,0.0,11.0,59,0,5,1.5999999999999943,30.0
11872,2013,9.0,nurburgring,True,0.0,,0.0,False,vergne,French,toro_rosso,16,20,13.0,0.0,12.0,24,0,7,1.6999999999999886,23.0
11868,2013,9.0,nurburgring,True,0.0,False,0.0,False,bottas,,williams,17,16,0.0,0.0,17.0,0,0,9,2.299999999999997,23.0
11867,2013,9.0,nurburgring,True,0.0,False,0.0,False,maldonado,Venezuelan,williams,18,15,0.0,0.0,16.0,0,0,9,2.299999999999997,28.0
11873,2013,9.0,nurburgring,,0.0,False,0.0,False,jules_bianchi,French,marussia,Auto%#,21,0.0,0.0,19.0,0,0,10,3.6999999999999886,23.0
11870,2013,9.0,nurburgring,True,0.0,False,0.0,False,garde,Dutch,caterham,20,18,0.0,0.0,22.0,0,0,11,4.299999999999997,28.0
11871,2013,9.0,nurburgring,True,0.0,False,0.0,False,chilton,British,marussia,21,19,0.0,0.0,21.0,0,0,10,4.699999999999989,22.0
11869,2013,9.0,,True,0.0,False,0.0,False,pic,French,caterham,22,17,0.0,0.0,20.0,0,0,11,3.5,23.0
11875,2013,10.0,hungaroring,True,0.0,False,0.0,False,hamilton,British,mercedes,1,1,99.0,0.0,4.0,183,2,2,0.0,28.0
11877,2013,10.0,hungaroring,True,0.0,False,0.0,False,vettel,German,red_bull,2,3,157.0,4.0,1.0,250,4,1,0.0,26.0
11880,2013,10.0,hungaroring,True,0.0,,0.0,False,grosjean,French,lotus_f1,3,,41.0,,8.0,157,1,4,0.1999999999999886,27.0
11893,2013,10.0,hungaroring,True,0.0,False,0.0,False,rosberg,German,,4,19,84.0,2.0,6.0,183,2,2,0.2999999999999971,28.0
11879,2013,10.0,hungaroring,True,0.0,False,0.0,False,alonso,Spanish,ferrari,5,5,123.0,2.0,2.0,180,2,3,0.3999999999999915,31.0
11876,2013,10.0,hungaroring,True,0.0,False,0.0,False,raikkonen,Finnish,lotus_f1,6,,116.0,1.0,3.0,157,1,4,0.5,33.0
11882,2013,10.0,hungaroring,True,0.0,False,0.0,False,massa,Brazilian,ferrari,,8,57.0,0.0,7.0,180,2,3,0.5,32.0
11887,2013,10.0,hungaroring,True,0.0,False,0.0,False,ricciardo,Australian,toro_rosso,8,13,11.0,,14.0,24,0,7,1.1999999999999886,24.0
11883,2013,10.0,hungaroring,,0.0,False,0.0,False,perez,Mexican,mclaren,9,,16.0,0.0,12.0,49,,6,3.0,23.0
11896,2013,10.0,hungaroring,True,0.0,False,0.0,False,sutil,German,force_india,11,22,23.0,0.0,11.0,59,0,5,1.1999999999999886,30.0
11885,2013,10.0,hungaroring,True,0.0,False,0.0,False,hulkenberg,German,sauber,12,11,7.0,0.0,15.0,7,0,8,1.1999999999999886,25.0
11881,2013,10.0,hungaroring,,0.0,False,0.0,False,button,British,mclaren,,7,33.0,0.0,10.0,49,0,6,1.3999999999999917,33.0
11886,2013,10.0,hungaroring,True,0.0,False,0.0,False,vergne,French,toro_rosso,14,12,13.0,0.0,13.0,24,0,Auto%#,1.5999999999999943,23.0
11884,2013,10.0,hungaroring,True,0.0,Auto%#,0.0,False,maldonado,Venezuelan,williams,,10,0.0,0.0,16.0,0,0,9,1.6999999999999886,28.0
11894,2013,10.0,hungaroring,True,0.0,,0.0,False,bottas,Finnish,williams,,Auto%#,0.0,0.0,17.0,0,0,9,1.7999999999999972,23.0
11895,2013,10.0,hungaroring,True,0.0,False,0.0,False,gutierrez,Mexican,sauber,17,21,0.0,0.0,,,0,8,2.299999999999997,21.0
11892,2013,10.0,hungaroring,True,0.0,False,0.0,False,resta,British,force_india,18,18,36.0,0.0,9.0,59,,5,2.5999999999999943,27.0
11889,2013,10.0,hungaroring,True,0.0,False,0.0,False,pic,French,caterham,19,15,0.0,0.0,20.0,0,0,11,3.5999999999999943,23.0
11888,2013,10.0,hungaroring,,0.0,False,,False,garde,Dutch,caterham,20,14,0.0,0.0,22.0,0,0,11,3.899999999999992,28.0
11890,2013,10.0,hungaroring,True,0.0,False,0.0,False,jules_bianchi,French,marussia,21,16,0.0,0.0,19.0,0,0,10,4.399999999999992,23.0
11891,2013,10.0,hungaroring,True,,False,0.0,False,chilton,British,marussia,22,17,0.0,0.0,21.0,,0,10,4.599999999999994,22.0
11899,2013,11.0,spa,False,0.0,False,0.0,False,hamilton,British,mercedes,1,3,124.0,1.0,4.0,208,3,2,0.0,28.0
11897,2013,,spa,,0.0,False,0.0,False,vettel,German,red_bull,2,1,172.0,4.0,1.0,277,4,1,0.2000000000000028,26.0
11901,2013,11.0,spa,False,0.0,False,0.0,False,webber,Australian,red_bull,3,5,105.0,0.0,5.0,277,4,1,0.2999999999999971,36.0
11900,2013,11.0,spa,False,0.0,False,,False,rosberg,German,mercedes,4,4,84.0,2.0,6.0,208,3,2,1.2999999999999972,28.0
11916,2013,11.0,spa,False,0.0,False,,False,resta,British,force_india,5,20,36.0,0.0,10.0,59,0,5,1.2999999999999972,27.0
11902,2013,11.0,spa,False,0.0,False,0.0,False,button,British,mclaren,6,6,39.0,0.0,9.0,57,0,6,2.0999999999999943,33.0
11904,2013,11.0,spa,False,,False,0.0,False,grosjean,French,lotus_f1,7,8,49.0,0.0,,183,1,4,2.0999999999999943,27.0
11917,2013,11.0,spa,False,0.0,False,0.0,False,raikkonen,Finnish,lotus_f1,8,21,134.0,1.0,,183,1,4,2.4000000000000057,33.0
11898,,11.0,spa,False,0.0,False,0.0,,alonso,Spanish,ferrari,9,2,133.0,2.0,3.0,194,2,3,2.5,32.0
11903,2013,11.0,spa,False,0.0,False,0.0,False,massa,Brazilian,ferrari,10,7,,0.0,7.0,194,2,3,3.0999999999999943,32.0
11909,2013,11.0,spa,False,0.0,False,0.0,False,hulkenberg,German,sauber,11,13,7.0,0.0,15.0,7,0,8,-11.900000000000006,26.0
11905,2013,11.0,spa,False,0.0,False,0.0,False,sutil,German,force_india,12,9,23.0,0.0,11.0,59,0,5,-11.900000000000006,30.0
11907,2013,11.0,spa,False,0.0,False,0.0,False,perez,Mexican,mclaren,13,11,18.0,0.0,12.0,57,0,6,,23.0
11912,2013,11.0,spa,False,0.0,False,0.0,False,garde,Dutch,,14,16,0.0,0.0,21.0,0,0,11,-9.0,28.0
11914,2013,11.0,spa,False,0.0,False,,False,jules_bianchi,French,marussia,15,18,0.0,0.0,19.0,0,0,10,-8.400000000000006,24.0
11915,2013,11.0,Auto%#,False,0.0,False,0.0,False,chilton,British,marussia,16,19,0.0,0.0,22.0,0,0,10,-8.200000000000003,22.0
11913,2013,11.0,spa,False,0.0,False,0.0,False,maldonado,,williams,17,17,1.0,0.0,16.0,1,0,9,2.0999999999999943,28.0
11908,2013,11.0,spa,False,0.0,False,0.0,False,vergne,French,Auto%#,18,,13.0,0.0,,24,0,7,2.299999999999997,23.0
11906,2013,11.0,spa,False,0.0,False,0.0,False,ricciardo,Australian,toro_rosso,19,10,11.0,0.0,14.0,24,0,7,2.299999999999997,24.0
11911,2013,11.0,spa,,0.0,False,0.0,False,bottas,Finnish,williams,20,15,0.0,0.0,17.0,1,0,9,2.4000000000000057,23.0
11910,2013,11.0,spa,False,0.0,False,0.0,False,gutierrez,Mexican,sauber,21,14,0.0,0.0,18.0,7,0,8,3.299999999999997,22.0
11918,2013,11.0,spa,False,0.0,False,0.0,False,pic,French,caterham,22,22,0.0,0.0,20.0,0,0,,6.400000000000006,23.0
11919,2013,12.0,monza,False,0.0,False,0.0,True,vettel,German,red_bull,1,1,197.0,5.0,1.0,312,5,1,0.0,26.0
11921,2013,12.0,monza,False,0.0,False,,True,webber,Australian,red_bull,2,3,115.0,0.0,5.0,312,5,1,0.2000000000000028,37.0
11923,2013,12.0,monza,False,0.0,False,0.0,True,hulkenberg,German,sauber,3,5,7.0,0.0,15.0,7,0,8,0.2999999999999971,26.0
11922,2013,12.0,monza,False,0.0,False,0.0,True,massa,Brazilian,ferrari,4,4,67.0,0.0,7.0,218,2,3,0.2999999999999971,32.0
11920,2013,12.0,monza,False,0.0,False,0.0,True,alonso,Spanish,ferrari,5,2,151.0,2.0,2.0,218,2,3,0.2999999999999971,32.0
11924,2013,12.0,monza,False,0.0,False,0.0,True,rosberg,Auto%#,mercedes,6,6,96.0,2.0,6.0,235,3,Auto%#,0.4000000000000057,28.0
11925,2013,12.0,monza,False,0.0,False,,True,ricciardo,Australian,toro_rosso,Auto%#,7,12.0,0.0,14.0,25,0,7,0.4000000000000057,24.0
11930,2013,12.0,monza,False,0.0,False,0.0,True,perez,Mexican,mclaren,8,12,18.0,0.0,12.0,65,0,5,0.7000000000000028,23.0
11928,2013,12.0,monza,False,0.0,,0.0,,button,British,mclaren,9,10,47.0,0.0,9.0,65,0,5,0.7000000000000028,33.0
11939,,12.0,monza,False,0.0,,0.0,True,vergne,French,toro_rosso,10,21,13.0,,13.0,25,0,7,4.299999999999997,23.0
11929,2013,12.0,monza,False,0.0,False,0.0,True,raikkonen,Finnish,lotus_f1,11,11,134.0,1.0,4.0,187,1,4,0.7999999999999972,33.0
11927,,12.0,monza,False,,False,0.0,True,hamilton,British,mercedes,12,9,139.0,1.0,3.0,235,3,2,1.0,28.0
11926,2013,12.0,monza,False,0.0,False,0.0,True,grosjean,French,lotus_f1,13,8,53.0,0.0,8.0,187,1,4,1.0,27.0
11932,2013,12.0,monza,False,0.0,False,0.0,True,maldonado,Venezuelan,williams,14,14,1.0,0.0,16.0,1,0,9,1.2000000000000028,28.0
11940,2013,12.0,monza,False,0.0,False,0.0,True,resta,British,force_india,15,22,36.0,0.0,10.0,61,,6,1.2999999999999972,27.0
11931,2013,12.0,monza,False,0.0,False,0.0,True,gutierrez,Mexican,sauber,16,13,0.0,0.0,18.0,7,0,8,1.4000000000000057,22.0
11934,2013,12.0,monza,False,0.0,False,0.0,True,sutil,German,force_india,17,16,25.0,0.0,11.0,61,0,6,1.1000000000000083,30.0
11933,2013,12.0,monza,False,0.0,False,0.0,True,bottas,Finnish,williams,18,15,0.0,0.0,17.0,1,0,9,1.5,24.0
11936,2013,12.0,monza,False,0.0,False,0.0,True,garde,Dutch,caterham,19,18,0.0,0.0,21.0,0,0,11,2.6000000000000085,28.0
11935,2013,12.0,monza,False,0.0,False,0.0,True,pic,French,caterham,20,17,0.0,0.0,20.0,0,0,11,2.799999999999997,23.0
11937,2013,12.0,monza,False,0.0,False,0.0,True,,French,marussia,21,19,0.0,0.0,19.0,0,0,10,3.299999999999997,24.0
11938,,12.0,monza,False,0.0,False,0.0,True,chilton,British,marussia,22,20,,0.0,,0,0,10,3.700000000000003,22.0
11941,2013,13.0,marina_bay,False,0.0,True,0.0,False,vettel,German,red_bull,1,1,222.0,6.0,1.0,352,6,1,0.0,26.0
11944,2013,13.0,,False,0.0,True,0.0,False,rosberg,German,mercedes,2,4,104.0,2.0,6.0,245,3,3,0.1000000000000085,28.0
11961,2013,13.0,marina_bay,False,0.0,True,0.0,False,grosjean,French,lotus_f1,3,21,57.0,0.0,8.0,191,1,4,0.2999999999999971,27.0
11955,2013,13.0,marina_bay,False,0.0,True,0.0,Auto%#,webber,Australian,red_bull,4,15,130.0,0.0,5.0,352,6,1,0.4000000000000057,37.0
11945,2013,13.0,marina_bay,False,0.0,True,0.0,False,hamilton,British,mercedes,5,5,141.0,1.0,3.0,245,3,3,0.5,28.0
11946,2013,13.0,marina_bay,False,0.0,True,0.0,False,,Brazilian,ferrari,6,6,79.0,0.0,7.0,248,2,,1.1000000000000083,32.0
11942,2013,13.0,marina_bay,,0.0,True,0.0,False,alonso,Spanish,ferrari,7,2,,2.0,2.0,248,2,2,1.1000000000000083,32.0
11947,2013,13.0,marina_bay,False,0.0,True,,False,button,Auto%#,mclaren,8,7,48.0,0.0,9.0,66,0,5,1.5,33.0
11962,2013,13.0,marina_bay,False,0.0,True,0.0,False,ricciardo,Australian,toro_rosso,9,22,18.0,0.0,13.0,31,0,7,1.6000000000000083,24.0
11949,2013,13.0,marina_bay,False,0.0,,0.0,False,hulkenberg,German,sauber,11,9,17.0,0.0,14.0,17,0,8,1.7999999999999972,26.0
11954,2013,13.0,marina_bay,False,0.0,True,0.0,False,vergne,French,toro_rosso,12,,13.0,0.0,15.0,31,0,7,1.7999999999999972,23.0
11943,2013,13.0,marina_bay,False,0.0,True,0.0,False,raikkonen,Finnish,,13,3,134.0,1.0,4.0,191,1,4,1.9000000000000057,33.0
11948,2013,13.0,marina_bay,False,0.0,True,0.0,False,perez,Mexican,mclaren,14,8,18.0,0.0,12.0,66,0,5,2.0,23.0
11950,2013,13.0,marina_bay,False,0.0,True,0.0,False,sutil,German,force_india,15,10,25.0,0.0,11.0,61,0,6,2.4000000000000057,30.0
11953,2013,13.0,marina_bay,False,0.0,True,0.0,False,bottas,Finnish,williams,16,13,0.0,0.0,17.0,1,0,9,2.6000000000000085,24.0
11960,2013,,,False,0.0,True,0.0,False,resta,British,,17,20,36.0,0.0,10.0,61,0,6,3.299999999999997,27.0
11951,2013,13.0,marina_bay,False,0.0,True,0.0,False,maldonado,,williams,18,11,1.0,0.0,16.0,1,0,9,3.799999999999997,28.0
11959,2013,13.0,marina_bay,False,0.0,True,0.0,False,pic,French,caterham,19,19,0.0,0.0,,0,0,11,5.299999999999997,23.0
11956,2013,13.0,marina_bay,False,0.0,True,0.0,False,garde,Dutch,Auto%#,20,16,0.0,0.0,21.0,0,0,11,5.5,28.0
11958,2013,13.0,Auto%#,False,0.0,True,0.0,False,jules_bianchi,French,marussia,,18,0.0,0.0,,0,0,10,6.0,24.0
11957,2013,13.0,marina_bay,False,,True,0.0,False,chilton,British,marussia,22,17,0.0,0.0,22.0,0,0,10,6.1000000000000085,22.0
11963,2013,14.0,yeongam,False,0.0,False,0.0,True,vettel,German,red_bull,1,1,247.0,7.0,1.0,377,7,1,0.0,26.0
11967,2013,14.0,yeongam,,0.0,False,0.0,True,hamilton,British,mercedes,2,5,151.0,,3.0,267,3,3,0.2000000000000028,28.0
11965,2013,14.0,Auto%#,False,0.0,False,0.0,True,grosjean,French,,3,3,57.0,0.0,8.0,206,1,4,0.2999999999999971,27.0
11969,2013,14.0,yeongam,False,0.0,False,0.0,True,rosberg,German,,4,7,116.0,2.0,6.0,267,3,3,0.5,28.0
11968,2013,14.0,yeongam,False,0.0,False,0.0,True,alonso,Auto%#,,5,6,187.0,2.0,2.0,274,2,2,0.7999999999999972,32.0
11971,2013,14.0,yeongam,,0.0,False,0.0,True,massa,Brazilian,ferrari,6,9,87.0,0.0,7.0,274,,2,1.0,32.0
11966,2013,14.0,yeongam,False,0.0,False,0.0,True,hulkenberg,German,sauber,7,,19.0,0.0,13.0,19,0,8,1.0,26.0
11973,2013,14.0,yeongam,False,0.0,False,0.0,True,gutierrez,Mexican,,8,11,0.0,0.0,17.0,19,0,8,1.2000000000000028,22.0
11964,2013,14.0,yeongam,False,0.0,False,0.0,True,raikkonen,Finnish,lotus_f1,9,2,149.0,1.0,4.0,206,1,4,1.5999999999999943,33.0
11972,2013,14.0,yeongam,False,0.0,False,0.0,True,perez,Mexican,mclaren,10,10,22.0,0.0,12.0,76,0,5,1.2000000000000028,23.0
11970,2013,14.0,yeongam,False,0.0,False,0.0,True,button,British,mclaren,11,8,54.0,0.0,9.0,76,0,5,1.2000000000000028,33.0
11981,2013,14.0,yeongam,False,0.0,False,0.0,True,ricciardo,Australian,toro_rosso,,19,18.0,0.0,14.0,31,0,7,1.2000000000000028,24.0
11983,2013,14.0,yeongam,False,,False,0.0,True,webber,Australian,,13,21,130.0,0.0,5.0,377,7,1,0.2999999999999971,37.0
11982,2013,14.0,yeongam,False,0.0,False,0.0,True,sutil,German,force_india,14,20,,0.0,11.0,62,0,6,1.2000000000000028,30.0
11984,2013,14.0,yeongam,False,0.0,False,0.0,True,resta,British,force_india,15,22,36.0,0.0,,62,0,6,1.5,27.0
11980,2013,14.0,yeongam,False,0.0,False,0.0,True,vergne,French,toro_rosso,16,18,13.0,0.0,15.0,31,0,7,1.5999999999999943,23.0
11974,2013,14.0,yeongam,False,0.0,False,0.0,True,bottas,Finnish,williams,17,12,0.0,0.0,18.0,1,0,9,2.299999999999997,24.0
11975,2013,14.0,yeongam,False,0.0,False,0.0,,maldonado,Venezuelan,williams,18,13,1.0,0.0,16.0,1,0,9,2.799999999999997,28.0
11976,2013,14.0,yeongam,False,0.0,False,0.0,True,pic,French,caterham,19,14,0.0,0.0,20.0,0,0,11,3.700000000000003,23.0
11977,2013,14.0,yeongam,False,0.0,False,0.0,True,garde,,,20,15,0.0,0.0,21.0,0,0,11,3.700000000000003,28.0
11979,2013,14.0,yeongam,False,0.0,False,0.0,True,chilton,British,marussia,21,17,0.0,0.0,22.0,0,0,10,4.099999999999994,22.0
11978,2013,14.0,yeongam,False,0.0,False,0.0,True,jules_bianchi,French,marussia,22,16,0.0,0.0,19.0,0,0,10,4.0,24.0
11986,2013,15.0,suzuka,True,0.0,False,0.0,False,webber,Australian,red_bull,1,2,130.0,0.0,5.0,402,8,,0.0,37.0
11985,2013,15.0,suzuka,True,0.0,False,0.0,False,vettel,German,red_bull,2,1,272.0,8.0,,402,8,1,0.1999999999999886,26.0
12004,2013,15.0,suzuka,True,0.0,False,0.0,,hamilton,British,mercedes,3,20,161.0,1.0,4.0,283,3,3,0.3999999999999915,28.0
11987,2013,15.0,suzuka,True,,False,0.0,False,grosjean,French,lotus_f1,4,3,72.0,0.0,8.0,239,1,4,0.5,27.0
11994,,15.0,suzuka,True,0.0,False,0.0,False,massa,Brazilian,ferrari,5,10,89.0,0.0,,284,2,2,0.5,32.0
11992,2013,15.0,suzuka,True,0.0,False,0.0,False,rosberg,German,mercedes,6,8,122.0,2.0,6.0,283,3,3,0.5,28.0
11990,2013,15.0,suzuka,True,0.0,,0.0,False,hulkenberg,German,sauber,7,6,31.0,0.0,11.0,31,0,7,0.6999999999999886,26.0
11988,,15.0,,True,0.0,,,False,alonso,Spanish,ferrari,8,4,195.0,2.0,2.0,284,2,2,0.7999999999999972,32.0
11989,2013,15.0,Auto%#,True,0.0,,0.0,False,raikkonen,Finnish,lotus_f1,9,5,167.0,1.0,3.0,239,1,4,0.7999999999999972,33.0
11993,2013,15.0,suzuka,True,0.0,False,0.0,False,button,British,mclaren,10,9,58.0,0.0,9.0,81,0,5,0.8999999999999915,33.0
11999,2013,15.0,suzuka,True,0.0,False,0.0,False,perez,Mexican,mclaren,11,15,23.0,0.0,13.0,,0,5,1.0999999999999943,23.0
11995,2013,15.0,,True,,False,,False,resta,British,force_india,12,11,36.0,0.0,10.0,62,0,6,,27.0
12001,2013,15.0,suzuka,True,0.0,False,0.0,False,bottas,Finnish,williams,13,17,0.0,0.0,18.0,1,0,9,1.0999999999999943,24.0
11991,2013,15.0,suzuka,True,0.0,False,0.0,False,gutierrez,Mexican,sauber,14,7,0.0,0.0,17.0,31,0,7,1.1999999999999886,22.0
12000,2013,15.0,suzuka,True,0.0,False,0.0,False,maldonado,Venezuelan,williams,15,16,1.0,0.0,16.0,1,0,9,1.1999999999999886,28.0
11997,2013,15.0,suzuka,True,0.0,False,0.0,False,ricciardo,Australian,toro_rosso,16,13,18.0,0.0,14.0,31,0,8,1.5999999999999943,24.0
11996,2013,15.0,suzuka,True,0.0,False,0.0,False,vergne,French,toro_rosso,17,12,13.0,0.0,15.0,31,0,8,2.5,23.0
12003,2013,15.0,suzuka,True,0.0,Auto%#,,False,chilton,British,marussia,18,19,0.0,0.0,22.0,0,0,10,,22.0
12005,2013,15.0,suzuka,True,0.0,False,0.0,False,garde,Dutch,caterham,19,21,0.0,0.0,21.0,,0,11,4.0,28.0
12002,2013,15.0,suzuka,True,0.0,False,0.0,False,pic,French,caterham,20,18,0.0,0.0,20.0,0,0,11,3.6999999999999886,23.0
12006,2013,15.0,suzuka,True,0.0,,0.0,False,jules_bianchi,,marussia,21,22,0.0,0.0,19.0,0,0,10,4.099999999999994,24.0
11998,2013,15.0,suzuka,True,0.0,False,0.0,False,sutil,German,force_india,22,14,26.0,0.0,12.0,62,0,6,2.0,30.0
12007,2013,16.0,buddh,False,0.0,False,0.0,False,vettel,German,red_bull,1,1,297.0,9.0,1.0,445,9,1,0.0,
12008,2013,16.0,buddh,False,0.0,False,0.0,False,rosberg,German,mercedes,2,2,126.0,2.0,6.0,287,,Auto%#,0.8000000000000114,28.0
12012,2013,16.0,buddh,False,0.0,False,0.0,False,hamilton,British,mercedes,3,6,161.0,1.0,4.0,287,3,3,0.8000000000000114,28.0
12026,2013,16.0,buddh,False,0.0,False,0.0,False,webber,Australian,red_bull,4,20,148.0,0.0,5.0,,9,1,0.9000000000000057,37.0
12010,2013,16.0,buddh,False,0.0,False,,False,massa,Brazilian,ferrari,5,4,90.0,0.0,7.0,297,2,2,1.1000000000000083,32.0
12013,2013,16.0,buddh,False,0.0,False,0.0,False,raikkonen,Finnish,lotus_f1,6,7,177.0,1.0,3.0,264,1,4,1.1000000000000083,34.0
,2013,16.0,buddh,False,,False,0.0,False,hulkenberg,,sauber,7,19,39.0,0.0,10.0,45,0,7,,26.0
12017,2013,16.0,buddh,False,0.0,False,0.0,False,alonso,,ferrari,8,11,207.0,2.0,2.0,297,2,2,1.7000000000000028,32.0
12011,2013,16.0,buddh,False,0.0,False,,False,perez,Mexican,mclaren,9,5,23.0,0.0,13.0,83,0,5,2.1000000000000085,23.0
12020,2013,,buddh,False,0.0,Auto%#,0.0,Auto%#,button,British,mclaren,10,14,60.0,0.0,9.0,83,0,,2.4000000000000057,33.0
12016,2013,16.0,buddh,False,0.0,False,0.0,False,ricciardo,Australian,Auto%#,11,,18.0,0.0,14.0,31,0,8,1.4000000000000057,24.0
12014,2013,16.0,buddh,False,0.0,False,0.0,False,resta,British,force_india,12,8,36.0,0.0,11.0,62,0,6,1.6000000000000083,27.0
12015,2013,16.0,buddh,False,0.0,,0.0,False,sutil,German,force_india,13,9,26.0,0.0,12.0,62,0,6,1.6000000000000083,30.0
12019,2013,16.0,buddh,,0.0,False,0.0,False,vergne,French,toro_rosso,14,13,13.0,,,31,,8,1.7000000000000028,23.0
12022,2013,16.0,buddh,False,0.0,False,0.0,False,bottas,Finnish,williams,15,16,0.0,0.0,18.0,1,0,9,2.0,24.0
12021,2013,16.0,buddh,False,0.0,False,0.0,False,gutierrez,Mexican,sauber,16,15,6.0,0.0,16.0,45,0,7,2.200000000000003,22.0
12009,2013,16.0,buddh,False,0.0,False,0.0,False,grosjean,French,lotus_f1,17,3,87.0,0.0,8.0,264,1,4,2.5,27.0
12018,,16.0,buddh,False,0.0,False,0.0,False,maldonado,Auto%#,williams,18,12,,0.0,17.0,1,0,9,2.700000000000003,28.0
12024,2013,16.0,buddh,False,0.0,,0.0,False,jules_bianchi,French,marussia,19,18,0.0,0.0,19.0,0,0,,2.9000000000000057,24.0
12028,2013,16.0,buddh,False,0.0,False,0.0,,garde,Dutch,caterham,20,22,0.0,0.0,21.0,0,0,11,3.0,28.0
12027,2013,16.0,buddh,False,0.0,False,0.0,False,pic,French,caterham,21,Auto%#,0.0,0.0,20.0,0,0,11,3.4000000000000057,23.0
12023,2013,16.0,buddh,False,0.0,False,0.0,Auto%#,chilton,British,marussia,22,17,0.0,,22.0,0,0,10,4.0,22.0
12030,2013,17.0,yas_marina,True,0.0,False,,False,webber,Australian,red_bull,1,2,148.0,0.0,5.0,,10,1,0.0,37.0
12029,2013,17.0,yas_marina,True,0.0,False,0.0,False,vettel,German,red_bull,2,1,322.0,10.0,1.0,470,10,1,0.0999999999999943,26.0
12031,2013,17.0,yas_marina,True,0.0,False,0.0,False,rosberg,German,mercedes,3,3,144.0,2.0,6.0,313,3,2,0.4000000000000057,28.0
12035,2013,17.0,yas_marina,True,0.0,False,0.0,False,hamilton,British,mercedes,4,7,169.0,1.0,4.0,313,3,2,0.5,28.0
12042,2013,17.0,yas_marina,True,0.0,False,0.0,False,hulkenberg,German,sauber,5,14,39.0,0.0,11.0,45,0,7,0.5999999999999943,26.0
12032,2013,17.0,yas_marina,True,0.0,False,0.0,False,grosjean,French,lotus_f1,6,4,102.0,0.0,7.0,285,1,4,1.0,27.0
12036,2013,17.0,yas_marina,True,0.0,False,0.0,False,massa,Brazilian,ferrari,7,8,102.0,0.0,8.0,309,2,3,1.0,
12037,2013,17.0,yas_marina,True,0.0,False,0.0,False,perez,Mexican,mclaren,8,9,33.0,0.0,12.0,93,0,5,1.0999999999999943,23.0
,2013,17.0,yas_marina,,0.0,False,0.0,False,,Australian,toro_rosso,,16,19.0,0.0,14.0,32,0,8,1.0999999999999943,24.0
12033,2013,17.0,yas_marina,True,0.0,False,0.0,False,alonso,Spanish,ferrari,10,5,207.0,2.0,2.0,309,2,3,1.0999999999999943,32.0
12034,2013,17.0,yas_marina,True,0.0,False,0.0,False,resta,British,force_india,11,6,40.0,0.0,,68,0,6,1.0999999999999943,27.0
12040,2013,17.0,yas_marina,True,0.0,False,0.0,False,button,British,mclaren,12,12,60.0,0.0,9.0,93,0,5,1.2000000000000028,33.0
12045,2013,17.0,yas_marina,True,0.0,False,0.0,False,vergne,,toro_rosso,13,17,13.0,0.0,15.0,32,,8,1.2999999999999972,23.0
12039,2013,17.0,yas_marina,True,0.0,False,0.0,False,maldonado,Venezuelan,williams,14,11,1.0,0.0,17.0,1,0,9,1.4000000000000057,28.0
12043,2013,17.0,yas_marina,True,0.0,False,0.0,,bottas,Finnish,williams,15,15,0.0,0.0,18.0,1,0,9,1.4000000000000057,24.0
12041,2013,17.0,yas_marina,True,0.0,False,0.0,False,gutierrez,Mexican,sauber,16,13,6.0,0.0,16.0,45,0,,2.0,22.0
12038,2013,17.0,yas_marina,True,0.0,False,0.0,False,sutil,German,force_india,17,10,28.0,0.0,13.0,68,0,6,2.0999999999999943,30.0
12046,2013,17.0,yas_marina,True,0.0,False,0.0,False,garde,Dutch,caterham,18,18,0.0,0.0,21.0,0,0,11,3.299999999999997,28.0
12047,2013,17.0,yas_marina,True,0.0,False,0.0,Auto%#,pic,French,caterham,19,19,0.0,0.0,20.0,,0,11,3.5,23.0
12049,2013,17.0,yas_marina,True,0.0,False,0.0,False,chilton,British,marussia,20,,0.0,0.0,22.0,0,0,10,,22.0
12048,2013,17.0,yas_marina,True,0.0,False,0.0,False,jules_bianchi,French,marussia,21,20,0.0,0.0,19.0,0,0,10,3.4000000000000057,24.0
12051,2013,18.0,americas,False,0.0,False,0.0,False,vettel,German,red_bull,1,1,347.0,,1.0,513,11,1,0.0,26.0
12053,2013,18.0,americas,False,0.0,False,0.0,False,webber,Australian,red_bull,2,3,166.0,0.0,5.0,513,11,1,0.1000000000000085,37.0
12052,2013,18.0,americas,False,0.0,False,0.0,False,grosjean,French,lotus_f1,3,2,114.0,,7.0,297,1,4,0.9000000000000057,27.0
12056,2013,18.0,americas,False,0.0,False,0.0,False,,German,sauber,4,,39.0,0.0,11.0,45,0,7,1.0,26.0
12054,2013,18.0,americas,False,0.0,False,0.0,False,hamilton,British,mercedes,5,4,175.0,1.0,4.0,334,3,2,1.0,28.0
12055,2013,18.0,americas,False,0.0,False,0.0,False,alonso,,ferrari,6,5,217.0,2.0,2.0,323,2,3,1.1000000000000083,32.0
12057,2013,,americas,False,0.0,False,0.0,False,perez,Mexican,Auto%#,7,7,35.0,0.0,,95,0,5,1.2000000000000028,23.0
12065,2013,18.0,americas,False,0.0,False,0.0,False,kovalainen,Finnish,lotus_f1,8,15,0.0,0.0,0.0,297,1,,1.4000000000000057,32.0
12058,2013,18.0,americas,False,0.0,False,0.0,False,bottas,Finnish,williams,9,8,0.0,0.0,18.0,1,0,9,1.5,24.0
12061,2013,18.0,americas,False,0.0,False,0.0,False,ricciardo,Australian,toro_rosso,10,11,19.0,0.0,14.0,32,0,8,,24.0
12066,2013,18.0,americas,False,0.0,,0.0,False,resta,British,force_india,11,16,48.0,0.0,10.0,77,0,6,1.7999999999999972,27.0
12059,2013,18.0,americas,False,0.0,False,0.0,False,rosberg,German,mercedes,12,9,,2.0,6.0,334,3,2,2.1000000000000085,28.0
12063,2013,18.0,americas,False,0.0,False,0.0,False,massa,Brazilian,ferrari,13,13,106.0,0.0,8.0,323,,3,2.299999999999997,32.0
12062,,18.0,americas,False,0.0,False,0.0,False,vergne,French,toro_rosso,14,12,13.0,0.0,15.0,32,0,8,2.4000000000000057,23.0
12060,2013,18.0,Auto%#,False,0.0,,0.0,False,button,British,mclaren,,10,60.0,0.0,9.0,95,0,5,1.9000000000000057,33.0
12072,2013,18.0,americas,False,0.0,False,0.0,False,sutil,German,force_india,16,22,29.0,0.0,13.0,77,0,6,3.0,30.0
12067,2013,18.0,americas,False,0.0,False,0.0,False,maldonado,Venezuelan,williams,17,17,1.0,0.0,17.0,1,0,9,3.1000000000000085,28.0
12069,2013,18.0,americas,False,0.0,False,0.0,False,garde,Dutch,caterham,18,19,0.0,0.0,21.0,0,0,11,4.200000000000003,28.0
12068,2013,18.0,americas,False,0.0,False,0.0,False,jules_bianchi,French,marussia,19,18,0.0,0.0,19.0,0,0,10,4.200000000000003,24.0
,2013,18.0,americas,False,0.0,False,0.0,False,gutierrez,Mexican,sauber,20,14,6.0,0.0,16.0,45,0,7,1.7000000000000028,22.0
12071,2013,18.0,americas,False,0.0,False,0.0,False,chilton,British,marussia,21,21,0.0,0.0,22.0,0,0,10,5.1000000000000085,22.0
12070,2013,18.0,americas,False,0.0,False,0.0,,,French,caterham,22,20,0.0,0.0,20.0,0,0,11,4.299999999999997,23.0
12073,2013,19.0,interlagos,False,0.0,False,0.0,False,vettel,German,,1,1,372.0,12.0,1.0,553,12,1,0.0,26.0
12077,2013,19.0,interlagos,False,0.0,False,0.0,False,rosberg,German,mercedes,2,5,161.0,2.0,6.0,348,3,2,0.5999999999999943,28.0
12075,,19.0,interlagos,,0.0,False,0.0,False,alonso,Spanish,ferrari,3,3,227.0,2.0,2.0,333,2,3,1.0,
12074,2013,19.0,interlagos,False,0.0,False,0.0,False,webber,Australian,red_bull,4,2,181.0,0.0,5.0,553,12,1,1.0999999999999943,37.0
12081,2013,19.0,interlagos,False,0.0,False,0.0,False,hamilton,British,mercedes,5,9,187.0,1.0,3.0,348,3,2,1.2000000000000028,28.0
12094,2013,19.0,interlagos,,0.0,False,0.0,False,grosjean,Auto%#,lotus_f1,6,22,132.0,0.0,7.0,315,1,4,1.2000000000000028,27.0
12082,2013,19.0,interlagos,False,0.0,False,0.0,False,ricciardo,Australian,toro_rosso,7,10,19.0,0.0,14.0,32,0,8,1.5999999999999943,24.0
12087,2013,19.0,,False,0.0,False,0.0,False,vergne,French,toro_rosso,8,15,13.0,0.0,15.0,32,0,8,1.5999999999999943,23.0
12079,2013,,interlagos,False,,False,0.0,False,massa,Brazilian,,9,7,106.0,0.0,8.0,333,2,3,1.5999999999999943,32.0
12080,2013,19.0,interlagos,False,0.0,False,0.0,False,hulkenberg,German,sauber,10,8,47.0,0.0,11.0,53,0,7,3.0999999999999943,26.0
12086,2013,19.0,interlagos,False,0.0,False,0.0,False,kovalainen,Finnish,lotus_f1,11,14,0.0,0.0,23.0,315,1,4,1.0,32.0
12083,2013,19.0,interlagos,False,0.0,False,0.0,False,resta,British,force_india,12,11,48.0,0.0,10.0,,0,6,1.2999999999999972,27.0
12093,2013,19.0,interlagos,False,0.0,False,0.0,False,bottas,Finnish,williams,13,21,4.0,0.0,17.0,5,0,,1.5,24.0
12076,2013,19.0,interlagos,False,0.0,False,0.0,False,button,British,mclaren,14,4,61.0,0.0,9.0,102,0,5,1.7999999999999972,33.0
12085,2013,19.0,interlagos,False,0.0,False,0.0,False,sutil,German,force_india,15,13,29.0,0.0,13.0,77,0,6,2.0999999999999943,30.0
12088,2013,19.0,interlagos,False,0.0,False,0.0,False,maldonado,Venezuelan,williams,16,16,1.0,0.0,18.0,,0,,0.9000000000000057,28.0
12084,2013,19.0,Auto%#,False,0.0,False,0.0,False,gutierrez,,sauber,17,12,6.0,0.0,16.0,53,0,7,0.9000000000000057,22.0
12092,2013,19.0,interlagos,False,0.0,False,0.0,False,pic,French,caterham,18,Auto%#,0.0,0.0,,0,0,11,1.2999999999999972,23.0
12078,2013,19.0,Auto%#,False,0.0,,0.0,False,perez,,mclaren,,6,41.0,0.0,12.0,102,0,5,1.7999999999999972,23.0
12090,2013,19.0,interlagos,False,0.0,False,0.0,False,garde,Dutch,caterham,20,18,0.0,0.0,21.0,0,0,11,1.7999999999999972,28.0
12089,2013,19.0,interlagos,False,0.0,False,0.0,False,jules_bianchi,French,marussia,21,17,0.0,0.0,19.0,0,0,10,1.9000000000000057,24.0
12091,2013,19.0,interlagos,False,0.0,False,0.0,False,chilton,,marussia,,19,0.0,0.0,22.0,0,0,10,2.5,22.0
12112,2014,1.0,albert_park,False,0.0,False,0.0,False,hamilton,British,mercedes,1,19,,0.0,0.0,0,0,0,0.0,29.0
12115,2014,1.0,albert_park,False,0.0,False,0.0,False,ricciardo,Australian,red_bull,2,22,0.0,0.0,0.0,0,0,0,0.2999999999999971,24.0
12095,2014,1.0,albert_park,False,0.0,False,0.0,False,rosberg,German,,3,1,0.0,0.0,0.0,0,0,0,0.3999999999999915,28.0
12096,2014,1.0,albert_park,False,0.0,False,0.0,False,kevin_magnussen,Danish,mclaren,4,2,0.0,0.0,0.0,0,0,0,1.5,21.0
12098,2014,1.0,,False,0.0,False,0.0,,alonso,Spanish,ferrari,5,4,0.0,0.0,,0,0,0,1.5999999999999943,32.0
12102,2014,1.0,albert_park,False,0.0,False,0.0,False,vergne,French,Auto%#,6,8,0.0,0.0,0.0,0,0,0,1.7000000000000028,23.0
12100,2014,1.0,albert_park,False,0.0,False,0.0,False,hulkenberg,German,force_india,7,6,0.0,0.0,0.0,0,0,0,1.7999999999999972,26.0
,2014,1.0,albert_park,False,0.0,False,0.0,False,kvyat,Russian,toro_rosso,8,9,0.0,0.0,0.0,0,0,0,3.200000000000003,19.0
12113,2014,1.0,Auto%#,False,0.0,False,0.0,False,massa,Brazilian,williams,,20,,0.0,0.0,0,0,0,3.899999999999992,32.0
12097,2014,1.0,albert_park,False,0.0,False,0.0,False,button,British,mclaren,10,3,0.0,0.0,0.0,0,0,,0.2000000000000028,
12101,2014,1.0,albert_park,False,0.0,False,0.0,False,raikkonen,Finnish,ferrari,11,7,0.0,0.0,0.0,0,0,0,0.2999999999999971,34.0
,,1.0,albert_park,False,0.0,False,0.0,False,vettel,German,red_bull,12,18,0.0,0.0,0.0,0,0,0,0.5,26.0
12105,2014,1.0,albert_park,False,,False,0.0,False,sutil,German,sauber,13,11,0.0,0.0,0.0,0,0,0,1.5,31.0
12114,2014,1.0,albert_park,False,0.0,False,0.0,False,kobayashi,Japanese,caterham,14,21,0.0,0.0,0.0,0,0,0,1.7000000000000028,27.0
12099,2014,,albert_park,False,0.0,False,0.0,False,bottas,Finnish,williams,15,5,0.0,0.0,0.0,0,0,0,3.899999999999992,24.0
12104,2014,1.0,albert_park,False,0.0,False,0.0,False,perez,Mexican,force_india,16,10,0.0,0.0,0.0,0,0,0,3.0999999999999943,24.0
12107,2014,1.0,albert_park,False,0.0,False,0.0,False,chilton,British,marussia,17,13,0.0,0.0,0.0,0,0,0,-9.900000000000006,22.0
12108,2014,1.0,,False,0.0,False,0.0,,jules_bianchi,French,marussia,18,14,0.0,0.0,0.0,0,0,0,-9.400000000000006,24.0
12110,2014,1.0,albert_park,False,0.0,False,0.0,False,ericsson,Swedish,caterham,19,17,0.0,0.0,0.0,0,0,0,-9.0,23.0
12106,2014,1.0,albert_park,False,0.0,False,0.0,False,gutierrez,Mexican,,20,Auto%#,0.0,0.0,0.0,0,0,0,-9.100000000000009,22.0
12116,2014,2.0,sepang,False,0.0,Auto%#,0.0,False,hamilton,British,mercedes,1,1,0.0,0.0,19.0,25,1,2,0.0,29.0
12118,2014,2.0,sepang,False,0.0,False,0.0,False,vettel,German,red_bull,2,3,0.0,0.0,18.0,0,0,11,0.0999999999999943,26.0
12117,2014,2.0,sepang,False,0.0,False,0.0,False,rosberg,German,mercedes,3,2,25.0,1.0,1.0,25,1,2,0.6999999999999886,28.0
,2014,2.0,sepang,False,0.0,False,0.0,Auto%#,alonso,Spanish,ferrari,4,4,,0.0,4.0,18,0,3,0.7999999999999972,32.0
12131,2014,2.0,sepang,False,0.0,False,0.0,,ricciardo,Australian,,5,,,0.0,22.0,0,0,11,1.0999999999999943,24.0
12127,2014,2.0,sepang,False,0.0,False,0.0,,raikkonen,Finnish,ferrari,6,12,6.0,0.0,7.0,18,0,3,1.7999999999999972,34.0
12120,2014,2.0,sepang,False,0.0,False,0.0,False,hulkenberg,German,force_india,7,5,8.0,0.0,6.0,9,0,5,2.299999999999997,26.0
12124,2014,2.0,sepang,False,0.0,,0.0,False,kevin_magnussen,Danish,mclaren,8,9,18.0,0.0,2.0,33,0,1,2.799999999999997,21.0
12134,2014,2.0,sepang,False,0.0,False,0.0,False,vergne,French,toro_rosso,9,19,,0.0,8.0,6,0,6,3.6999999999999886,23.0
12121,2014,,sepang,False,0.0,False,0.0,,button,British,mclaren,10,6,15.0,0.0,3.0,33,0,1,4.699999999999989,34.0
12125,2014,2.0,sepang,False,0.0,False,0.0,,kvyat,Russian,toro_rosso,11,10,2.0,0.0,9.0,6,0,6,3.0,19.0
12132,2014,2.0,sepang,False,0.0,False,0.0,False,gutierrez,Mexican,sauber,,Auto%#,0.0,0.0,12.0,0,0,7,3.0,22.0
12122,2014,2.0,,False,0.0,False,0.0,False,massa,Brazilian,williams,13,,0.0,0.0,20.0,10,0,4,3.0999999999999943,32.0
12137,2014,2.0,sepang,False,0.0,False,0.0,False,perez,Mexican,force_india,14,22,1.0,0.0,10.0,9,0,5,3.0999999999999943,
12126,2014,2.0,sepang,False,0.0,False,0.0,False,grosjean,French,lotus_f1,15,11,0.0,0.0,15.0,0,0,9,3.5,27.0
12136,2014,2.0,sepang,False,0.0,False,0.0,False,maldonado,Venezuelan,lotus_f1,16,21,0.0,0.0,16.0,,0,9,2.6999999999999886,29.0
12133,2014,2.0,sepang,False,0.0,False,0.0,False,sutil,,sauber,17,18,0.0,0.0,11.0,0,0,7,2.6999999999999886,31.0
12123,2014,2.0,sepang,False,0.0,False,0.0,False,bottas,Finnish,williams,18,8,10.0,0.0,5.0,10,0,4,3.3999999999999915,24.0
12135,2014,2.0,sepang,False,0.0,False,0.0,False,jules_bianchi,French,marussia,19,20,0.0,0.0,14.0,0,0,8,3.299999999999997,24.0
12128,2014,2.0,sepang,False,0.0,False,0.0,False,kobayashi,,caterham,20,13,0.0,0.0,21.0,0,0,10,4.199999999999989,27.0
12130,2014,2.0,sepang,False,0.0,False,0.0,False,chilton,British,marussia,21,15,,0.0,13.0,0,0,8,5.0,22.0
12129,2014,2.0,sepang,False,0.0,False,0.0,False,ericsson,Swedish,caterham,22,14,0.0,0.0,17.0,0,0,10,5.0,23.0
12139,2014,3.0,bahrain,False,0.0,,0.0,False,rosberg,German,mercedes,1,2,43.0,1.0,1.0,68,2,1,0.0,28.0
12138,2014,3.0,bahrain,False,0.0,,0.0,False,hamilton,Auto%#,mercedes,2,1,25.0,1.0,2.0,68,2,1,0.2999999999999971,29.0
12145,2014,3.0,bahrain,False,0.0,True,0.0,False,bottas,Finnish,williams,3,8,14.0,0.0,8.0,20,0,4,1.0,24.0
12140,2014,3.0,bahrain,False,0.0,True,0.0,False,,Mexican,force_india,4,3,1.0,0.0,13.0,19,0,5,1.0999999999999943,24.0
12147,2014,3.0,bahrain,False,0.0,True,0.0,False,raikkonen,Finnish,ferrari,5,10,6.0,0.0,9.0,30,0,3,1.2000000000000028,34.0
12154,2014,3.0,bahrain,False,0.0,True,0.0,False,button,British,mclaren,6,17,23.0,0.0,4.0,43,0,2,1.2000000000000028,34.0
12144,2014,3.0,bahrain,False,0.0,True,0.0,Auto%#,massa,Brazilian,williams,7,7,6.0,0.0,10.0,20,0,4,1.2999999999999972,32.0
12155,2014,3.0,bahrain,False,0.0,True,0.0,False,kevin_magnussen,Danish,,8,18,20.0,0.0,5.0,43,0,2,1.5,21.0
12146,2014,3.0,bahrain,False,0.0,True,0.0,False,alonso,Spanish,ferrari,9,9,24.0,0.0,3.0,30,0,3,1.7999999999999972,32.0
12143,2014,3.0,bahrain,False,0.0,True,0.0,False,vettel,,red_bull,10,6,15.0,0.0,7.0,15,0,6,1.7999999999999972,26.0
,2014,3.0,bahrain,False,0.0,True,0.0,False,hulkenberg,German,force_india,11,5,18.0,0.0,6.0,19,0,Auto%#,1.8999999999999917,26.0
12148,2014,3.0,bahrain,False,0.0,True,0.0,False,kvyat,Russian,toro_rosso,12,11,3.0,0.0,12.0,7,0,7,1.8999999999999917,19.0
12141,2014,3.0,,False,0.0,True,0.0,False,ricciardo,Australian,red_bull,13,4,0.0,0.0,22.0,15,0,6,0.8999999999999915,24.0
12158,2014,,bahrain,False,0.0,True,0.0,False,vergne,French,toro_rosso,14,21,4.0,0.0,11.0,7,0,7,2.0999999999999943,23.0
12156,2014,3.0,bahrain,False,0.0,True,0.0,False,gutierrez,Mexican,sauber,15,19,0.0,0.0,16.0,0,0,8,2.700000000000003,22.0
12149,2014,3.0,bahrain,False,0.0,True,0.0,False,grosjean,Auto%#,lotus_f1,16,12,0.0,,14.0,0,0,9,2.700000000000003,27.0
12151,2014,3.0,bahrain,,0.0,True,0.0,False,maldonado,Venezuelan,lotus_f1,17,14,0.0,0.0,21.0,0,0,9,3.5,29.0
12152,2014,3.0,bahrain,False,0.0,True,0.0,False,kobayashi,Japanese,caterham,18,15,0.0,,18.0,0,0,10,3.899999999999992,27.0
12153,2014,3.0,bahrain,False,0.0,True,0.0,False,jules_bianchi,French,marussia,19,16,0.0,0.0,20.0,0,0,11,4.099999999999994,24.0
12157,2014,3.0,bahrain,False,0.0,True,0.0,False,ericsson,Swedish,caterham,20,20,0.0,0.0,19.0,0,0,10,4.700000000000003,23.0
12150,2014,3.0,bahrain,False,0.0,True,0.0,False,chilton,Auto%#,marussia,21,13,0.0,0.0,17.0,,0,11,4.700000000000003,22.0
12159,2014,3.0,bahrain,False,0.0,True,0.0,False,sutil,German,,22,22,0.0,0.0,15.0,0,0,8,3.5999999999999943,31.0
12160,2014,4.0,shanghai,False,0.0,True,0.0,False,hamilton,British,mercedes,1,1,50.0,2.0,2.0,,3,1,0.0,29.0
12163,2014,4.0,shanghai,False,0.0,True,0.0,False,ricciardo,Australian,red_bull,2,4,12.0,0.0,10.0,35,0,4,0.5999999999999943,24.0
12164,,4.0,shanghai,False,0.0,True,0.0,False,vettel,German,red_bull,3,5,,0.0,6.0,35,0,4,1.0999999999999943,26.0
12161,2014,4.0,shanghai,False,0.0,True,0.0,False,rosberg,German,mercedes,4,2,61.0,1.0,1.0,111,3,1,1.1999999999999886,28.0
12162,2014,4.0,shanghai,False,0.0,True,0.0,False,alonso,Spanish,ferrari,5,3,26.0,0.0,4.0,33,0,5,1.6999999999999886,32.0
12174,2014,4.0,shanghai,False,0.0,True,0.0,False,massa,Brazilian,,6,15,12.0,0.0,11.0,30,0,6,2.1999999999999886,32.0
12166,2014,4.0,shanghai,False,0.0,True,0.0,False,bottas,Finnish,williams,7,7,18.0,0.0,8.0,30,0,6,2.3999999999999915,24.0
12165,2014,4.0,shanghai,False,0.0,,0.0,False,hulkenberg,German,force_india,8,6,28.0,0.0,3.0,44,0,2,2.5,26.0
12171,2014,4.0,shanghai,False,0.0,True,0.0,False,vergne,French,toro_rosso,9,12,4.0,0.0,13.0,7,0,7,2.8999999999999915,23.0
,2014,4.0,shanghai,False,0.0,True,0.0,False,grosjean,French,,10,21,0.0,0.0,15.0,0,0,8,3.1999999999999886,28.0
12167,2014,4.0,shanghai,False,0.0,True,0.0,False,raikkonen,,ferrari,11,8,7.0,0.0,12.0,33,0,,3.0,34.0
12170,2014,4.0,shanghai,False,0.0,True,0.0,False,button,,mclaren,12,11,23.0,0.0,5.0,43,,3,3.0999999999999943,34.0
12169,2014,4.0,shanghai,False,0.0,True,0.0,False,kvyat,Russian,toro_rosso,13,10,3.0,0.0,14.0,7,0,7,3.3999999999999915,19.0
12181,2014,4.0,shanghai,False,0.0,True,0.0,False,sutil,German,sauber,14,22,0.0,0.0,16.0,0,0,9,3.5,31.0
12172,2014,4.0,shanghai,False,0.0,True,0.0,False,kevin_magnussen,Danish,mclaren,15,13,20.0,0.0,,43,0,3,3.799999999999997,21.0
12168,2014,4.0,shanghai,False,0.0,True,0.0,False,perez,Mexican,force_india,16,9,16.0,0.0,9.0,44,0,2,4.399999999999992,24.0
12175,2014,4.0,,False,0.0,True,,False,gutierrez,Mexican,sauber,17,16,0.0,0.0,17.0,0,0,9,5.099999999999994,22.0
12177,2014,4.0,shanghai,False,0.0,True,0.0,False,kobayashi,Japanese,caterham,18,18,0.0,0.0,19.0,0,0,11,5.399999999999992,27.0
12176,2014,4.0,shanghai,False,0.0,True,0.0,False,jules_bianchi,French,marussia,Auto%#,Auto%#,0.0,0.0,22.0,0,0,10,5.399999999999992,24.0
12179,2014,4.0,shanghai,False,0.0,True,0.0,False,ericsson,Swedish,caterham,20,20,0.0,0.0,21.0,0,0,11,6.699999999999989,23.0
,2014,4.0,shanghai,False,0.0,True,0.0,False,chilton,British,marussia,21,19,0.0,0.0,18.0,0,0,10,7.0,22.0
12182,2014,5.0,catalunya,True,0.0,False,0.0,False,hamilton,British,mercedes,1,1,75.0,3.0,2.0,154,4,1,0.0,29.0
12183,2014,5.0,catalunya,True,0.0,False,0.0,False,rosberg,,mercedes,2,2,79.0,1.0,1.0,154,4,1,0.2000000000000028,28.0
12184,2014,5.0,catalunya,True,0.0,False,0.0,False,ricciardo,Australian,red_bull,3,3,24.0,0.0,6.0,57,0,2,,24.0
12186,2014,5.0,catalunya,True,0.0,False,0.0,False,bottas,Finnish,williams,4,5,24.0,0.0,7.0,36,0,6,1.3999999999999917,24.0
,2014,5.0,catalunya,True,0.0,False,0.0,False,grosjean,French,lotus_f1,5,8,0.0,0.0,15.0,0,0,8,1.7999999999999972,
12188,2014,5.0,catalunya,True,0.0,False,0.0,False,raikkonen,Finnish,ferrari,6,7,11.0,0.0,12.0,52,0,4,1.8999999999999917,34.0
12187,2014,5.0,catalunya,True,0.0,False,0.0,Auto%#,alonso,Spanish,Auto%#,7,6,41.0,0.0,3.0,52,0,4,1.8999999999999917,32.0
12192,2014,5.0,catalunya,True,0.0,False,0.0,False,button,British,,8,11,23.0,0.0,8.0,43,0,5,2.0999999999999943,34.0
12194,2014,5.0,catalunya,True,0.0,False,0.0,False,massa,Brazilian,williams,9,13,12.0,0.0,11.0,36,0,6,2.200000000000003,33.0
12191,2014,5.0,catalunya,True,0.0,False,0.0,False,hulkenberg,German,force_india,10,Auto%#,36.0,0.0,4.0,54,0,3,2.5,26.0
12190,2014,5.0,catalunya,True,0.0,False,0.0,False,perez,Mexican,force_india,11,9,18.0,0.0,10.0,54,0,3,2.799999999999997,
12195,2014,,,True,0.0,False,0.0,False,kvyat,Russian,toro_rosso,,14,4.0,0.0,14.0,8,0,7,2.799999999999997,20.0
12197,2014,5.0,catalunya,True,0.0,False,0.0,False,gutierrez,Mexican,sauber,13,16,0.0,0.0,17.0,0,0,9,3.0999999999999943,22.0
12198,2014,5.0,catalunya,True,0.0,False,0.0,False,sutil,German,sauber,16,17,0.0,0.0,16.0,,0,9,3.3999999999999915,31.0
12200,2014,5.0,catalunya,True,,False,0.0,False,chilton,British,marussia,17,19,0.0,0.0,18.0,0,0,10,4.399999999999992,23.0
12199,2014,5.0,catalunya,True,0.0,False,0.0,False,jules_bianchi,French,marussia,18,18,0.0,0.0,22.0,0,0,10,5.0,24.0
12201,2014,5.0,catalunya,True,0.0,,0.0,False,ericsson,Swedish,,19,20,0.0,0.0,21.0,0,0,11,5.099999999999994,23.0
12202,2014,5.0,catalunya,True,0.0,False,0.0,False,kobayashi,Japanese,caterham,20,21,0.0,0.0,19.0,0,0,11,5.200000000000003,27.0
12204,2014,6.0,monaco,False,0.0,False,0.0,False,rosberg,German,,1,1,97.0,1.0,2.0,197,5,1,0.0,28.0
12205,2014,6.0,monaco,False,0.0,False,0.0,False,hamilton,British,mercedes,Auto%#,2,100.0,4.0,1.0,197,5,1,0.0,
12206,2014,6.0,monaco,False,0.0,False,0.0,False,ricciardo,Australian,red_bull,3,3,39.0,0.0,5.0,84,0,2,0.4000000000000057,24.0
12222,2014,6.0,monaco,False,0.0,False,0.0,False,vettel,German,red_bull,4,20,45.0,0.0,4.0,84,0,2,0.5,26.0
12207,2014,6.0,monaco,False,0.0,False,0.0,False,alonso,Spanish,ferrari,5,4,49.0,0.0,3.0,66,0,3,0.7000000000000028,32.0
12214,2014,6.0,monaco,False,0.0,False,0.0,False,raikkonen,Finnish,ferrari,6,,17.0,0.0,11.0,66,0,3,1.4000000000000057,34.0
12219,2014,6.0,monaco,False,0.0,False,0.0,False,vergne,French,toro_rosso,7,17,4.0,0.0,14.0,8,0,7,1.5,24.0
12213,2014,6.0,monaco,False,0.0,False,0.0,False,kevin_magnussen,Danish,mclaren,8,10,20.0,0.0,9.0,43,0,6,1.5999999999999943,21.0
12221,2014,6.0,monaco,False,0.0,False,0.0,False,,Russian,toro_rosso,9,19,4.0,0.0,15.0,8,0,7,2.0999999999999943,20.0
12223,2014,6.0,monaco,False,0.0,False,0.0,False,perez,Mexican,force_india,,21,20.0,0.0,10.0,57,0,4,2.299999999999997,24.0
12208,2014,6.0,,False,0.0,False,0.0,False,hulkenberg,German,force_india,11,5,37.0,0.0,6.0,57,0,4,1.7999999999999972,26.0
12209,2014,6.0,monaco,False,0.0,False,0.0,False,button,British,mclaren,12,6,23.0,0.0,8.0,43,0,6,2.0,34.0
12218,2014,6.0,monaco,False,0.0,False,0.0,False,bottas,Finnish,,13,16,34.0,0.0,7.0,46,0,5,2.0999999999999943,24.0
12211,2014,6.0,monaco,False,0.0,False,0.0,False,grosjean,French,lotus_f1,14,8,4.0,0.0,13.0,4,0,8,2.200000000000003,28.0
12224,2014,6.0,monaco,False,,False,0.0,False,maldonado,Venezuelan,lotus_f1,15,22,0.0,0.0,20.0,4,0,8,,29.0
12217,2014,6.0,monaco,False,0.0,False,0.0,False,gutierrez,Mexican,sauber,17,15,0.0,0.0,17.0,0,0,9,2.700000000000003,22.0
12220,2014,6.0,monaco,False,0.0,False,0.0,False,,German,sauber,18,18,0.0,0.0,16.0,0,0,,2.700000000000003,31.0
12216,2014,,monaco,False,0.0,False,0.0,False,chilton,British,marussia,19,14,0.0,0.0,18.0,0,0,10,3.9000000000000057,23.0
12215,2014,6.0,monaco,False,0.0,False,0.0,False,kobayashi,Japanese,caterham,20,13,0.0,0.0,19.0,0,0,11,4.099999999999994,27.0
12212,2014,6.0,monaco,False,0.0,False,0.0,False,jules_bianchi,French,marussia,21,9,0.0,0.0,,0,0,10,3.299999999999997,24.0
12226,2014,7.0,villeneuve,False,0.0,False,0.0,False,rosberg,German,mercedes,1,2,122.0,2.0,1.0,240,,1,0.0,28.0
12240,2014,7.0,villeneuve,False,0.0,False,0.0,False,hamilton,British,mercedes,2,17,118.0,,2.0,240,6,1,0.0999999999999943,29.0
12227,2014,7.0,,False,0.0,False,0.0,False,vettel,German,red_bull,3,3,45.0,,6.0,99,0,2,0.5999999999999943,26.0
12231,2014,7.0,villeneuve,False,,False,0.0,False,bottas,Finnish,williams,4,7,34.0,0.0,7.0,52,0,6,0.6999999999999886,24.0
12236,2014,7.0,villeneuve,False,0.0,False,0.0,False,massa,Brazilian,williams,5,12,18.0,0.0,11.0,52,0,6,0.6999999999999886,33.0
12225,2014,7.0,villeneuve,False,0.0,False,0.0,False,ricciardo,Australian,red_bull,6,1,54.0,0.0,4.0,99,,2,0.6999999999999886,24.0
12230,2014,7.0,villeneuve,False,0.0,False,0.0,False,alonso,Spanish,ferrari,7,6,61.0,0.0,3.0,78,0,3,0.8999999999999915,32.0
12232,2014,7.0,villeneuve,False,0.0,False,0.0,False,vergne,French,toro_rosso,8,8,4.0,0.0,14.0,8,0,,1.2999999999999972,24.0
12228,2014,7.0,villeneuve,False,0.0,False,0.0,False,button,British,mclaren,9,4,31.0,0.0,8.0,52,0,5,1.2999999999999972,34.0
12234,2014,7.0,villeneuve,False,0.0,False,0.0,False,raikkonen,Finnish,ferrari,10,10,17.0,0.0,12.0,78,0,3,1.2999999999999972,34.0
12229,2014,7.0,villeneuve,False,0.0,False,0.0,False,hulkenberg,German,force_india,11,5,47.0,0.0,5.0,67,0,Auto%#,1.3999999999999917,26.0
12233,2014,7.0,Auto%#,False,0.0,False,0.0,False,kevin_magnussen,Danish,mclaren,12,9,21.0,0.0,9.0,52,0,5,1.3999999999999917,21.0
12235,2014,7.0,villeneuve,False,0.0,False,0.0,False,perez,Mexican,force_india,13,11,20.0,0.0,10.0,67,0,4,1.5999999999999943,24.0
12238,2014,7.0,villeneuve,False,0.0,False,0.0,False,grosjean,French,lotus_f1,14,15,8.0,0.0,13.0,8,0,7,1.7999999999999972,28.0
12239,2014,7.0,villeneuve,False,0.0,False,,False,kvyat,Russian,toro_rosso,15,16,4.0,0.0,15.0,8,0,8,1.7999999999999972,20.0
12237,2014,7.0,villeneuve,False,0.0,False,,,sutil,German,sauber,16,13,0.0,0.0,18.0,0,0,10,2.3999999999999915,31.0
12242,2014,7.0,villeneuve,,0.0,False,0.0,False,,Venezuelan,lotus_f1,17,19,0.0,0.0,22.0,,0,7,3.3999999999999915,29.0
12244,2014,7.0,villeneuve,False,0.0,False,0.0,,chilton,British,marussia,18,21,0.0,0.0,20.0,2,0,9,3.3999999999999915,23.0
12245,2014,7.0,villeneuve,False,0.0,False,0.0,False,jules_bianchi,French,marussia,19,22,2.0,0.0,16.0,2,0,9,3.5,24.0
12243,2014,7.0,villeneuve,False,0.0,False,0.0,False,ericsson,Swedish,caterham,20,20,0.0,0.0,17.0,0,0,11,4.899999999999992,
12241,2014,7.0,villeneuve,False,0.0,False,0.0,False,kobayashi,Japanese,,21,18,0.0,0.0,21.0,0,0,11,4.399999999999992,27.0
12249,2014,8.0,red_bull_ring,True,0.0,True,0.0,False,massa,,williams,1,4,18.0,0.0,11.0,58,0,6,0.0,33.0
12248,2014,8.0,red_bull_ring,True,0.0,True,0.0,False,bottas,Finnish,williams,2,3,40.0,0.0,8.0,58,0,6,0.0,24.0
12246,2014,8.0,red_bull_ring,True,0.0,True,0.0,False,,,mercedes,3,1,140.0,2.0,1.0,258,6,1,0.1000000000000085,
12250,2014,8.0,red_bull_ring,True,0.0,True,0.0,False,alonso,Spanish,ferrari,4,5,69.0,0.0,4.0,87,0,3,0.5,32.0
12253,2014,8.0,red_bull_ring,True,0.0,True,0.0,False,ricciardo,Australian,red_bull,5,8,79.0,1.0,3.0,139,1,2,0.7000000000000028,24.0
12252,2014,8.0,red_bull_ring,,0.0,True,0.0,False,kevin_magnussen,Danish,mclaren,6,7,23.0,0.0,,66,0,5,0.7000000000000028,21.0
12266,2014,8.0,red_bull_ring,True,0.0,True,,False,kvyat,Russian,toro_rosso,7,22,4.0,0.0,15.0,12,0,7,0.7999999999999972,20.0
12255,2014,8.0,red_bull_ring,True,0.0,True,,False,raikkonen,Finnish,ferrari,8,Auto%#,18.0,0.0,12.0,87,0,3,2.0,34.0
12256,2014,8.0,red_bull_ring,True,0.0,True,0.0,False,button,British,,11,11,,0.0,7.0,66,0,5,1.0,34.0
12265,2014,8.0,red_bull_ring,True,0.0,True,0.0,False,vettel,German,red_bull,12,21,60.0,0.0,5.0,139,1,2,1.0,26.0
12257,2014,8.0,red_bull_ring,True,0.0,True,0.0,False,maldonado,Venezuelan,lotus_f1,13,12,0.0,0.0,22.0,8,0,8,1.1000000000000083,29.0
12264,2014,8.0,red_bull_ring,True,0.0,True,0.0,Auto%#,vergne,French,toro_rosso,14,20,8.0,0.0,14.0,12,0,7,1.2999999999999972,24.0
,2014,8.0,red_bull_ring,True,0.0,True,0.0,False,perez,Mexican,force_india,15,6,20.0,0.0,10.0,77,0,4,1.0,24.0
12258,2014,8.0,red_bull_ring,True,0.0,True,0.0,False,sutil,German,sauber,16,13,0.0,0.0,17.0,0,0,10,2.0,31.0
12263,2014,8.0,red_bull_ring,True,0.0,True,0.0,False,gutierrez,Mexican,sauber,Auto%#,19,0.0,0.0,19.0,0,0,10,2.5,22.0
12259,2014,8.0,red_bull_ring,True,0.0,True,0.0,False,jules_bianchi,French,marussia,18,15,2.0,0.0,16.0,2,0,9,2.6000000000000085,24.0
12260,,8.0,,True,,True,0.0,False,kobayashi,Japanese,caterham,19,16,0.0,0.0,21.0,,,11,2.9000000000000057,27.0
12262,2014,8.0,red_bull_ring,True,0.0,True,0.0,False,ericsson,Swedish,caterham,20,,0.0,0.0,18.0,0,0,11,3.9000000000000057,23.0
12261,2014,8.0,red_bull_ring,True,0.0,True,0.0,False,chilton,British,marussia,21,,0.0,0.0,20.0,2,0,9,3.0,23.0
12284,2014,9.0,silverstone,False,0.0,False,0.0,True,rosberg,German,mercedes,1,18,165.0,3.0,1.0,301,7,1,0.0,29.0
12271,2014,9.0,silverstone,False,0.0,False,0.0,True,vettel,German,red_bull,2,5,60.0,0.0,5.0,143,1,2,1.6000000000000083,27.0
12270,2014,9.0,silverstone,False,0.0,False,0.0,True,button,British,mclaren,3,4,43.0,,8.0,72,0,6,2.4000000000000057,34.0
12274,2014,9.0,silverstone,False,0.0,False,0.0,True,hulkenberg,German,force_india,4,8,59.0,0.0,6.0,87,0,4,2.5,26.0
12273,2014,9.0,silverstone,False,0.0,False,0.0,True,kevin_magnussen,Danish,mclaren,5,7,29.0,0.0,10.0,72,0,6,2.6000000000000085,21.0
12267,2014,9.0,silverstone,False,0.0,False,0.0,True,hamilton,British,mercedes,6,1,,4.0,2.0,301,7,1,3.4000000000000057,29.0
12277,2014,9.0,silverstone,False,0.0,False,0.0,True,perez,Mexican,force_india,7,11,28.0,0.0,11.0,87,0,4,4.700000000000003,24.0
12269,2014,9.0,silverstone,False,0.0,False,0.0,True,ricciardo,Australian,red_bull,8,3,83.0,1.0,3.0,143,,2,4.799999999999997,25.0
12275,2014,9.0,silverstone,False,0.0,False,0.0,True,kvyat,Russian,toro_rosso,9,9,4.0,0.0,15.0,12,0,7,4.900000000000006,20.0
12276,2014,9.0,silverstone,False,0.0,False,0.0,True,vergne,French,toro_rosso,10,10,8.0,0.0,14.0,12,0,7,5.1000000000000085,24.0
12278,2014,9.0,,False,0.0,False,0.0,Auto%#,grosjean,French,lotus_f1,,12,8.0,0.0,13.0,8,0,8,2.700000000000003,28.0
12280,2014,9.0,silverstone,False,,False,0.0,True,jules_bianchi,French,marussia,12,14,2.0,0.0,16.0,2,0,9,2.9000000000000057,24.0
12268,2014,9.0,silverstone,False,,False,0.0,True,,Finnish,williams,14,2,55.0,0.0,7.0,85,0,5,9.5,24.0
12287,2014,9.0,silverstone,False,0.0,False,0.0,True,massa,Brazilian,williams,15,21,30.0,0.0,9.0,85,0,5,9.900000000000006,33.0
12272,2014,9.0,silverstone,False,0.0,False,0.0,True,alonso,Spanish,ferrari,16,6,79.0,0.0,4.0,98,0,3,10.100000000000009,32.0
12282,2014,9.0,silverstone,False,0.0,False,0.0,True,chilton,British,marussia,17,16,0.0,0.0,21.0,2,0,9,4.0,23.0
12288,2014,9.0,silverstone,False,0.0,False,0.0,True,raikkonen,Finnish,ferrari,,22,19.0,0.0,12.0,98,0,3,10.900000000000006,34.0
12286,2014,9.0,silverstone,False,0.0,False,0.0,,gutierrez,Mexican,sauber,19,20,0.0,0.0,20.0,0,0,10,5.1000000000000085,22.0
12285,2014,9.0,silverstone,False,0.0,False,0.0,True,ericsson,Swedish,caterham,21,19,0.0,0.0,18.0,0,0,11,13.600000000000009,23.0
12281,2014,9.0,silverstone,False,0.0,False,0.0,True,kobayashi,Japanese,caterham,22,15,0.0,0.0,22.0,0,0,11,13.799999999999995,27.0
,2014,10.0,hockenheimring,False,0.0,Auto%#,0.0,True,rosberg,German,Auto%#,1,1,165.0,3.0,1.0,326,8,1,0.0,29.0
12290,2014,10.0,,False,0.0,False,0.0,True,bottas,Finnish,Auto%#,2,2,73.0,0.0,5.0,103,0,4,0.2999999999999971,24.0
12309,,10.0,hockenheimring,False,0.0,False,0.0,True,massa,Brazilian,williams,3,22,30.0,0.0,10.0,103,0,4,0.5999999999999943,33.0
12297,2014,,hockenheimring,False,0.0,False,0.0,True,kevin_magnussen,Danish,mclaren,4,9,35.0,0.0,9.0,90,0,6,0.7000000000000028,21.0
12294,2014,10.0,hockenheimring,,0.0,False,0.0,True,ricciardo,Australian,red_bull,5,6,98.0,1.0,3.0,168,1,2,0.7999999999999972,25.0
12292,2014,10.0,hockenheimring,False,0.0,False,0.0,True,vettel,German,red_bull,6,4,70.0,0.0,6.0,168,1,,1.0999999999999943,27.0
12293,2014,,hockenheimring,False,0.0,Auto%#,0.0,True,alonso,Spanish,ferrari,7,5,87.0,0.0,4.0,106,0,3,1.0999999999999943,32.0
12307,2014,10.0,hockenheimring,False,0.0,False,0.0,True,kvyat,Russian,toro_rosso,8,20,6.0,0.0,15.0,15,0,7,1.5,20.0
12295,2014,,hockenheimring,False,0.0,False,0.0,True,hulkenberg,German,force_india,9,7,63.0,0.0,,91,0,5,1.5,26.0
12298,2014,,hockenheimring,False,0.0,False,0.0,True,perez,Mexican,,10,10,28.0,0.0,11.0,91,0,5,1.5,24.0
12296,2014,10.0,hockenheimring,False,0.0,False,0.0,True,button,British,mclaren,11,8,55.0,0.0,8.0,90,0,6,1.7000000000000028,34.0
12299,2014,10.0,hockenheimring,False,0.0,False,0.0,True,raikkonen,Finnish,,,11,19.0,0.0,12.0,106,0,3,1.7999999999999972,34.0
12301,2014,10.0,hockenheimring,False,0.0,Auto%#,0.0,True,vergne,French,toro_rosso,13,13,9.0,0.0,13.0,15,0,7,1.7999999999999972,24.0
12308,2014,10.0,,False,0.0,False,0.0,,grosjean,French,lotus_f1,14,21,8.0,0.0,14.0,8,0,8,2.5,28.0
12306,2014,10.0,hockenheimring,False,0.0,Auto%#,0.0,True,sutil,German,sauber,15,19,0.0,0.0,17.0,0,0,10,2.5999999999999943,31.0
12302,2014,10.0,hockenheimring,False,0.0,False,0.0,True,gutierrez,Mexican,sauber,16,14,0.0,0.0,20.0,0,0,10,2.299999999999997,22.0
12303,2014,10.0,hockenheimring,False,0.0,False,0.0,True,jules_bianchi,French,marussia,,15,2.0,0.0,16.0,2,0,9,3.200000000000003,24.0
12300,2014,10.0,hockenheimring,False,0.0,False,0.0,True,maldonado,Venezuelan,lotus_f1,18,12,0.0,0.0,,8,0,8,3.700000000000003,29.0
12304,2014,10.0,hockenheimring,,0.0,False,0.0,True,kobayashi,Japanese,caterham,19,16,0.0,0.0,22.0,0,0,Auto%#,3.9000000000000057,
12305,2014,10.0,hockenheimring,False,0.0,False,0.0,True,chilton,Auto%#,marussia,21,17,0.0,0.0,21.0,2,0,9,4.0,23.0
12312,2014,11.0,hungaroring,False,0.0,False,1.0,False,rosberg,German,mercedes,1,4,190.0,4.0,1.0,366,9,1,0.0,29.0
12315,2014,11.0,hungaroring,,0.0,False,1.0,False,,German,red_bull,2,7,82.0,0.0,6.0,188,1,2,0.5,27.0
12316,2014,11.0,hungaroring,False,,False,1.0,False,bottas,Finnish,williams,3,8,91.0,0.0,5.0,121,0,3,0.7000000000000028,24.0
12310,2014,11.0,hungaroring,False,0.0,,1.0,False,ricciardo,Australian,,4,1,106.0,1.0,3.0,188,1,2,0.7000000000000028,25.0
12311,2014,11.0,hungaroring,False,0.0,False,1.0,False,alonso,Spanish,ferrari,5,2,97.0,0.0,4.0,116,0,4,,32.0
12313,2014,11.0,hungaroring,False,0.0,False,1.0,False,massa,Brazilian,williams,6,,30.0,0.0,10.0,121,0,3,1.5,33.0
12318,2014,,hungaroring,False,0.0,False,1.0,False,button,British,mclaren,7,10,59.0,0.0,,96,0,6,1.5999999999999943,34.0
12317,2014,11.0,Auto%#,False,0.0,False,1.0,False,vergne,Auto%#,toro_rosso,8,9,9.0,0.0,13.0,15,0,7,2.0,24.0
12327,2014,11.0,hungaroring,False,0.0,False,1.0,False,hulkenberg,German,force_india,9,20,69.0,,7.0,98,0,5,2.0999999999999943,26.0
12321,2014,11.0,hungaroring,False,0.0,False,1.0,False,kvyat,Russian,toro_rosso,10,14,6.0,0.0,15.0,15,0,7,2.0,20.0
12319,2014,11.0,hungaroring,False,0.0,False,1.0,False,sutil,German,sauber,11,11,0.0,0.0,17.0,0,0,10,2.3999999999999915,31.0
12326,2014,11.0,hungaroring,False,0.0,False,1.0,False,,Mexican,force_india,12,19,29.0,0.0,,98,0,5,2.5,24.0
,2014,11.0,hungaroring,False,0.0,False,1.0,,gutierrez,Mexican,sauber,13,17,0.0,0.0,20.0,0,0,10,2.5999999999999943,22.0
12328,2014,11.0,hungaroring,False,0.0,False,1.0,False,grosjean,French,lotus_f1,14,21,8.0,0.0,14.0,8,0,8,2.5999999999999943,28.0
12322,2014,11.0,hungaroring,False,0.0,False,1.0,False,jules_bianchi,French,marussia,15,15,2.0,0.0,16.0,2,0,9,4.700000000000003,24.0
12314,2014,11.0,hungaroring,,0.0,False,1.0,False,raikkonen,Finnish,ferrari,16,6,19.0,0.0,12.0,116,0,4,,34.0
12325,,11.0,hungaroring,False,0.0,False,1.0,False,kobayashi,Japanese,caterham,17,18,0.0,0.0,22.0,0,0,11,4.399999999999992,27.0
12323,2014,11.0,hungaroring,False,0.0,False,1.0,False,chilton,British,marussia,18,16,0.0,0.0,21.0,2,0,9,5.099999999999994,23.0
12329,2014,11.0,hungaroring,False,0.0,False,1.0,False,ericsson,Swedish,caterham,19,22,,0.0,18.0,0,0,11,5.899999999999992,
12331,2014,12.0,spa,False,0.0,False,0.0,True,rosberg,German,mercedes,1,2,202.0,4.0,1.0,393,9,1,0.0,29.0
12348,2014,12.0,spa,False,0.0,False,0.0,True,hamilton,British,mercedes,2,,191.0,5.0,2.0,393,9,1,0.2000000000000028,29.0
12334,2014,12.0,spa,False,0.0,False,0.0,,vettel,German,red_bull,3,Auto%#,88.0,0.0,6.0,219,2,2,,27.0
12336,2014,12.0,spa,False,0.0,False,0.0,True,alonso,Spanish,ferrari,4,7,115.0,0.0,4.0,142,0,3,2.200000000000003,33.0
12330,2014,12.0,spa,False,0.0,False,0.0,True,ricciardo,Australian,red_bull,5,1,,2.0,3.0,219,2,Auto%#,2.300000000000012,25.0
12332,2014,12.0,spa,False,0.0,False,0.0,True,bottas,Finnish,williams,6,3,95.0,0.0,5.0,135,0,4,2.4000000000000057,24.0
12341,2014,12.0,spa,False,0.0,False,0.0,True,kevin_magnussen,Danish,mclaren,7,12,37.0,0.0,10.0,97,0,6,3.0999999999999943,21.0
12333,2014,12.0,spa,False,0.0,False,0.0,True,raikkonen,Finnish,ferrari,8,4,27.0,0.0,,142,0,3,3.200000000000017,34.0
12342,2014,12.0,spa,False,,False,0.0,True,massa,Brazilian,williams,9,13,40.0,0.0,9.0,135,0,4,3.5999999999999943,33.0
12335,2014,12.0,spa,False,0.0,False,0.0,True,button,British,mclaren,10,6,60.0,,8.0,97,0,6,4.200000000000017,34.0
12338,2014,12.0,spa,False,0.0,False,0.0,True,kvyat,Russian,toro_rosso,11,9,6.0,0.0,15.0,17,0,7,3.8000000000000114,20.0
12340,2014,12.0,spa,False,0.0,False,0.0,True,vergne,French,toro_rosso,12,11,11.0,0.0,13.0,17,0,7,4.200000000000017,24.0
12337,2014,12.0,spa,False,0.0,False,0.0,True,perez,Mexican,force_india,13,8,29.0,0.0,11.0,98,,5,4.5,24.0
12343,2014,12.0,spa,False,0.0,False,0.0,True,,German,sauber,14,14,0.0,0.0,17.0,0,0,10,4.599999999999994,31.0
12349,2014,12.0,spa,False,0.0,Auto%#,0.0,True,grosjean,French,lotus_f1,15,20,8.0,0.0,14.0,8,0,8,5.5,28.0
12347,2014,12.0,,False,0.0,False,0.0,True,,French,marussia,16,18,2.0,0.0,16.0,2,0,9,6.900000000000006,25.0
12350,2014,12.0,spa,False,0.0,False,0.0,True,maldonado,Venezuelan,lotus_f1,17,21,,0.0,19.0,8,0,8,5.700000000000017,29.0
12339,2014,12.0,spa,False,0.0,False,0.0,True,hulkenberg,German,force_india,18,10,69.0,0.0,7.0,98,0,5,5.700000000000017,27.0
12345,2014,12.0,spa,False,0.0,False,0.0,True,chilton,British,marussia,19,16,0.0,0.0,21.0,2,0,9,7.0,23.0
12344,2014,12.0,spa,False,0.0,False,0.0,True,gutierrez,Mexican,sauber,20,15,0.0,0.0,20.0,0,0,10,7.800000000000011,
12351,2014,12.0,spa,False,0.0,False,0.0,True,lotterer,German,caterham,21,22,0.0,0.0,0.0,0,0,11,7.900000000000006,32.0
12346,2014,12.0,spa,False,0.0,False,0.0,True,ericsson,Swedish,caterham,22,17,0.0,,18.0,0,0,Auto%#,8.800000000000011,23.0
12352,2014,13.0,monza,False,0.0,False,0.0,False,hamilton,Auto%#,mercedes,1,1,191.0,5.0,2.0,411,9,1,0.0,
12353,2014,13.0,monza,False,0.0,False,0.0,False,rosberg,German,mercedes,2,2,220.0,4.0,1.0,411,9,1,0.3000000000000113,29.0
12355,2014,13.0,monza,False,0.0,False,0.0,False,bottas,Finnish,williams,3,4,110.0,0.0,5.0,150,0,4,0.6000000000000085,
12354,2014,13.0,Auto%#,False,0.0,False,0.0,False,massa,Brazilian,williams,4,3,40.0,0.0,9.0,150,0,4,0.8000000000000114,33.0
12361,2014,,monza,False,0.0,False,0.0,False,kevin_magnussen,Danish,mclaren,5,10,37.0,0.0,11.0,105,0,5,1.2000000000000028,21.0
12359,2014,13.0,monza,False,0.0,False,0.0,False,button,British,mclaren,6,8,68.0,0.0,8.0,105,0,5,1.3000000000000114,34.0
12371,2014,13.0,monza,False,0.0,False,0.0,False,alonso,Spanish,ferrari,7,21,121.0,0.0,4.0,,0,3,1.3000000000000114,33.0
12357,2014,13.0,monza,False,0.0,False,0.0,Auto%#,vettel,German,red_bull,8,6,98.0,0.0,6.0,254,3,2,1.3000000000000114,27.0
12356,2014,13.0,monza,False,0.0,False,0.0,False,ricciardo,Australian,red_bull,9,5,156.0,3.0,3.0,254,3,2,1.6000000000000083,25.0
12358,2014,13.0,monza,False,0.0,False,0.0,False,perez,Auto%#,force_india,10,7,33.0,0.0,12.0,103,0,6,1.8000000000000114,24.0
12360,2014,13.0,monza,False,0.0,False,0.0,False,raikkonen,,ferrari,11,9,39.0,0.0,,160,0,3,2.0,34.0
12364,2014,13.0,monza,False,0.0,False,0.0,False,vergne,French,toro_rosso,12,13,11.0,0.0,,19,0,7,2.1000000000000085,24.0
12363,2014,13.0,monza,False,0.0,False,0.0,Auto%#,hulkenberg,German,force_india,13,12,70.0,0.0,7.0,103,0,6,2.200000000000003,27.0
12366,2014,,monza,,,False,0.0,False,sutil,German,sauber,14,15,0.0,0.0,17.0,0,0,10,2.5,31.0
12370,2014,13.0,monza,False,0.0,False,0.0,False,,Mexican,sauber,15,19,0.0,0.0,20.0,0,0,10,2.6000000000000085,23.0
12365,2014,13.0,monza,False,0.0,False,0.0,False,maldonado,Venezuelan,lotus_f1,16,14,0.0,0.0,19.0,8,0,8,3.4000000000000057,29.0
12367,2014,13.0,monza,False,0.0,False,0.0,False,grosjean,French,lotus_f1,17,16,8.0,0.0,14.0,8,0,8,3.5,28.0
12368,2014,13.0,monza,False,,False,0.0,False,kobayashi,Japanese,caterham,,Auto%#,0.0,0.0,22.0,0,0,11,3.6000000000000085,27.0
12369,2014,13.0,monza,False,0.0,False,0.0,,jules_bianchi,French,marussia,19,,2.0,0.0,16.0,2,0,,3.6000000000000085,25.0
12372,2014,13.0,monza,False,0.0,False,0.0,False,chilton,Auto%#,marussia,20,22,0.0,0.0,21.0,2,0,9,4.1000000000000085,23.0
12362,2014,,monza,False,0.0,False,0.0,False,kvyat,Russian,toro_rosso,21,11,8.0,0.0,,19,0,7,2.0,20.0
12373,2014,14.0,marina_bay,False,0.0,False,0.0,False,hamilton,British,mercedes,1,1,216.0,6.0,2.0,454,10,1,0.0,29.0
12393,2014,14.0,marina_bay,False,0.0,False,0.0,False,rosberg,German,mercedes,2,,238.0,4.0,1.0,454,10,1,0.0,29.0
12375,2014,14.0,marina_bay,False,0.0,False,0.0,False,ricciardo,Australian,red_bull,3,3,166.0,3.0,3.0,272,,2,,25.0
12374,2014,14.0,marina_bay,False,,False,0.0,False,vettel,German,red_bull,4,2,106.0,0.0,6.0,,3,2,0.2000000000000028,27.0
12376,2014,14.0,marina_bay,False,0.0,False,0.0,False,alonso,Spanish,ferrari,5,4,121.0,0.0,5.0,162,0,4,0.2000000000000028,33.0
12377,2014,14.0,marina_bay,False,0.0,False,0.0,False,massa,Brazilian,williams,6,5,55.0,0.0,9.0,177,0,3,0.2999999999999971,33.0
,2014,14.0,marina_bay,False,0.0,False,0.0,False,raikkonen,Finnish,ferrari,7,8,41.0,0.0,10.0,162,0,4,0.5,34.0
12383,2014,14.0,marina_bay,False,0.0,False,0.0,False,bottas,Finnish,williams,8,11,122.0,0.0,4.0,177,,3,0.5,25.0
12382,2014,,marina_bay,False,0.0,,0.0,False,kevin_magnussen,Danish,mclaren,9,10,38.0,0.0,12.0,110,0,5,0.5999999999999943,21.0
12386,2014,14.0,marina_bay,False,0.0,False,0.0,False,kvyat,Russian,toro_rosso,10,14,8.0,0.0,15.0,19,0,7,1.7000000000000028,20.0
12390,2014,14.0,marina_bay,False,0.0,False,0.0,,button,British,mclaren,11,18,72.0,0.0,7.0,110,0,5,1.2000000000000028,34.0
12378,2014,14.0,marina_bay,False,0.0,False,0.0,False,vergne,French,toro_rosso,12,6,11.0,0.0,13.0,19,0,7,1.2999999999999972,24.0
12381,2014,14.0,marina_bay,False,0.0,False,0.0,False,hulkenberg,German,force_india,13,9,70.0,0.0,8.0,109,0,6,1.5999999999999943,27.0
12392,2014,14.0,marina_bay,False,0.0,False,0.0,False,gutierrez,Mexican,sauber,14,20,0.0,0.0,20.0,0,0,10,1.5999999999999943,
12379,2014,14.0,marina_bay,False,0.0,False,0.0,False,perez,Mexican,force_india,15,7,39.0,0.0,11.0,109,0,6,1.8999999999999917,24.0
12385,2014,14.0,marina_bay,False,0.0,False,0.0,,grosjean,French,lotus_f1,16,13,8.0,0.0,14.0,8,0,8,2.0999999999999943,28.0
12391,2014,14.0,marina_bay,False,0.0,False,0.0,False,sutil,German,sauber,17,19,0.0,0.0,,0,0,10,2.5999999999999943,31.0
12384,2014,14.0,marina_bay,False,0.0,,0.0,,maldonado,Venezuelan,lotus_f1,18,12,0.0,0.0,19.0,8,0,8,3.3999999999999915,29.0
12388,2014,14.0,marina_bay,False,0.0,False,0.0,False,jules_bianchi,French,marussia,19,16,2.0,0.0,16.0,2,0,Auto%#,3.700000000000003,25.0
12394,2014,14.0,marina_bay,False,0.0,False,0.0,False,kobayashi,Japanese,caterham,20,22,0.0,0.0,22.0,0,0,11,4.700000000000003,28.0
12389,2014,14.0,marina_bay,False,0.0,False,0.0,False,chilton,British,marussia,21,Auto%#,0.0,0.0,21.0,2,0,9,4.799999999999997,23.0
12387,2014,14.0,marina_bay,False,0.0,False,0.0,False,ericsson,Swedish,caterham,22,15,0.0,0.0,18.0,,0,11,6.599999999999994,24.0
12396,2014,15.0,suzuka,False,0.0,False,0.0,False,rosberg,German,mercedes,1,2,238.0,4.0,2.0,479,11,1,0.0,29.0
12395,2014,15.0,suzuka,False,0.0,False,0.0,False,hamilton,British,mercedes,Auto%#,1,241.0,7.0,,479,11,1,0.2000000000000028,29.0
12400,2014,15.0,suzuka,False,0.0,False,0.0,False,bottas,Finnish,williams,3,6,122.0,0.0,6.0,187,0,,0.5999999999999943,
12401,2014,15.0,suzuka,False,0.0,False,0.0,False,massa,Brazilian,williams,4,7,65.0,0.0,9.0,187,0,3,1.0,33.0
12416,2014,15.0,suzuka,False,0.0,False,0.0,False,alonso,Spanish,ferrari,5,22,133.0,0.0,4.0,178,0,4,1.2000000000000028,33.0
12398,2014,15.0,suzuka,False,,False,0.0,False,ricciardo,Australian,red_bull,6,,181.0,3.0,3.0,305,3,2,,25.0
12408,2014,15.0,suzuka,False,0.0,False,0.0,False,kevin_magnussen,Danish,mclaren,7,14,39.0,0.0,12.0,111,0,,1.7000000000000028,22.0
12399,2014,15.0,suzuka,False,0.0,False,0.0,False,button,British,mclaren,8,5,72.0,0.0,7.0,111,0,6,1.7999999999999972,34.0
12397,2014,15.0,suzuka,False,0.0,False,0.0,False,vettel,Auto%#,red_bull,9,3,124.0,0.0,5.0,305,3,2,1.9000000000000057,27.0
12406,2014,15.0,suzuka,False,0.0,False,0.0,False,raikkonen,Finnish,ferrari,10,12,45.0,0.0,11.0,178,0,4,2.0,34.0
12404,2014,15.0,suzuka,False,0.0,False,,False,perez,Mexican,force_india,11,10,45.0,0.0,,117,0,5,2.5999999999999943,24.0
12405,2014,15.0,suzuka,False,0.0,False,0.0,False,kvyat,Russian,toro_rosso,12,11,8.0,0.0,15.0,27,0,7,2.5999999999999943,
12402,2014,15.0,suzuka,False,0.0,False,0.0,False,hulkenberg,German,force_india,13,8,72.0,0.0,8.0,117,0,5,2.5999999999999943,27.0
12415,2014,15.0,suzuka,False,0.0,False,0.0,False,sutil,German,Auto%#,14,21,0.0,0.0,17.0,0,0,10,2.9000000000000057,31.0
12407,2014,15.0,suzuka,False,0.0,False,0.0,False,gutierrez,Mexican,sauber,15,13,0.0,0.0,20.0,0,0,10,3.200000000000003,23.0
12409,2014,15.0,suzuka,False,0.0,False,0.0,False,grosjean,French,lotus_f1,16,15,8.0,0.0,14.0,8,0,8,3.5,28.0
12411,2014,15.0,,False,0.0,False,0.0,False,ericsson,Swedish,caterham,17,17,0.0,0.0,18.0,0,0,11,4.299999999999997,24.0
12414,2014,15.0,suzuka,False,0.0,False,0.0,False,jules_bianchi,French,marussia,18,20,2.0,0.0,16.0,2,0,9,4.400000000000006,25.0
12413,2014,15.0,suzuka,False,0.0,False,0.0,Auto%#,kobayashi,Japanese,caterham,19,19,0.0,0.0,22.0,0,0,11,4.5,28.0
12403,2014,15.0,suzuka,False,0.0,False,,False,vergne,French,toro_rosso,20,9,19.0,0.0,13.0,27,0,7,2.5,24.0
12412,2014,15.0,suzuka,False,0.0,False,0.0,False,,British,Auto%#,21,18,0.0,0.0,21.0,2,,9,5.0,23.0
12410,2014,15.0,suzuka,False,0.0,False,0.0,False,maldonado,Venezuelan,lotus_f1,22,16,0.0,0.0,19.0,8,0,8,3.4000000000000057,29.0
12417,2014,16.0,sochi,True,0.0,False,0.0,False,hamilton,British,mercedes,1,1,266.0,8.0,1.0,522,12,1,0.0,29.0
12418,2014,16.0,sochi,True,0.0,False,0.0,False,rosberg,German,,2,2,256.0,4.0,2.0,522,12,1,0.2000000000000028,29.0
12419,2014,16.0,sochi,True,0.0,False,0.0,False,bottas,Finnish,williams,3,3,130.0,0.0,6.0,201,0,3,0.4000000000000057,25.0
12420,2014,16.0,sochi,True,0.0,False,0.0,False,button,Auto%#,mclaren,4,4,82.0,0.0,7.0,121,0,6,0.5999999999999943,34.0
12430,2014,,sochi,True,0.0,False,0.0,False,kvyat,Russian,toro_rosso,5,14,8.0,0.0,15.0,29,0,7,0.7999999999999972,20.0
12423,2014,16.0,sochi,True,0.0,False,0.0,False,ricciardo,Australian,red_bull,6,7,193.0,3.0,3.0,332,3,2,1.0999999999999943,25.0
12422,2014,16.0,sochi,True,0.0,False,0.0,False,alonso,Spanish,ferrari,7,6,133.0,0.0,5.0,178,0,4,1.2000000000000028,33.0
,2014,16.0,sochi,True,0.0,False,0.0,False,,Finnish,ferrari,8,9,45.0,0.0,11.0,178,0,4,1.2999999999999972,34.0
12429,2014,16.0,sochi,True,0.0,False,0.0,False,vergne,French,toro_rosso,9,13,21.0,0.0,13.0,29,0,7,1.5,24.0
12424,2014,16.0,sochi,True,,False,0.0,False,vettel,German,red_bull,10,8,139.0,0.0,4.0,332,3,2,1.5999999999999943,27.0
12421,2014,16.0,sochi,True,0.0,False,0.0,False,kevin_magnussen,Danish,mclaren,11,5,39.0,,12.0,121,0,6,1.0999999999999943,22.0
12426,2014,16.0,sochi,True,,False,0.0,False,perez,Mexican,force_india,12,10,46.0,0.0,10.0,122,0,5,1.7000000000000028,24.0
12431,2014,16.0,sochi,True,0.0,False,0.0,,gutierrez,Mexican,sauber,13,15,0.0,0.0,20.0,0,0,10,2.0,23.0
12432,2014,16.0,sochi,True,0.0,False,0.0,False,,German,,Auto%#,16,0.0,0.0,17.0,0,0,10,2.5,31.0
12433,2014,16.0,sochi,True,0.0,,0.0,False,grosjean,French,lotus_f1,,17,8.0,0.0,14.0,8,0,Auto%#,2.9000000000000057,28.0
12435,2014,16.0,sochi,True,0.0,False,0.0,False,ericsson,Swedish,,16,19,0.0,0.0,18.0,0,0,11,4.099999999999994,24.0
12428,2014,16.0,sochi,True,0.0,False,0.0,False,hulkenberg,German,force_india,17,12,76.0,0.0,8.0,122,0,5,1.5999999999999943,27.0
12427,2014,16.0,sochi,True,0.0,False,0.0,False,massa,Brazilian,williams,Auto%#,11,71.0,0.0,9.0,201,0,3,4.599999999999994,33.0
12436,2014,16.0,sochi,True,0.0,False,0.0,False,kobayashi,Japanese,caterham,19,20,0.0,0.0,22.0,0,0,11,4.700000000000003,28.0
12437,2014,16.0,sochi,True,0.0,False,0.0,False,,British,marussia,20,21,0.0,0.0,21.0,2,0,9,5.099999999999994,23.0
12434,2014,16.0,sochi,True,0.0,False,0.0,,maldonado,Venezuelan,lotus_f1,21,18,0.0,0.0,,8,0,8,4.700000000000003,29.0
12439,2014,17.0,americas,False,0.0,False,0.0,False,rosberg,German,mercedes,1,2,274.0,4.0,2.0,565,13,1,0.0,29.0
12438,2014,17.0,americas,False,0.0,False,0.0,False,hamilton,British,mercedes,2,1,291.0,9.0,,565,13,1,0.3000000000000113,29.0
12442,2014,17.0,americas,False,0.0,False,0.0,False,bottas,Finnish,williams,3,5,145.0,0.0,4.0,216,0,3,0.8000000000000114,25.0
12441,2014,17.0,americas,False,0.0,False,0.0,False,massa,Brazilian,williams,4,4,71.0,0.0,9.0,216,0,3,1.1000000000000083,33.0
12440,2014,17.0,americas,False,0.0,False,0.0,Auto%#,ricciardo,Australian,red_bull,5,3,199.0,,3.0,342,3,2,1.1000000000000083,25.0
12443,2014,17.0,americas,False,0.0,False,0.0,False,alonso,Spanish,ferrari,6,6,,0.0,6.0,188,0,Auto%#,1.5,33.0
12444,2014,17.0,americas,False,0.0,False,0.0,False,kevin_magnussen,Danish,mclaren,7,8,49.0,0.0,10.0,143,0,5,1.6000000000000083,22.0
12449,2014,17.0,americas,False,0.0,False,0.0,False,raikkonen,Finnish,ferrari,8,13,47.0,0.0,12.0,188,0,4,1.7000000000000028,35.0
12454,2014,17.0,americas,False,0.0,False,0.0,False,sutil,German,sauber,,18,0.0,0.0,17.0,0,0,,2.700000000000003,31.0
12445,2014,,americas,False,0.0,False,0.0,False,maldonado,Venezuelan,lotus_f1,10,,0.0,0.0,19.0,8,0,,2.4000000000000057,29.0
12453,2014,17.0,americas,False,,False,0.0,False,perez,Mexican,force_india,11,17,47.0,0.0,11.0,123,0,6,2.5,24.0
12448,2014,17.0,americas,False,0.0,False,0.0,False,button,British,mclaren,12,12,94.0,0.0,7.0,,0,5,1.6000000000000083,34.0
12452,2014,17.0,Auto%#,False,0.0,False,,False,hulkenberg,German,force_india,13,16,76.0,0.0,8.0,123,0,6,2.5,27.0
12446,2014,17.0,americas,False,0.0,False,0.0,False,vergne,French,toro_rosso,14,10,21.0,0.0,13.0,29,0,7,3.200000000000003,
12450,2014,17.0,americas,False,0.0,False,0.0,False,gutierrez,Mexican,sauber,15,14,0.0,0.0,20.0,0,0,10,3.5,23.0
12447,2014,17.0,americas,False,0.0,Auto%#,0.0,False,grosjean,French,lotus_f1,16,11,8.0,0.0,14.0,8,0,,3.6000000000000085,28.0
12451,2014,17.0,americas,False,0.0,False,0.0,False,kvyat,Russian,toro_rosso,17,15,8.0,0.0,15.0,29,0,7,2.6000000000000085,20.0
12455,2014,18.0,interlagos,False,0.0,False,0.0,False,rosberg,German,mercedes,1,1,292.0,4.0,2.0,608,14,1,0.0,29.0
12456,2014,18.0,interlagos,False,0.0,False,0.0,False,hamilton,British,mercedes,2,2,,10.0,1.0,608,14,1,0.0999999999999943,29.0
,2014,18.0,interlagos,False,0.0,False,,False,massa,Brazilian,williams,3,,83.0,0.0,8.0,238,0,3,0.2000000000000028,33.0
12464,2014,18.0,interlagos,False,0.0,False,0.0,False,bottas,Finnish,williams,4,10,155.0,0.0,4.0,238,0,3,0.2999999999999971,25.0
12458,2014,18.0,interlagos,False,0.0,False,0.0,False,button,British,mclaren,5,4,94.0,0.0,7.0,147,,5,0.9000000000000057,34.0
12459,2014,18.0,interlagos,False,0.0,False,0.0,False,vettel,,red_bull,6,Auto%#,149.0,0.0,5.0,363,3,2,0.9000000000000057,27.0
,2014,18.0,,False,0.0,False,0.0,False,kevin_magnussen,Danish,mclaren,7,9,53.0,0.0,10.0,147,0,5,1.0,22.0
12460,2014,18.0,interlagos,False,0.0,False,0.0,False,alonso,Spanish,Auto%#,8,6,149.0,0.0,6.0,196,0,4,1.0,33.0
12472,2014,18.0,interlagos,False,0.0,Auto%#,0.0,False,ricciardo,Australian,red_bull,9,18,214.0,3.0,3.0,363,3,2,1.0999999999999943,25.0
12461,2014,18.0,interlagos,False,0.0,False,0.0,False,raikkonen,Finnish,ferrari,10,7,47.0,0.0,12.0,196,0,4,1.0999999999999943,35.0
12468,2014,18.0,interlagos,False,0.0,False,0.0,False,gutierrez,Mexican,sauber,11,14,0.0,0.0,20.0,0,0,10,1.5999999999999943,23.0
12462,,18.0,interlagos,False,0.0,False,0.0,False,hulkenberg,German,force_india,12,8,76.0,0.0,9.0,123,0,6,2.0,27.0
12470,2014,18.0,interlagos,False,0.0,False,0.0,False,sutil,German,sauber,13,16,0.0,0.0,18.0,0,0,Auto%#,2.0999999999999943,31.0
12471,2014,18.0,interlagos,False,0.0,False,,False,grosjean,French,lotus_f1,14,,8.0,0.0,14.0,10,0,8,2.0,28.0
12467,2014,18.0,interlagos,False,0.0,False,0.0,False,vergne,French,toro_rosso,15,13,22.0,0.0,13.0,30,0,7,2.0,24.0
12466,,,interlagos,False,0.0,False,0.0,,maldonado,Venezuelan,lotus_f1,16,12,2.0,0.0,16.0,10,0,8,2.200000000000003,29.0
12469,2014,18.0,interlagos,False,0.0,,0.0,False,perez,Mexican,force_india,18,15,47.0,,11.0,123,0,6,2.0999999999999943,24.0
12484,2014,19.0,yas_marina,True,0.0,False,0.0,False,rosberg,German,mercedes,1,14,317.0,5.0,2.0,651,15,1,0.0,29.0
12473,2014,19.0,yas_marina,True,0.0,False,0.0,False,hamilton,British,mercedes,2,1,334.0,10.0,1.0,651,15,,0.4000000000000057,29.0
12475,2014,19.0,yas_marina,True,0.0,False,0.0,False,bottas,Finnish,williams,3,3,156.0,0.0,6.0,254,0,3,0.5,25.0
12474,2014,19.0,yas_marina,True,0.0,False,0.0,False,massa,Brazilian,williams,4,2,98.0,0.0,8.0,254,,3,0.5999999999999943,33.0
12490,2014,19.0,Auto%#,True,0.0,False,0.0,False,kvyat,Russian,toro_rosso,,20,8.0,0.0,15.0,,0,7,1.4000000000000057,20.0
12476,2014,,yas_marina,True,0.0,False,0.0,False,button,British,,6,5,106.0,0.0,7.0,161,0,5,1.5,34.0
12480,2014,19.0,yas_marina,True,0.0,False,,False,raikkonen,Finnish,ferrari,7,10,53.0,0.0,11.0,210,,4,1.7000000000000028,35.0
,2014,19.0,yas_marina,True,0.0,False,,False,alonso,Spanish,ferrari,8,9,157.0,0.0,5.0,210,0,4,2.4000000000000057,33.0
12481,2014,19.0,yas_marina,True,0.0,False,0.0,False,kevin_magnussen,Danish,mclaren,9,11,55.0,0.0,10.0,161,0,5,1.7000000000000028,22.0
12482,2014,19.0,yas_marina,True,0.0,False,0.0,False,vergne,French,toro_rosso,10,12,22.0,0.0,13.0,30,0,7,1.7000000000000028,24.0
12478,2014,19.0,yas_marina,True,0.0,False,0.0,False,perez,Mexican,force_india,11,7,47.0,0.0,12.0,127,0,6,1.7000000000000028,24.0
12477,2014,19.0,yas_marina,True,0.0,False,,False,hulkenberg,German,force_india,12,6,80.0,0.0,9.0,127,0,6,1.9000000000000057,27.0
12486,2014,19.0,Auto%#,True,0.0,False,0.0,False,sutil,German,sauber,13,16,0.0,0.0,,0,0,,2.5999999999999943,31.0
12485,2014,19.0,yas_marina,True,0.0,False,0.0,False,gutierrez,Mexican,sauber,14,Auto%#,0.0,0.0,20.0,0,0,10,2.299999999999997,23.0
12489,2014,19.0,yas_marina,True,0.0,False,0.0,False,maldonado,Venezuelan,lotus_f1,15,19,2.0,0.0,16.0,10,0,8,2.4000000000000057,29.0
12488,2014,19.0,yas_marina,True,0.0,False,0.0,False,,Japanese,caterham,16,18,0.0,0.0,,0,0,11,4.0,28.0
12487,2014,19.0,yas_marina,True,0.0,False,0.0,False,stevens,British,caterham,17,17,0.0,0.0,0.0,0,0,11,4.599999999999994,23.0
12483,2014,19.0,yas_marina,True,0.0,False,0.0,False,grosjean,French,lotus_f1,18,13,8.0,0.0,14.0,10,0,8,2.299999999999997,28.0
12491,,1.0,albert_park,False,0.0,False,0.0,False,hamilton,British,mercedes,1,1,0.0,0.0,0.0,,0,0,0.0,30.0
12492,2015,1.0,albert_park,False,0.0,False,0.0,False,rosberg,German,mercedes,2,2,0.0,0.0,0.0,0,0,0,,29.0
12494,2015,1.0,albert_park,False,0.0,False,0.0,False,massa,Brazilian,williams,3,4,0.0,0.0,,0,0,0,1.4000000000000057,33.0
12493,2015,1.0,albert_park,False,0.0,False,0.0,False,vettel,German,ferrari,4,3,0.0,0.0,0.0,0,,0,1.5,27.0
12502,2015,1.0,albert_park,False,0.0,False,0.0,False,raikkonen,Auto%#,ferrari,5,12,0.0,0.0,0.0,0,0,0,1.5,35.0
,2015,1.0,albert_park,False,0.0,False,0.0,False,ricciardo,Australian,red_bull,6,6,0.0,0.0,,0,,0,2.0,25.0
12499,2015,1.0,albert_park,False,0.0,False,0.0,False,sainz,Spanish,toro_rosso,7,9,0.0,0.0,0.0,,0,0,2.200000000000003,20.0
12504,2015,1.0,albert_park,False,0.0,False,0.0,False,grosjean,French,lotus_f1,8,14,0.0,0.0,0.0,0,0,0,2.299999999999997,28.0
12505,2015,1.0,albert_park,False,0.0,False,0.0,False,maldonado,Venezuelan,lotus_f1,9,15,0.0,0.0,0.0,0,0,0,3.200000000000003,30.0
12495,2015,1.0,albert_park,False,0.0,False,0.0,False,nasr,Brazilian,sauber,10,5,0.0,0.0,0.0,0,0,0,,22.0
12503,2015,1.0,albert_park,False,0.0,False,0.0,False,max_verstappen,Dutch,toro_rosso,11,13,0.0,0.0,0.0,,0,0,2.6000000000000085,17.0
12506,2015,1.0,albert_park,False,0.0,False,0.0,False,kvyat,Russian,red_bull,12,16,0.0,0.0,0.0,0,0,0,2.799999999999997,20.0
12497,2015,1.0,albert_park,False,0.0,False,0.0,False,hulkenberg,German,force_india,13,,0.0,0.0,0.0,0,0,0,2.9000000000000057,27.0
12500,2015,1.0,albert_park,False,0.0,,0.0,False,perez,Mexican,force_india,14,10,0.0,0.0,0.0,0,0,0,2.9000000000000057,25.0
12498,2015,1.0,albert_park,False,,False,0.0,False,ericsson,Swedish,sauber,15,8,0.0,0.0,0.0,0,0,0,5.1000000000000085,24.0
12501,2015,1.0,albert_park,False,0.0,False,0.0,False,button,British,mclaren,16,11,0.0,0.0,,0,0,Auto%#,5.1000000000000085,35.0
12507,2015,1.0,albert_park,False,,False,0.0,False,kevin_magnussen,Danish,mclaren,17,17,0.0,0.0,0.0,0,0,,5.700000000000003,22.0
12509,2015,2.0,sepang,False,0.0,False,0.0,,,British,mercedes,1,2,25.0,1.0,1.0,43,1,1,0.0,30.0
12508,2015,2.0,sepang,False,0.0,False,0.0,False,vettel,German,ferrari,Auto%#,1,15.0,0.0,3.0,15,0,2,0.1000000000000085,27.0
,2015,2.0,sepang,False,0.0,False,0.0,False,rosberg,German,mercedes,3,3,18.0,,2.0,43,1,1,0.5,29.0
12517,2015,2.0,sepang,False,0.0,False,0.0,,ricciardo,Australian,red_bull,4,10,8.0,0.0,6.0,8,0,5,1.7000000000000028,25.0
12516,2015,2.0,sepang,False,0.0,False,0.0,False,kvyat,Russian,red_bull,5,9,0.0,0.0,16.0,8,0,5,2.200000000000003,20.0
12514,2015,2.0,sepang,,0.0,False,0.0,False,max_verstappen,Dutch,toro_rosso,6,7,0.0,0.0,13.0,2,0,7,2.200000000000003,17.0
12513,2015,2.0,sepang,False,0.0,False,0.0,False,massa,Brazilian,williams,7,6,12.0,0.0,4.0,12,0,4,2.700000000000003,33.0
12512,2015,2.0,sepang,False,0.0,False,0.0,False,bottas,Finnish,williams,8,5,0.0,0.0,18.0,12,0,4,3.4000000000000057,25.0
,2015,2.0,sepang,False,,False,0.0,False,ericsson,Swedish,sauber,9,19,4.0,0.0,8.0,,0,3,3.5,24.0
12518,2015,2.0,sepang,False,0.0,False,0.0,False,grosjean,French,lotus_f1,10,11,0.0,0.0,14.0,0,0,9,3.200000000000003,28.0
12511,2015,2.0,sepang,False,0.0,False,0.0,Auto%#,raikkonen,Finnish,ferrari,11,4,0.0,0.0,12.0,15,0,2,-7.599999999999994,35.0
12523,2015,2.0,sepang,False,0.0,False,0.0,False,,Venezuelan,lotus_f1,12,16,0.0,0.0,15.0,0,0,9,,30.0
12521,,2.0,sepang,False,0.0,False,0.0,False,hulkenberg,German,force_india,13,14,6.0,0.0,7.0,7,0,6,-6.799999999999997,27.0
12520,2015,2.0,sepang,False,0.0,False,0.0,False,perez,Mexican,force_india,14,13,1.0,0.0,10.0,7,0,6,-6.299999999999997,25.0
12515,2015,,sepang,,0.0,False,0.0,False,sainz,Spanish,toro_rosso,15,8,2.0,0.0,9.0,2,0,7,-6.099999999999994,20.0
12519,2015,2.0,sepang,False,0.0,,0.0,False,nasr,Brazilian,sauber,16,12,10.0,0.0,5.0,14,0,3,-8.5,22.0
12524,2015,2.0,sepang,False,0.0,False,0.0,False,button,British,mclaren,17,17,0.0,0.0,11.0,0,0,8,-8.200000000000003,35.0
12525,2015,2.0,sepang,,0.0,False,0.0,False,alonso,Spanish,mclaren,18,18,0.0,0.0,0.0,0,0,8,-8.099999999999994,33.0
12522,2015,2.0,sepang,False,0.0,False,0.0,False,merhi,Spanish,manor,19,15,0.0,0.0,0.0,0,0,0,-3.0999999999999943,24.0
12527,2015,3.0,shanghai,False,0.0,False,0.0,False,hamilton,British,mercedes,1,1,43.0,1.0,1.0,76,1,1,0.0,30.0
12528,2015,3.0,shanghai,False,0.0,False,0.0,False,rosberg,German,mercedes,2,,33.0,0.0,3.0,76,1,1,0.0,29.0
12529,2015,3.0,shanghai,False,0.0,False,0.0,False,vettel,German,,3,3,40.0,1.0,2.0,52,1,2,0.9000000000000057,27.0
12531,2015,3.0,shanghai,False,0.0,False,0.0,False,massa,Brazilian,williams,4,5,20.0,0.0,4.0,30,0,3,1.2000000000000028,33.0
12532,2015,3.0,shanghai,False,0.0,False,0.0,False,bottas,Finnish,williams,5,6,10.0,0.0,,30,0,3,1.2999999999999972,25.0
12530,2015,3.0,shanghai,False,0.0,Auto%#,0.0,False,raikkonen,Finnish,ferrari,6,4,12.0,0.0,5.0,52,1,2,1.4000000000000057,35.0
12535,2015,3.0,shanghai,False,0.0,False,0.0,False,ricciardo,Australian,,7,9,9.0,0.0,8.0,11,0,,1.7000000000000028,25.0
12533,2015,3.0,shanghai,False,0.0,False,0.0,,grosjean,French,lotus_f1,8,7,0.0,0.0,15.0,0,0,8,2.1000000000000085,28.0
12534,2015,3.0,shanghai,False,0.0,False,0.0,False,nasr,Brazilian,sauber,9,8,10.0,0.0,6.0,14,0,4,2.299999999999997,22.0
12536,2015,3.0,shanghai,False,0.0,False,0.0,False,,Swedish,sauber,10,10,4.0,0.0,12.0,14,0,4,2.4000000000000057,24.0
12544,2015,3.0,shanghai,False,0.0,False,0.0,,maldonado,Venezuelan,lotus_f1,Auto%#,18,0.0,0.0,18.0,0,0,8,2.299999999999997,30.0
12545,2015,3.0,shanghai,False,0.0,False,0.0,False,kvyat,Russian,,12,19,2.0,0.0,13.0,11,0,6,2.4000000000000057,20.0
12543,2015,3.0,shanghai,False,0.0,False,0.0,False,max_verstappen,Dutch,toro_rosso,13,17,6.0,0.0,10.0,12,0,5,2.6000000000000085,17.0
12539,2015,3.0,shanghai,False,0.0,False,0.0,False,sainz,Spanish,toro_rosso,,13,6.0,0.0,11.0,12,0,5,2.700000000000003,20.0
12537,2015,3.0,shanghai,False,0.0,False,0.0,False,perez,Mexican,force_india,15,11,1.0,0.0,14.0,7,0,7,3.5,25.0
12546,2015,3.0,shanghai,False,0.0,False,0.0,False,hulkenberg,German,force_india,16,20,6.0,0.0,9.0,7,0,7,3.4000000000000057,27.0
12540,2015,3.0,shanghai,False,0.0,False,0.0,,button,British,mclaren,17,14,0.0,,16.0,0,0,9,3.5,35.0
12538,2015,3.0,shanghai,False,0.0,False,0.0,False,alonso,Spanish,mclaren,18,12,0.0,0.0,20.0,0,0,9,3.5,33.0
12541,2015,3.0,shanghai,False,0.0,False,0.0,False,stevens,British,manor,19,15,0.0,0.0,21.0,0,0,10,6.299999999999997,23.0
12542,2015,3.0,shanghai,False,0.0,False,0.0,False,,Spanish,manor,20,,0.0,0.0,17.0,0,0,10,7.0,24.0
12547,2015,4.0,bahrain,False,0.0,False,0.0,False,hamilton,British,mercedes,1,1,68.0,2.0,1.0,119,2,1,0.0,30.0
12551,2015,4.0,bahrain,,0.0,False,0.0,False,vettel,German,ferrari,2,5,55.0,1.0,2.0,79,1,2,0.4000000000000057,27.0
12549,2015,4.0,bahrain,False,0.0,False,0.0,False,rosberg,German,mercedes,3,3,51.0,0.0,3.0,119,2,1,0.5,29.0
12548,2015,4.0,bahrain,False,0.0,False,0.0,False,raikkonen,Finnish,ferrari,4,2,24.0,0.0,5.0,79,1,2,0.6000000000000085,35.0
12550,2015,4.0,bahrain,False,0.0,False,0.0,False,bottas,Finnish,williams,5,4,18.0,0.0,6.0,48,0,3,0.8000000000000114,25.0
12556,2015,4.0,bahrain,False,0.0,False,0.0,False,massa,Brazilian,williams,6,10,30.0,0.0,4.0,48,0,3,1.1000000000000083,
12552,2015,,bahrain,False,0.0,False,0.0,Auto%#,ricciardo,Australian,red_bull,7,6,11.0,0.0,,13,0,5,,25.0
12559,2015,4.0,bahrain,False,0.0,False,0.0,False,hulkenberg,,force_india,8,13,6.0,0.0,10.0,7,0,7,1.9000000000000057,27.0
12565,2015,4.0,bahrain,False,0.0,False,0.0,False,sainz,Spanish,toro_rosso,9,19,6.0,0.0,12.0,12,0,6,1.9000000000000057,20.0
12553,2015,4.0,bahrain,False,0.0,False,0.0,False,grosjean,French,lotus_f1,10,7,6.0,0.0,9.0,6,0,8,1.9000000000000057,29.0
12554,2015,4.0,bahrain,False,,False,0.0,False,perez,Mexican,force_india,11,8,1.0,0.0,15.0,7,0,7,2.1000000000000085,
12558,,4.0,bahrain,False,0.0,False,0.0,False,nasr,Brazilian,sauber,12,12,14.0,0.0,7.0,19,0,4,2.1000000000000085,22.0
12560,2015,4.0,bahrain,False,0.0,False,0.0,False,ericsson,Swedish,sauber,13,14,5.0,0.0,13.0,19,0,4,2.4000000000000057,24.0
12557,2015,4.0,bahrain,False,0.0,False,0.0,False,alonso,Spanish,mclaren,14,11,0.0,0.0,17.0,0,0,9,2.4000000000000057,33.0
12564,2015,4.0,Auto%#,False,0.0,False,0.0,False,,Dutch,toro_rosso,15,18,6.0,0.0,11.0,12,0,6,2.5,17.0
12561,2015,4.0,bahrain,False,0.0,False,0.0,False,maldonado,Venezuelan,lotus_f1,16,,0.0,0.0,20.0,6,0,8,3.1000000000000085,30.0
12555,2015,4.0,bahrain,False,0.0,False,0.0,False,kvyat,Russian,red_bull,17,9,2.0,0.0,14.0,13,0,5,3.200000000000003,20.0
12562,2015,4.0,bahrain,False,0.0,False,0.0,False,stevens,British,manor,18,16,0.0,,19.0,0,0,10,6.1000000000000085,23.0
12563,2015,4.0,bahrain,False,0.0,False,0.0,False,merhi,Spanish,manor,19,17,0.0,0.0,18.0,0,0,10,7.1000000000000085,24.0
12567,,5.0,catalunya,False,0.0,False,0.0,False,rosberg,German,mercedes,1,1,66.0,0.0,2.0,159,3,1,0.0,29.0
12568,2015,5.0,catalunya,False,0.0,False,0.0,False,hamilton,British,mercedes,2,2,93.0,3.0,1.0,159,3,1,0.2000000000000028,30.0
12569,2015,5.0,catalunya,False,0.0,,0.0,False,vettel,German,ferrari,3,3,,1.0,3.0,107,1,2,0.7999999999999972,27.0
12570,2015,5.0,catalunya,False,0.0,False,0.0,False,bottas,Finnish,williams,4,4,30.0,0.0,6.0,61,0,3,1.0,25.0
12575,2015,5.0,catalunya,False,0.0,False,0.0,False,sainz,Spanish,toro_rosso,5,9,6.0,0.0,12.0,12,0,7,1.3999999999999917,20.0
12577,2015,5.0,catalunya,False,0.0,False,0.0,False,max_verstappen,Dutch,toro_rosso,6,11,6.0,0.0,11.0,12,0,7,1.5,17.0
12571,2015,5.0,catalunya,,,False,0.0,False,raikkonen,Finnish,ferrari,7,5,42.0,0.0,4.0,107,1,2,1.7000000000000028,35.0
,2015,5.0,catalunya,False,0.0,False,0.0,False,kvyat,Russian,red_bull,8,10,4.0,0.0,15.0,23,0,4,1.8999999999999917,21.0
12572,2015,5.0,catalunya,False,0.0,False,0.0,False,massa,Brazilian,williams,9,6,31.0,0.0,5.0,61,0,3,2.0999999999999943,34.0
12573,2015,,catalunya,False,0.0,False,0.0,False,ricciardo,Australian,red_bull,10,7,,0.0,7.0,23,0,4,2.0999999999999943,25.0
12574,2015,,catalunya,False,,False,0.0,False,grosjean,French,lotus_f1,11,8,12.0,0.0,9.0,12,0,6,2.700000000000003,29.0
12585,2015,5.0,catalunya,False,0.0,False,0.0,False,maldonado,,lotus_f1,12,19,0.0,0.0,20.0,12,0,6,2.799999999999997,30.0
12586,2015,5.0,,False,0.0,False,0.0,False,alonso,Spanish,mclaren,13,Auto%#,0.0,0.0,16.0,0,0,9,3.0999999999999943,33.0
12582,2015,5.0,catalunya,False,0.0,False,0.0,False,button,British,mclaren,14,16,0.0,0.0,17.0,0,0,9,3.200000000000003,35.0
12578,2015,5.0,catalunya,False,0.0,False,0.0,False,nasr,Brazilian,sauber,15,12,14.0,0.0,8.0,19,0,5,3.299999999999997,22.0
12580,2015,5.0,catalunya,False,0.0,False,0.0,False,ericsson,Swedish,sauber,16,14,5.0,0.0,14.0,19,0,5,3.3999999999999915,24.0
12581,,5.0,catalunya,False,0.0,False,0.0,False,hulkenberg,German,force_india,17,15,6.0,0.0,10.0,11,0,8,3.700000000000003,27.0
12579,2015,5.0,catalunya,False,0.0,False,0.0,False,perez,Mexican,force_india,18,13,5.0,0.0,13.0,11,0,8,3.700000000000003,25.0
12583,2015,5.0,catalunya,,0.0,False,0.0,False,stevens,British,manor,19,17,0.0,0.0,19.0,0,0,10,6.5,23.0
12584,2015,5.0,catalunya,False,0.0,False,0.0,False,merhi,Spanish,,20,18,0.0,0.0,18.0,0,0,10,7.299999999999997,24.0
12589,2015,6.0,,False,0.0,False,,False,hamilton,British,mercedes,1,3,111.0,,1.0,202,4,1,0.0,30.0
12587,2015,6.0,monaco,False,0.0,False,0.0,False,,German,mercedes,2,1,91.0,1.0,2.0,202,4,1,0.3000000000000113,29.0
12588,2015,6.0,monaco,False,0.0,False,0.0,False,vettel,German,ferrari,3,,,1.0,3.0,132,1,2,0.7000000000000028,27.0
12591,2015,6.0,monaco,False,0.0,False,0.0,False,ricciardo,Australian,red_bull,4,5,25.0,0.0,,30,0,4,0.9000000000000057,25.0
12590,2015,6.0,monaco,False,0.0,False,0.0,False,kvyat,Russian,red_bull,5,4,5.0,0.0,15.0,30,0,4,1.1000000000000083,21.0
12592,2015,6.0,monaco,False,0.0,False,0.0,False,raikkonen,Finnish,ferrari,6,6,52.0,0.0,4.0,132,1,2,1.3000000000000114,35.0
12593,2015,6.0,monaco,False,0.0,False,0.0,False,perez,Mexican,force_india,7,,5.0,0.0,13.0,11,0,8,1.7000000000000028,25.0
12605,2015,6.0,monaco,False,0.0,False,0.0,False,maldonado,Venezuelan,lotus_f1,8,,0.0,0.0,20.0,16,0,6,1.8000000000000114,30.0
12603,2015,6.0,monaco,False,0.0,False,,False,max_verstappen,Dutch,toro_rosso,9,18,6.0,0.0,11.0,14,0,7,1.9000000000000057,17.0
12594,2015,6.0,monaco,False,0.0,False,0.0,False,button,British,mclaren,10,8,0.0,0.0,17.0,0,0,9,2.0,35.0
12596,2015,6.0,monaco,False,0.0,False,0.0,False,hulkenberg,German,force_india,11,11,6.0,0.0,12.0,11,0,8,2.1000000000000085,27.0
12600,2015,6.0,monaco,False,0.0,False,0.0,False,massa,Brazilian,williams,12,15,39.0,0.0,6.0,81,0,3,2.200000000000003,34.0
12604,2015,6.0,monaco,False,0.0,False,0.0,False,alonso,Spanish,mclaren,13,19,0.0,0.0,16.0,0,0,9,11.5,33.0
12595,2015,6.0,monaco,False,0.0,False,0.0,False,nasr,,sauber,14,Auto%#,14.0,0.0,9.0,19,0,5,3.0,22.0
12597,2015,6.0,monaco,False,0.0,False,0.0,False,grosjean,French,lotus_f1,15,12,16.0,0.0,8.0,16,0,6,1.9000000000000057,29.0
12599,2015,6.0,monaco,False,0.0,False,0.0,False,bottas,Finnish,williams,16,14,42.0,0.0,5.0,81,0,3,3.300000000000012,25.0
12598,2015,6.0,monaco,,0.0,False,0.0,False,ericsson,Swedish,sauber,17,13,5.0,0.0,14.0,19,0,5,3.4000000000000057,24.0
12602,2015,6.0,monaco,False,0.0,False,0.0,False,stevens,British,manor,18,17,0.0,0.0,19.0,0,0,10,5.6000000000000085,
,2015,6.0,monaco,False,0.0,False,0.0,False,merhi,Spanish,manor,19,16,0.0,0.0,18.0,0,0,10,5.800000000000011,24.0
12606,2015,7.0,villeneuve,False,0.0,False,0.0,False,hamilton,British,mercedes,1,1,126.0,3.0,1.0,242,5,1,0.0,30.0
12607,2015,7.0,villeneuve,False,0.0,False,0.0,False,rosberg,German,mercedes,2,2,116.0,2.0,2.0,242,5,1,0.2999999999999971,29.0
12609,2015,7.0,villeneuve,False,0.0,False,0.0,False,raikkonen,Finnish,ferrari,3,4,60.0,0.0,4.0,158,1,2,0.5999999999999943,35.0
12608,,7.0,villeneuve,False,0.0,False,0.0,False,bottas,Finnish,,4,3,42.0,,5.0,81,0,3,0.6999999999999886,25.0
12615,2015,7.0,Auto%#,False,0.0,False,0.0,False,grosjean,French,lotus_f1,5,10,16.0,0.0,10.0,16,0,7,0.7999999999999972,29.0
12612,2015,7.0,villeneuve,False,0.0,False,0.0,False,maldonado,Venezuelan,lotus_f1,6,7,0.0,0.0,20.0,16,0,7,0.8999999999999915,30.0
12613,2015,7.0,villeneuve,False,0.0,False,0.0,False,hulkenberg,German,force_india,7,8,6.0,0.0,13.0,,0,6,1.1999999999999886,27.0
12614,2015,7.0,villeneuve,False,0.0,False,0.0,False,kvyat,Russian,red_bull,8,9,17.0,0.0,8.0,52,0,4,1.6999999999999886,21.0
12618,2015,7.0,villeneuve,False,0.0,False,0.0,False,ricciardo,Australian,red_bull,9,13,35.0,0.0,7.0,52,0,4,1.6999999999999886,25.0
12616,2015,7.0,villeneuve,False,0.0,,0.0,False,perez,Mexican,force_india,10,11,11.0,0.0,,17,0,6,1.8999999999999917,25.0
12617,,7.0,villeneuve,False,0.0,False,0.0,False,sainz,Spanish,toro_rosso,11,12,9.0,0.0,12.0,15,0,8,1.5999999999999943,20.0
12619,2015,7.0,villeneuve,False,0.0,,0.0,False,ericsson,Swedish,sauber,12,14,5.0,0.0,15.0,21,0,5,,24.0
12625,2015,7.0,villeneuve,False,0.0,False,0.0,False,,Spanish,mclaren,13,20,0.0,0.0,17.0,4,0,9,1.8999999999999917,33.0
12621,2015,7.0,villeneuve,False,0.0,False,0.0,False,nasr,Brazilian,Auto%#,14,,16.0,0.0,,21,0,5,2.1999999999999886,22.0
12611,2015,7.0,villeneuve,False,0.0,False,0.0,False,massa,Brazilian,williams,15,6,39.0,0.0,6.0,81,0,3,3.5,34.0
12623,2015,,villeneuve,False,0.0,False,0.0,False,merhi,Spanish,manor,16,18,0.0,0.0,18.0,0,0,10,4.699999999999989,24.0
12622,2015,7.0,,False,0.0,False,0.0,False,stevens,British,manor,17,Auto%#,0.0,0.0,19.0,0,0,10,4.799999999999997,23.0
12610,2015,7.0,villeneuve,False,0.0,False,0.0,False,vettel,German,ferrari,18,5,98.0,1.0,3.0,158,1,2,2.8999999999999915,27.0
12620,2015,7.0,villeneuve,False,0.0,False,0.0,False,max_verstappen,Dutch,toro_rosso,19,15,6.0,0.0,14.0,,0,8,1.7999999999999972,17.0
12627,2015,8.0,red_bull_ring,False,0.0,False,0.0,False,hamilton,British,Auto%#,1,2,151.0,4.0,1.0,285,6,1,0.0,30.0
12626,2015,,red_bull_ring,False,0.0,False,0.0,,rosberg,German,,2,Auto%#,134.0,2.0,2.0,285,6,1,0.0999999999999943,29.0
12629,2015,8.0,red_bull_ring,False,0.0,False,0.0,False,vettel,,ferrari,3,4,108.0,1.0,3.0,180,1,2,0.2999999999999971,27.0
12628,2015,8.0,red_bull_ring,False,0.0,False,0.0,False,massa,Brazilian,williams,4,3,47.0,,,104,0,3,0.7000000000000028,34.0
12631,2015,8.0,red_bull_ring,False,0.0,False,0.0,False,hulkenberg,German,force_india,5,6,10.0,0.0,12.0,21,0,7,0.7999999999999972,27.0
12630,2015,8.0,red_bull_ring,False,0.0,False,0.0,False,bottas,Finnish,williams,6,5,57.0,0.0,5.0,104,0,3,0.7999999999999972,25.0
12633,2015,8.0,red_bull_ring,False,0.0,False,0.0,False,max_verstappen,Dutch,toro_rosso,7,8,6.0,0.0,14.0,15,0,8,1.0999999999999943,17.0
12636,2015,8.0,red_bull_ring,False,0.0,False,0.0,False,nasr,Brazilian,sauber,8,11,16.0,0.0,10.0,21,0,6,1.2000000000000028,22.0
12640,2015,8.0,red_bull_ring,False,0.0,False,0.0,False,grosjean,French,lotus_f1,,15,17.0,0.0,9.0,23,0,5,1.4000000000000057,29.0
12632,2015,8.0,red_bull_ring,False,0.0,False,0.0,False,maldonado,Venezuelan,lotus_f1,10,7,6.0,0.0,15.0,23,0,5,,30.0
12638,2015,8.0,red_bull_ring,False,0.0,False,0.0,False,ericsson,Swedish,sauber,11,13,5.0,0.0,16.0,21,0,6,1.9000000000000057,24.0
12641,2015,8.0,red_bull_ring,False,0.0,Auto%#,0.0,False,sainz,Spanish,toro_rosso,12,16,9.0,0.0,13.0,15,0,8,2.0,20.0
12634,2015,8.0,red_bull_ring,False,0.0,,0.0,False,perez,Mexican,force_india,13,9,11.0,0.0,11.0,21,0,7,4.0,25.0
12644,2015,8.0,red_bull_ring,False,0.0,False,0.0,False,raikkonen,Finnish,ferrari,14,19,72.0,0.0,4.0,180,1,2,4.400000000000006,35.0
12637,2015,8.0,red_bull_ring,False,0.0,False,0.0,False,kvyat,Russian,red_bull,15,12,19.0,0.0,8.0,54,,4,,21.0
12639,2015,8.0,red_bull_ring,False,0.0,False,,False,merhi,Spanish,manor,16,14,0.0,0.0,,0,0,10,5.599999999999994,24.0
12643,2015,8.0,red_bull_ring,False,0.0,False,0.0,False,stevens,British,manor,17,18,0.0,0.0,20.0,0,0,10,6.900000000000006,23.0
12635,2015,8.0,red_bull_ring,False,0.0,False,0.0,Auto%#,ricciardo,Australian,red_bull,18,10,35.0,0.0,7.0,54,0,4,2.0,25.0
12645,2015,8.0,red_bull_ring,False,0.0,False,0.0,False,alonso,Spanish,mclaren,19,20,0.0,0.0,18.0,4,0,9,2.200000000000003,33.0
12642,2015,8.0,red_bull_ring,False,,False,0.0,False,,British,mclaren,20,17,4.0,0.0,17.0,4,0,9,4.099999999999994,35.0
12646,2015,9.0,silverstone,False,0.0,False,1.0,,hamilton,British,mercedes,1,1,169.0,4.0,1.0,328,7,1,0.0,30.0
12647,2015,9.0,silverstone,False,0.0,Auto%#,1.0,False,rosberg,German,mercedes,2,2,159.0,3.0,2.0,,7,1,0.2000000000000028,30.0
12649,2015,9.0,silverstone,False,0.0,False,1.0,False,massa,Brazilian,williams,3,4,62.0,0.0,6.0,129,0,3,0.8999999999999915,34.0
12650,2015,9.0,silverstone,False,0.0,False,1.0,False,bottas,Finnish,williams,4,5,67.0,0.0,5.0,129,,3,0.8999999999999915,25.0
12653,2015,9.0,silverstone,False,0.0,False,1.0,False,raikkonen,Finnish,ferrari,5,8,72.0,0.0,4.0,192,1,2,1.2000000000000028,35.0
12648,2015,9.0,silverstone,False,0.0,False,1.0,False,vettel,Auto%#,ferrari,6,3,120.0,1.0,3.0,192,1,2,1.2999999999999972,28.0
12651,2015,9.0,silverstone,False,0.0,False,1.0,False,kvyat,,red_bull,7,6,19.0,0.0,8.0,55,0,4,1.3999999999999917,21.0
12659,2015,9.0,silverstone,False,0.0,False,1.0,False,sainz,Spanish,toro_rosso,8,14,9.0,0.0,15.0,19,0,8,1.3999999999999917,20.0
12652,2015,9.0,silverstone,False,0.0,False,1.0,False,hulkenberg,German,force_india,9,7,18.0,0.0,9.0,31,0,5,1.5,27.0
,2015,9.0,silverstone,False,0.0,False,1.0,False,ricciardo,Australian,red_bull,10,15,36.0,0.0,7.0,55,0,,1.7000000000000028,26.0
12654,2015,9.0,silverstone,False,0.0,False,1.0,False,perez,,force_india,11,9,13.0,0.0,12.0,31,0,5,2.0999999999999943,25.0
12662,2015,9.0,Auto%#,False,0.0,False,1.0,False,grosjean,French,lotus_f1,12,17,17.0,0.0,10.0,29,0,6,2.200000000000003,29.0
12661,2015,9.0,silverstone,False,0.0,False,1.0,False,max_verstappen,Dutch,toro_rosso,13,16,10.0,0.0,14.0,19,0,8,2.299999999999997,17.0
12663,2015,9.0,silverstone,False,0.0,False,1.0,False,maldonado,Venezuelan,lotus_f1,,18,12.0,0.0,13.0,29,0,6,2.299999999999997,30.0
12656,2015,9.0,silverstone,False,0.0,False,1.0,False,ericsson,Swedish,sauber,15,11,5.0,0.0,16.0,21,0,7,2.700000000000003,24.0
12665,2015,9.0,silverstone,False,0.0,False,1.0,False,nasr,Brazilian,sauber,16,20,16.0,0.0,11.0,21,0,7,2.700000000000003,22.0
12655,2015,9.0,silverstone,False,0.0,False,1.0,False,alonso,Spanish,mclaren,17,10,0.0,0.0,18.0,4,0,Auto%#,2.799999999999997,33.0
12664,2015,9.0,silverstone,False,0.0,False,1.0,False,button,British,mclaren,18,19,4.0,0.0,17.0,4,0,9,3.0,35.0
12658,2015,9.0,silverstone,False,0.0,False,1.0,False,stevens,British,manor,19,13,0.0,0.0,20.0,0,0,10,5.200000000000003,24.0
12657,2015,9.0,silverstone,False,0.0,False,1.0,False,,Spanish,manor,20,12,0.0,0.0,19.0,0,0,10,7.200000000000003,24.0
12671,2015,10.0,hungaroring,False,0.0,False,0.0,False,hamilton,British,mercedes,1,6,194.0,5.0,1.0,371,8,1,0.0,30.0
12673,2015,10.0,hungaroring,False,0.0,False,0.0,False,rosberg,German,mercedes,2,8,177.0,3.0,2.0,371,8,1,0.5999999999999943,30.0
12666,2015,10.0,hungaroring,False,0.0,,0.0,,vettel,German,ferrari,3,1,135.0,1.0,,211,,2,0.7000000000000028,28.0
12668,2015,10.0,hungaroring,False,0.0,False,0.0,False,ricciardo,Australian,red_bull,4,3,36.0,0.0,7.0,63,0,4,0.7999999999999972,26.0
12683,2015,10.0,hungaroring,False,0.0,Auto%#,0.0,False,raikkonen,,ferrari,5,18,76.0,0.0,5.0,211,1,2,1.0,35.0
12678,2015,10.0,hungaroring,False,0.0,False,0.0,False,bottas,Finnish,williams,6,13,77.0,0.0,4.0,151,0,3,1.2000000000000028,25.0
12667,2015,10.0,hungaroring,False,0.0,False,0.0,False,kvyat,Auto%#,red_bull,7,2,27.0,0.0,8.0,63,0,4,1.2999999999999972,21.0
12677,2015,10.0,hungaroring,False,0.0,False,0.0,False,massa,Brazilian,williams,8,12,74.0,0.0,6.0,151,0,3,1.5,
12669,2015,10.0,hungaroring,False,0.0,False,0.0,False,max_verstappen,Dutch,toro_rosso,9,4,10.0,0.0,14.0,19,0,8,1.7000000000000028,17.0
12672,2015,,hungaroring,False,0.0,False,0.0,False,grosjean,French,lotus_f1,10,,17.0,0.0,10.0,29,0,6,2.200000000000003,29.0
12685,2015,10.0,hungaroring,False,0.0,False,0.0,False,hulkenberg,German,force_india,11,20,24.0,0.0,,39,0,5,1.7999999999999972,27.0
12682,2015,10.0,hungaroring,False,0.0,False,0.0,Auto%#,sainz,,toro_rosso,12,17,9.0,0.0,15.0,19,0,8,,20.0
12684,2015,10.0,hungaroring,False,0.0,False,0.0,False,perez,Mexican,force_india,13,19,15.0,0.0,12.0,39,0,5,2.5,25.0
12679,2015,10.0,hungaroring,False,0.0,False,0.0,False,maldonado,Venezuelan,lotus_f1,14,14,12.0,0.0,13.0,29,0,6,2.5999999999999943,30.0
12674,2015,10.0,hungaroring,False,,False,0.0,False,button,British,mclaren,16,9,4.0,0.0,17.0,5,0,9,2.700000000000003,35.0
12675,2015,10.0,hungaroring,False,,False,0.0,Auto%#,ericsson,Swedish,sauber,17,10,5.0,0.0,16.0,21,0,7,2.799999999999997,
12676,2015,10.0,hungaroring,False,0.0,False,0.0,False,nasr,Brazilian,sauber,18,11,,0.0,11.0,21,0,7,3.0,22.0
12680,2015,10.0,hungaroring,False,0.0,False,0.0,False,merhi,Spanish,manor,19,15,0.0,0.0,19.0,0,0,,5.400000000000006,24.0
12681,2015,10.0,hungaroring,False,0.0,False,0.0,False,stevens,British,manor,20,,0.0,0.0,,0,0,10,5.900000000000006,24.0
12686,2015,11.0,spa,False,0.0,False,0.0,False,hamilton,British,mercedes,1,1,202.0,5.0,1.0,383,8,1,0.0,30.0
12687,2015,,spa,False,0.0,False,0.0,False,rosberg,German,mercedes,2,2,181.0,3.0,2.0,383,8,1,0.5,30.0
12694,2015,11.0,spa,False,0.0,False,0.0,False,bottas,Finnish,williams,3,9,77.0,0.0,4.0,151,0,3,1.2999999999999972,25.0
12690,2015,11.0,spa,False,0.0,False,0.0,False,perez,Mexican,force_india,4,5,15.0,,13.0,39,0,5,,25.0
12703,2015,11.0,spa,False,0.0,,0.0,False,ricciardo,Australian,red_bull,5,18,51.0,0.0,7.0,96,0,4,1.3999999999999917,26.0
12691,2015,11.0,spa,False,0.0,False,0.0,False,massa,Brazilian,williams,6,6,,0.0,6.0,151,0,3,1.5,34.0
,2015,11.0,spa,False,0.0,False,0.0,,maldonado,Venezuelan,lotus_f1,7,19,12.0,0.0,14.0,35,0,6,1.5999999999999943,30.0
12697,2015,11.0,spa,False,0.0,False,0.0,False,vettel,German,ferrari,8,12,160.0,2.0,3.0,236,2,,1.5999999999999943,28.0
12688,2015,11.0,spa,False,0.0,False,0.0,False,grosjean,French,lotus_f1,9,3,23.0,0.0,10.0,35,0,6,1.3999999999999917,29.0
12702,2015,11.0,spa,False,0.0,False,0.0,,sainz,Spanish,toro_rosso,10,17,,0.0,16.0,31,0,7,2.5999999999999943,20.0
12705,2015,11.0,spa,False,0.0,False,0.0,False,hulkenberg,German,force_india,11,20,24.0,0.0,9.0,39,0,5,1.8999999999999917,28.0
12689,2015,11.0,,False,0.0,False,0.0,False,kvyat,Russian,red_bull,12,4,45.0,0.0,8.0,96,0,4,2.0,21.0
12695,2015,,spa,False,0.0,False,0.0,False,ericsson,Swedish,sauber,13,10,6.0,0.0,,22,0,8,2.3999999999999915,24.0
12696,2015,11.0,spa,,0.0,False,0.0,False,nasr,Brazilian,sauber,14,11,16.0,0.0,12.0,,0,8,2.799999999999997,23.0
12701,,11.0,spa,False,0.0,False,0.0,False,stevens,British,manor,15,16,,0.0,20.0,0,0,10,5.700000000000003,24.0
12700,2015,11.0,spa,False,0.0,False,0.0,False,merhi,Spanish,manor,17,15,0.0,0.0,19.0,0,0,10,5.899999999999992,24.0
12699,2015,11.0,spa,False,0.0,False,0.0,False,button,British,mclaren,19,14,,0.0,17.0,17,0,9,,35.0
12698,2015,11.0,,False,0.0,False,0.0,False,alonso,Spanish,mclaren,20,13,11.0,0.0,15.0,17,0,9,4.200000000000003,34.0
12706,2015,12.0,monza,False,0.0,False,0.0,False,hamilton,British,mercedes,1,1,227.0,6.0,1.0,426,9,1,0.0,30.0
12710,2015,12.0,monza,False,0.0,False,0.0,False,raikkonen,Finnish,ferrari,2,5,,0.0,4.0,242,2,2,0.1999999999999886,35.0
12707,2015,12.0,monza,False,0.0,False,0.0,Auto%#,vettel,German,ferrari,3,2,160.0,2.0,3.0,242,2,2,0.2999999999999971,28.0
12722,2015,12.0,monza,False,0.0,False,0.0,False,rosberg,German,mercedes,4,17,199.0,3.0,2.0,426,9,1,0.2999999999999971,30.0
12708,2015,12.0,monza,False,0.0,False,0.0,False,massa,Brazilian,williams,5,3,82.0,0.0,5.0,161,0,3,0.5,34.0
12709,2015,12.0,monza,False,0.0,False,0.0,False,bottas,,williams,6,4,79.0,0.0,6.0,161,0,3,0.6999999999999886,26.0
12711,2015,12.0,monza,False,0.0,False,0.0,False,perez,Mexican,force_india,7,6,25.0,0.0,11.0,49,0,6,1.1999999999999886,25.0
12724,2015,12.0,monza,False,0.0,Auto%#,0.0,False,grosjean,French,lotus_f1,,19,,0.0,9.0,50,0,5,1.6999999999999886,29.0
12712,2015,12.0,monza,False,0.0,False,0.0,False,hulkenberg,German,force_india,9,7,24.0,0.0,12.0,49,0,6,1.8999999999999917,28.0
12725,2015,12.0,monza,False,0.0,False,0.0,False,maldonado,Venezuelan,lotus_f1,10,20,12.0,0.0,14.0,50,0,5,1.0999999999999943,30.0
12714,2015,12.0,monza,False,0.0,,0.0,False,ericsson,Swedish,sauber,12,9,7.0,0.0,17.0,23,0,8,2.799999999999997,25.0
12720,2015,12.0,monza,False,0.0,False,0.0,False,stevens,British,manor,13,15,0.0,0.0,20.0,0,0,Auto%#,4.299999999999997,24.0
12721,2015,12.0,monza,False,0.0,False,,False,merhi,Spanish,manor,14,16,0.0,0.0,19.0,0,0,10,4.5,24.0
,2015,12.0,monza,False,0.0,False,0.0,,button,British,mclaren,15,14,6.0,0.0,18.0,17,0,9,2.6999999999999886,35.0
12723,2015,12.0,monza,False,,False,0.0,False,alonso,Spanish,mclaren,16,18,11.0,0.0,15.0,17,0,9,2.799999999999997,34.0
12716,2015,12.0,monza,False,,False,0.0,False,sainz,Spanish,toro_rosso,17,11,9.0,0.0,16.0,35,0,7,2.1999999999999886,21.0
12717,2015,12.0,monza,False,0.0,False,0.0,False,nasr,Brazilian,sauber,17,,16.0,0.0,13.0,23,0,8,2.1999999999999886,23.0
12715,2015,12.0,monza,False,0.0,False,0.0,False,kvyat,Russian,red_bull,18,10,57.0,0.0,7.0,108,0,4,2.3999999999999915,21.0
12726,2015,13.0,marina_bay,False,0.0,False,,False,vettel,German,ferrari,1,1,178.0,2.0,3.0,270,2,2,0.0,28.0
12727,2015,13.0,marina_bay,False,0.0,False,0.0,False,,Australian,red_bull,2,2,55.0,0.0,8.0,113,0,4,0.5,26.0
12728,2015,13.0,marina_bay,False,0.0,False,0.0,False,raikkonen,Finnish,ferrari,3,3,92.0,0.0,5.0,270,2,2,0.7999999999999972,35.0
12731,2015,13.0,,False,0.0,False,0.0,False,kvyat,Russian,red_bull,4,6,58.0,0.0,,113,0,4,0.7999999999999972,21.0
12743,2015,13.0,marina_bay,False,0.0,False,0.0,False,hamilton,British,mercedes,5,18,,7.0,1.0,451,10,1,1.3999999999999917,30.0
12729,2015,13.0,marina_bay,False,0.0,False,0.0,False,rosberg,German,mercedes,6,4,199.0,3.0,2.0,451,10,1,1.5,30.0
12730,2015,13.0,marina_bay,False,0.0,False,0.0,False,bottas,Finnish,williams,7,5,91.0,0.0,6.0,188,0,3,1.7999999999999972,26.0
12733,2015,13.0,marina_bay,False,0.0,False,,False,max_verstappen,,toro_rosso,8,8,26.0,0.0,12.0,35,0,7,1.8999999999999917,
12744,2015,13.0,marina_bay,False,0.0,False,0.0,False,massa,Brazilian,williams,9,19,97.0,0.0,4.0,188,0,3,2.1999999999999886,34.0
12738,2015,13.0,,False,0.0,False,0.0,False,grosjean,French,lotus_f1,10,13,38.0,0.0,9.0,50,0,6,2.5,29.0
12745,2015,13.0,marina_bay,False,0.0,False,0.0,False,hulkenberg,German,force_india,11,20,30.0,0.0,11.0,63,0,5,2.3999999999999915,28.0
12742,2015,13.0,marina_bay,False,0.0,False,,False,alonso,Spanish,mclaren,12,17,11.0,0.0,15.0,17,0,9,2.3999999999999915,34.0
12732,2015,13.0,,False,0.0,,0.0,False,perez,Mexican,force_india,13,7,33.0,0.0,10.0,63,,5,2.5,25.0
12734,2015,13.0,marina_bay,False,0.0,False,0.0,False,,Auto%#,toro_rosso,14,9,9.0,0.0,16.0,35,0,7,3.0,21.0
12741,2015,13.0,marina_bay,False,0.0,False,0.0,False,button,British,mclaren,15,16,6.0,0.0,,17,0,9,3.0999999999999943,35.0
12735,2015,13.0,marina_bay,False,0.0,False,0.0,False,nasr,Brazilian,sauber,,10,16.0,0.0,13.0,25,0,8,3.0999999999999943,23.0
12736,2015,13.0,marina_bay,False,0.0,False,0.0,False,ericsson,Swedish,sauber,17,11,9.0,0.0,17.0,25,0,8,,25.0
12737,2015,13.0,marina_bay,False,0.0,False,0.0,False,maldonado,Venezuelan,lotus_f1,18,12,12.0,0.0,14.0,50,0,6,3.3999999999999915,30.0
12740,2015,13.0,marina_bay,False,0.0,False,0.0,False,stevens,British,manor,19,15,0.0,0.0,20.0,0,0,10,7.099999999999994,24.0
12739,2015,13.0,marina_bay,False,0.0,False,0.0,False,rossi,American,manor,20,14,0.0,0.0,0.0,0,0,10,7.599999999999994,23.0
,2015,14.0,suzuka,False,0.0,False,0.0,False,rosberg,German,mercedes,1,2,211.0,,2.0,463,10,1,0.0,30.0
12746,,14.0,suzuka,False,0.0,False,0.0,False,hamilton,British,mercedes,2,1,252.0,7.0,1.0,463,10,1,0.1000000000000085,30.0
12750,2015,14.0,suzuka,False,0.0,,0.0,False,bottas,Finnish,williams,3,5,101.0,0.0,,198,0,3,0.4000000000000057,26.0
,2015,14.0,suzuka,False,,False,0.0,False,vettel,German,ferrari,4,3,203.0,3.0,3.0,310,3,2,0.6000000000000085,28.0
12761,,14.0,suzuka,False,0.0,False,0.0,False,massa,Brazilian,williams,5,17,97.0,0.0,6.0,198,0,3,0.7000000000000028,34.0
12749,2015,14.0,suzuka,False,0.0,False,0.0,False,raikkonen,Finnish,ferrari,6,4,107.0,0.0,4.0,310,3,2,0.7000000000000028,35.0
12759,2015,14.0,suzuka,False,0.0,False,0.0,False,ricciardo,Australian,red_bull,7,15,73.0,0.0,7.0,139,0,,0.9000000000000057,26.0
12752,2015,14.0,suzuka,False,0.0,False,0.0,False,grosjean,French,lotus_f1,8,7,38.0,0.0,10.0,50,0,6,1.4000000000000057,
12755,2015,14.0,suzuka,False,0.0,False,0.0,,sainz,Spanish,toro_rosso,10,10,11.0,0.0,16.0,41,0,7,1.9000000000000057,21.0
12753,2015,14.0,suzuka,False,,False,0.0,False,maldonado,Venezuelan,lotus_f1,11,8,12.0,0.0,14.0,50,0,6,1.9000000000000057,30.0
12756,2015,14.0,suzuka,False,0.0,False,0.0,False,alonso,Spanish,mclaren,12,11,11.0,0.0,,17,0,9,2.200000000000003,34.0
12751,2015,14.0,suzuka,False,0.0,False,,False,hulkenberg,German,force_india,13,6,30.0,0.0,12.0,69,0,5,1.8000000000000114,28.0
12760,2015,14.0,suzuka,False,0.0,False,0.0,False,button,British,mclaren,14,16,6.0,0.0,18.0,17,0,9,3.1000000000000085,35.0
12758,2015,14.0,suzuka,False,0.0,False,0.0,False,ericsson,Swedish,sauber,15,14,9.0,0.0,17.0,26,0,8,3.1000000000000085,25.0
12764,2015,14.0,suzuka,False,0.0,False,0.0,False,nasr,Brazilian,sauber,16,20,17.0,0.0,13.0,,0,8,3.200000000000003,23.0
12763,2015,14.0,suzuka,False,0.0,False,0.0,False,stevens,British,manor,18,19,0.0,0.0,20.0,0,0,10,6.200000000000003,24.0
12762,2015,14.0,,False,,False,0.0,False,rossi,American,manor,19,Auto%#,0.0,0.0,21.0,0,0,10,14.5,24.0
12783,2015,15.0,sochi,False,0.0,False,0.0,False,rosberg,German,mercedes,1,18,229.0,3.0,2.0,506,11,1,0.0,30.0
12765,2015,15.0,sochi,False,0.0,False,0.0,False,hamilton,British,Auto%#,2,1,277.0,8.0,1.0,506,11,1,0.3000000000000113,30.0
12776,2015,15.0,sochi,False,0.0,False,0.0,False,bottas,Finnish,williams,3,12,111.0,0.0,5.0,208,0,3,0.8000000000000114,26.0
12766,2015,15.0,sochi,False,0.0,,0.0,False,vettel,German,ferrari,4,2,218.0,3.0,3.0,337,,2,0.9000000000000057,28.0
12772,2015,15.0,sochi,False,0.0,False,0.0,False,raikkonen,,,5,8,119.0,0.0,4.0,337,3,2,1.2000000000000028,35.0
12784,2015,15.0,sochi,False,0.0,False,0.0,False,hulkenberg,German,force_india,6,19,38.0,0.0,11.0,77,0,5,1.6000000000000083,28.0
,2015,15.0,sochi,False,0.0,False,0.0,False,perez,Mexican,force_india,7,,39.0,0.0,10.0,77,0,5,,25.0
12782,2015,15.0,sochi,False,0.0,False,0.0,False,grosjean,French,lotus_f1,Auto%#,17,44.0,0.0,9.0,60,0,Auto%#,1.7000000000000028,29.0
12774,2015,15.0,sochi,False,0.0,False,0.0,False,max_verstappen,Dutch,toro_rosso,9,10,32.0,0.0,12.0,44,0,7,1.8000000000000114,18.0
12780,2015,15.0,sochi,False,0.0,False,0.0,False,ricciardo,Australian,red_bull,10,15,73.0,0.0,7.0,139,0,4,,26.0
12769,2015,15.0,sochi,False,0.0,False,0.0,False,kvyat,Russian,red_bull,,5,66.0,0.0,8.0,139,0,4,2.1000000000000085,21.0
12770,2015,15.0,sochi,False,0.0,False,0.0,False,nasr,Brazilian,sauber,12,6,17.0,0.0,13.0,26,0,8,2.200000000000003,23.0
12773,2015,15.0,sochi,False,0.0,False,0.0,False,button,British,mclaren,13,9,6.0,0.0,18.0,17,0,9,2.700000000000003,35.0
12771,2015,15.0,sochi,False,0.0,False,0.0,False,maldonado,Venezuelan,lotus_f1,14,7,16.0,0.0,14.0,60,,6,2.700000000000003,30.0
12768,2015,15.0,sochi,False,0.0,False,0.0,False,massa,Brazilian,williams,15,4,97.0,0.0,6.0,208,0,3,2.800000000000012,34.0
12778,2015,15.0,sochi,False,0.0,False,0.0,False,stevens,British,manor,17,14,0.0,0.0,20.0,0,0,10,6.6000000000000085,24.0
12779,2015,15.0,sochi,False,0.0,False,0.0,False,ericsson,Swedish,sauber,17,20,9.0,0.0,17.0,26,0,8,6.6000000000000085,25.0
12777,2015,15.0,sochi,False,0.0,False,0.0,False,merhi,Spanish,manor,18,13,0.0,0.0,19.0,0,0,10,6.700000000000003,24.0
12775,2015,15.0,sochi,False,0.0,False,0.0,False,alonso,Spanish,mclaren,19,11,11.0,0.0,16.0,17,0,9,3.0,34.0
12786,2015,16.0,americas,False,0.0,False,0.0,False,rosberg,German,mercedes,1,2,229.0,3.0,3.0,531,12,1,0.0,30.0
12785,2015,16.0,americas,False,0.0,False,0.0,False,hamilton,British,mercedes,2,1,302.0,9.0,1.0,531,12,1,0.1000000000000085,30.0
12794,2015,16.0,americas,False,0.0,False,0.0,False,ricciardo,Australian,red_bull,3,10,73.0,0.0,8.0,149,0,4,1.2000000000000028,26.0
12797,2015,16.0,americas,False,0.0,False,0.0,False,kvyat,Russian,red_bull,4,13,76.0,0.0,7.0,149,0,4,1.6000000000000083,21.0
12789,2015,16.0,americas,False,0.0,False,0.0,False,perez,Mexican,force_india,5,5,54.0,0.0,9.0,92,0,5,2.4000000000000057,25.0
12798,2015,16.0,americas,False,0.0,False,0.0,False,hulkenberg,German,force_india,6,14,38.0,,11.0,92,0,5,2.5,28.0
12801,2015,16.0,americas,False,0.0,False,0.0,False,massa,Brazilian,williams,Auto%#,17,,0.0,6.0,,0,3,3.200000000000003,34.0
12788,2015,16.0,americas,False,0.0,False,0.0,False,max_verstappen,Dutch,toro_rosso,8,4,33.0,0.0,12.0,45,0,7,3.4000000000000057,18.0
12795,2015,16.0,americas,False,0.0,False,0.0,False,alonso,Spanish,mclaren,9,11,11.0,0.0,,19,0,9,3.5,34.0
12802,2015,16.0,americas,False,,False,0.0,False,grosjean,French,lotus_f1,10,18,44.0,0.0,10.0,66,0,6,3.799999999999997,29.0
12790,2015,16.0,americas,False,0.0,False,0.0,False,button,British,mclaren,11,6,8.0,0.0,18.0,19,0,9,4.400000000000006,35.0
12792,2015,16.0,americas,False,0.0,False,0.0,False,maldonado,Venezuelan,lotus_f1,12,8,22.0,0.0,14.0,66,0,6,4.799999999999997,30.0
12787,2015,16.0,americas,False,0.0,False,0.0,False,vettel,German,ferrari,13,3,236.0,3.0,2.0,359,3,2,1.7999999999999972,28.0
12799,2015,16.0,americas,False,0.0,False,0.0,False,ericsson,Swedish,sauber,14,15,9.0,0.0,17.0,34,0,8,5.400000000000006,25.0
12793,2015,16.0,americas,False,0.0,False,0.0,False,nasr,Brazilian,sauber,15,9,25.0,0.0,13.0,34,0,8,6.400000000000006,23.0
12803,2015,16.0,americas,False,0.0,False,0.0,False,bottas,Finnish,williams,16,19,111.0,0.0,5.0,220,,3,3.5,26.0
12796,2015,16.0,americas,False,0.0,,0.0,False,rossi,American,manor,17,12,0.0,0.0,21.0,0,0,,7.400000000000006,24.0
12800,2015,16.0,Auto%#,False,0.0,False,0.0,False,raikkonen,Finnish,ferrari,18,16,123.0,0.0,4.0,359,3,2,2.9000000000000057,36.0
12804,2015,16.0,americas,False,0.0,False,0.0,False,stevens,British,manor,19,20,0.0,0.0,20.0,0,0,10,7.700000000000003,24.0
12791,2015,16.0,americas,False,,False,0.0,False,sainz,Spanish,toro_rosso,20,7,12.0,0.0,15.0,,0,7,10.5,21.0
12805,2015,17.0,rodriguez,False,0.0,False,0.0,False,rosberg,German,mercedes,1,1,247.0,3.0,3.0,574,13,1,0.0,30.0
12806,2015,17.0,rodriguez,False,0.0,Auto%#,0.0,False,hamilton,British,mercedes,2,2,327.0,10.0,1.0,574,13,1,0.2000000000000028,30.0
12822,2015,17.0,rodriguez,,0.0,False,0.0,False,vettel,German,ferrari,3,18,251.0,3.0,2.0,374,3,2,0.2999999999999971,28.0
12808,2015,17.0,rodriguez,False,0.0,False,0.0,False,kvyat,Russian,red_bull,4,4,76.0,0.0,7.0,150,0,4,0.9000000000000057,21.0
12809,2015,17.0,rodriguez,False,0.0,False,0.0,False,ricciardo,Australian,red_bull,5,5,74.0,0.0,8.0,150,0,4,0.9000000000000057,26.0
12807,2015,17.0,rodriguez,False,0.0,False,0.0,False,bottas,Finnish,williams,6,,111.0,0.0,5.0,,0,3,0.9000000000000057,26.0
12810,2015,17.0,rodriguez,False,0.0,False,0.0,False,massa,Brazilian,williams,7,6,,0.0,6.0,220,0,3,1.0999999999999943,34.0
12813,2015,17.0,rodriguez,False,0.0,False,0.0,False,max_verstappen,Dutch,toro_rosso,8,9,45.0,0.0,,63,0,7,1.2000000000000028,18.0
12812,2015,17.0,rodriguez,False,0.0,False,0.0,False,perez,Mexican,force_india,9,8,64.0,0.0,9.0,102,0,5,1.2000000000000028,25.0
12811,2015,17.0,rodriguez,False,0.0,False,0.0,False,hulkenberg,German,force_india,10,7,38.0,0.0,12.0,102,0,5,1.2999999999999972,28.0
12817,2015,17.0,rodriguez,False,0.0,False,0.0,False,sainz,Spanish,toro_rosso,11,13,18.0,0.0,,63,0,7,1.4000000000000057,21.0
,2015,17.0,rodriguez,False,0.0,False,0.0,False,grosjean,French,lotus_f1,12,10,44.0,0.0,11.0,70,0,6,1.5,29.0
12815,2015,17.0,,False,0.0,False,0.0,False,maldonado,Venezuelan,lotus_f1,13,11,26.0,0.0,14.0,70,0,Auto%#,1.7999999999999972,30.0
12816,2015,17.0,rodriguez,False,0.0,False,0.0,False,ericsson,Swedish,sauber,14,12,9.0,0.0,18.0,36,0,8,2.0,25.0
12821,2015,17.0,rodriguez,False,0.0,False,0.0,False,nasr,Brazilian,sauber,15,17,,0.0,13.0,36,0,8,2.299999999999997,23.0
12819,2015,17.0,rodriguez,False,0.0,False,0.0,Auto%#,rossi,American,manor,16,15,0.0,0.0,20.0,0,0,10,4.599999999999994,24.0
12820,2015,17.0,rodriguez,False,0.0,,0.0,False,stevens,British,manor,17,16,0.0,0.0,,0,0,10,4.900000000000006,24.0
,2015,17.0,rodriguez,False,0.0,False,0.0,False,alonso,Spanish,mclaren,18,20,11.0,0.0,17.0,27,0,9,2.299999999999997,34.0
12823,,17.0,rodriguez,False,0.0,False,0.0,False,raikkonen,Finnish,ferrari,19,19,123.0,0.0,4.0,374,3,2,3.0,36.0
12825,2015,18.0,interlagos,,0.0,False,0.0,False,rosberg,German,mercedes,1,1,272.0,4.0,2.0,617,14,1,0.0,30.0
12826,2015,18.0,interlagos,False,0.0,False,0.0,False,hamilton,British,mercedes,2,2,345.0,10.0,1.0,617,14,1,0.1000000000000085,30.0
12827,2015,18.0,interlagos,False,0.0,False,0.0,False,vettel,German,ferrari,3,3,251.0,3.0,3.0,374,3,2,0.5,28.0
12828,2015,18.0,interlagos,False,0.0,False,0.0,False,raikkonen,Finnish,ferrari,4,4,123.0,0.0,5.0,374,3,2,0.7999999999999972,36.0
12830,2015,18.0,interlagos,False,0.0,False,0.0,False,hulkenberg,German,force_india,5,6,44.0,0.0,12.0,112,0,5,1.0,28.0
12831,2015,18.0,interlagos,False,0.0,False,0.0,False,kvyat,Russian,red_bull,6,7,88.0,0.0,7.0,172,0,4,1.0,21.0
12829,2015,18.0,interlagos,False,0.0,False,0.0,False,bottas,Finnish,williams,7,5,126.0,0.0,4.0,243,0,3,0.7999999999999972,26.0
12844,2015,18.0,interlagos,False,0.0,False,0.0,False,massa,Brazilian,williams,8,20,117.0,0.0,6.0,243,0,3,1.1000000000000083,34.0
12833,2015,18.0,interlagos,False,0.0,False,0.0,False,max_verstappen,Dutch,toro_rosso,9,9,47.0,0.0,10.0,65,0,7,1.4000000000000057,18.0
12843,2015,18.0,interlagos,False,0.0,False,0.0,False,sainz,Spanish,Auto%#,10,19,18.0,,15.0,65,0,7,1.7000000000000028,21.0
12836,2015,18.0,interlagos,False,0.0,False,0.0,False,perez,Mexican,force_india,11,12,68.0,0.0,9.0,112,,5,1.7999999999999972,25.0
12840,2015,18.0,interlagos,False,0.0,False,0.0,False,ericsson,Swedish,sauber,12,,9.0,0.0,18.0,36,0,,1.9000000000000057,25.0
12837,2015,18.0,interlagos,False,0.0,False,0.0,False,nasr,Brazilian,sauber,13,,,0.0,13.0,36,0,8,1.7000000000000028,23.0
12832,2015,18.0,interlagos,False,0.0,False,0.0,False,grosjean,French,lotus_f1,14,8,45.0,0.0,11.0,71,0,6,2.6000000000000085,29.0
12834,2015,18.0,interlagos,False,0.0,False,0.0,False,maldonado,Venezuelan,lotus_f1,15,10,26.0,0.0,14.0,71,0,6,2.1000000000000085,30.0
12838,2015,18.0,interlagos,False,0.0,False,0.0,False,button,British,mclaren,16,14,,0.0,16.0,27,,9,2.1000000000000085,35.0
12842,2015,18.0,interlagos,False,0.0,False,0.0,False,rossi,American,manor,17,18,0.0,0.0,20.0,0,0,10,4.900000000000006,24.0
12841,2015,18.0,interlagos,False,0.0,False,0.0,False,stevens,British,manor,18,17,0.0,0.0,21.0,0,0,10,5.0,24.0
12835,2015,18.0,interlagos,False,0.0,False,0.0,False,ricciardo,Australian,red_bull,19,11,84.0,0.0,8.0,172,0,4,1.1000000000000083,26.0
12845,2015,19.0,yas_marina,False,0.0,False,,False,rosberg,German,mercedes,1,1,297.0,5.0,2.0,660,15,1,0.0,30.0
12846,2015,19.0,yas_marina,False,0.0,False,0.0,False,hamilton,,mercedes,,2,363.0,10.0,1.0,660,15,1,0.3999999999999915,30.0
12847,2015,19.0,yas_marina,False,0.0,False,0.0,False,raikkonen,Finnish,ferrari,3,3,135.0,0.0,5.0,401,3,2,0.8999999999999915,36.0
12849,,19.0,Auto%#,False,,False,0.0,False,perez,Mexican,force_india,4,5,68.0,0.0,9.0,120,0,5,1.0,25.0
12850,2015,19.0,yas_marina,False,0.0,False,0.0,False,ricciardo,Australian,red_bull,5,6,84.0,0.0,8.0,178,0,4,1.2000000000000028,26.0
12857,2015,19.0,yas_marina,False,0.0,False,0.0,False,bottas,Finnish,williams,6,13,136.0,0.0,4.0,253,0,3,1.5,26.0
12851,2015,19.0,yas_marina,False,0.0,False,0.0,False,hulkenberg,German,force_india,7,7,52.0,0.0,10.0,120,0,5,1.5,28.0
12852,2015,19.0,yas_marina,False,0.0,False,0.0,False,massa,Brazilian,williams,8,8,117.0,0.0,6.0,253,0,3,1.5999999999999943,34.0
12854,2015,19.0,yas_marina,False,0.0,False,0.0,False,kvyat,Russian,red_bull,9,10,94.0,0.0,7.0,178,0,4,1.7000000000000028,21.0
12855,2015,19.0,yas_marina,False,0.0,False,0.0,False,sainz,Spanish,toro_rosso,10,11,18.0,0.0,15.0,67,,7,2.5,21.0
12860,2015,19.0,yas_marina,False,0.0,False,0.0,False,max_verstappen,,toro_rosso,11,16,49.0,0.0,12.0,67,0,7,2.299999999999997,18.0
12856,2015,19.0,yas_marina,False,0.0,False,0.0,False,button,British,mclaren,12,12,16.0,0.0,16.0,27,0,9,2.5,35.0
12863,2015,19.0,yas_marina,,0.0,False,0.0,False,maldonado,Venezuelan,lotus_f1,13,20,27.0,0.0,14.0,76,0,6,2.5999999999999943,30.0
12859,2015,19.0,yas_marina,False,0.0,False,0.0,False,nasr,Brazilian,sauber,14,15,27.0,0.0,13.0,36,0,8,3.3999999999999915,23.0
12848,2015,19.0,yas_marina,False,0.0,False,0.0,False,vettel,German,ferrari,15,4,266.0,3.0,3.0,401,3,2,2.700000000000003,28.0
12861,2015,19.0,yas_marina,False,0.0,False,0.0,False,,Spanish,Auto%#,16,17,11.0,0.0,17.0,27,0,9,3.0,34.0
12858,2015,19.0,yas_marina,False,0.0,False,0.0,False,ericsson,Swedish,sauber,17,14,9.0,0.0,18.0,,0,8,3.5999999999999943,25.0
12862,2015,19.0,yas_marina,False,0.0,False,0.0,False,stevens,British,manor,19,18,0.0,0.0,21.0,0,0,10,,24.0
12865,2016,1.0,albert_park,False,0.0,False,,False,hamilton,British,mercedes,1,2,0.0,0.0,0.0,0,0,0,0.0,31.0
12864,2016,1.0,albert_park,False,0.0,False,0.0,False,rosberg,German,mercedes,2,1,0.0,0.0,0.0,0,0,0,0.4000000000000057,30.0
12866,2016,1.0,albert_park,False,,False,0.0,False,vettel,German,ferrari,3,Auto%#,0.0,0.0,0.0,0,0,0,0.9000000000000057,28.0
12881,2016,1.0,albert_park,False,0.0,False,0.0,False,raikkonen,Finnish,ferrari,4,18,0.0,0.0,0.0,0,0,0,1.2000000000000028,36.0
12873,2016,1.0,albert_park,False,0.0,False,0.0,False,max_verstappen,Dutch,toro_rosso,5,10,0.0,0.0,,0,0,0,,18.0
12868,2016,1.0,albert_park,False,0.0,False,0.0,False,massa,Brazilian,williams,6,5,0.0,0.0,,0,0,0,1.7000000000000028,34.0
12872,2016,1.0,albert_park,False,0.0,False,0.0,False,sainz,Spanish,,7,9,0.0,0.0,0.0,0,0,0,1.7999999999999972,21.0
12867,2016,1.0,albert_park,False,0.0,False,0.0,False,ricciardo,Australian,red_bull,8,4,0.0,0.0,0.0,0,0,0,1.7999999999999972,26.0
12876,2016,1.0,albert_park,False,0.0,False,,False,perez,Mexican,,9,13,0.0,0.0,0.0,0,0,0,2.0,26.0
12870,2016,1.0,albert_park,False,0.0,False,0.0,False,hulkenberg,German,force_india,10,7,0.0,0.0,0.0,0,0,0,2.1000000000000085,28.0
12884,2016,1.0,albert_park,False,0.0,False,0.0,False,alonso,Spanish,mclaren,11,21,0.0,,0.0,0,0,0,2.299999999999997,34.0
12877,2016,1.0,albert_park,False,0.0,False,0.0,False,button,British,mclaren,12,14,0.0,0.0,0.0,0,0,0,2.5,36.0
12874,2016,1.0,albert_park,False,0.0,False,0.0,False,jolyon_palmer,British,renault,13,11,0.0,0.0,0.0,0,0,0,3.799999999999997,25.0
12875,2016,1.0,albert_park,False,0.0,False,0.0,False,kevin_magnussen,Danish,renault,14,12,0.0,0.0,0.0,0,0,0,3.9000000000000057,
12880,2016,1.0,albert_park,False,0.0,False,0.0,False,ericsson,Swedish,sauber,,17,0.0,0.0,0.0,0,0,0,3.6000000000000085,25.0
12871,2016,1.0,albert_park,False,0.0,False,0.0,False,bottas,Finnish,williams,16,8,0.0,0.0,0.0,0,0,0,2.200000000000003,26.0
12878,2016,1.0,albert_park,False,0.0,False,0.0,False,nasr,Brazilian,sauber,17,15,0.0,0.0,0.0,0,0,0,4.200000000000003,23.0
12885,2016,1.0,albert_park,False,0.0,False,0.0,False,kvyat,Russian,red_bull,18,22,0.0,0.0,,,0,0,4.200000000000003,
12869,2016,1.0,albert_park,False,0.0,False,0.0,False,grosjean,French,haas,19,6,0.0,0.0,0.0,0,0,0,4.5,29.0
12883,2016,1.0,albert_park,False,0.0,False,0.0,False,gutierrez,Mexican,haas,20,20,0.0,0.0,,0,0,,5.799999999999997,24.0
12879,2016,1.0,albert_park,False,0.0,False,0.0,False,wehrlein,German,manor,21,16,0.0,0.0,0.0,0,0,0,5.799999999999997,21.0
12882,2016,1.0,albert_park,False,0.0,False,0.0,False,haryanto,,,22,19,0.0,0.0,0.0,0,0,0,5.799999999999997,23.0
12888,2016,2.0,bahrain,False,0.0,False,0.0,False,hamilton,British,mercedes,1,3,18.0,0.0,2.0,43,1,1,0.0,31.0
12886,2016,2.0,bahrain,False,0.0,False,0.0,False,rosberg,German,mercedes,2,1,25.0,1.0,1.0,43,1,1,0.0999999999999943,30.0
12905,,2.0,bahrain,,0.0,False,0.0,False,vettel,German,ferrari,3,21,,0.0,3.0,15,0,2,0.5,28.0
12887,2016,2.0,bahrain,False,0.0,False,0.0,False,raikkonen,Finnish,ferrari,4,2,0.0,0.0,18.0,15,0,2,0.7000000000000028,36.0
12889,2016,2.0,bahrain,False,0.0,False,0.0,False,ricciardo,Auto%#,red_bull,5,4,12.0,0.0,4.0,12,0,4,1.4000000000000057,26.0
12894,2016,2.0,bahrain,False,0.0,False,0.0,False,bottas,Finnish,williams,Auto%#,9,4.0,0.0,8.0,14,0,3,1.7000000000000028,26.0
12893,2016,2.0,bahrain,False,0.0,False,0.0,False,massa,Brazilian,williams,7,8,,0.0,5.0,14,0,3,1.7000000000000028,34.0
12899,2016,2.0,bahrain,False,0.0,False,0.0,False,hulkenberg,German,force_india,8,15,6.0,0.0,7.0,6,0,6,2.0999999999999943,28.0
12890,2016,2.0,bahrain,False,0.0,False,0.0,False,grosjean,French,haas,9,5,8.0,0.0,6.0,8,0,5,2.299999999999997,29.0
12891,2016,2.0,bahrain,False,0.0,False,0.0,False,max_verstappen,Dutch,toro_rosso,10,6,1.0,0.0,10.0,3,0,7,2.299999999999997,18.0
12902,2016,2.0,bahrain,False,0.0,False,0.0,False,sainz,Spanish,toro_rosso,11,18,2.0,0.0,9.0,,0,7,2.299999999999997,21.0
12895,2016,2.0,bahrain,False,0.0,False,0.0,False,vandoorne,Belgian,mclaren,12,10,0.0,0.0,0.0,0,0,9,2.4000000000000057,24.0
12903,2016,2.0,bahrain,False,0.0,False,0.0,False,gutierrez,Mexican,haas,13,19,0.0,0.0,20.0,8,0,5,2.4000000000000057,24.0
12904,2016,2.0,bahrain,False,0.0,False,0.0,False,button,British,mclaren,14,20,0.0,0.0,14.0,0,0,9,2.5,36.0
12892,2016,2.0,bahrain,False,0.0,False,0.0,False,kvyat,Russian,red_bull,15,,0.0,0.0,22.0,12,0,4,2.700000000000003,21.0
12897,2016,2.0,bahrain,False,0.0,False,0.0,False,wehrlein,German,manor,16,13,0.0,0.0,16.0,0,0,11,3.299999999999997,21.0
12896,2016,2.0,bahrain,False,0.0,False,0.0,False,ericsson,Swedish,sauber,17,12,0.0,0.0,17.0,0,0,10,3.299999999999997,25.0
12900,2016,2.0,,False,0.0,False,0.0,False,perez,Mexican,force_india,18,16,0.0,0.0,13.0,6,0,6,3.4000000000000057,26.0
12906,2016,2.0,bahrain,False,0.0,False,,False,jolyon_palmer,British,renault,19,22,0.0,0.0,11.0,0,0,8,3.9000000000000057,25.0
12901,2016,2.0,Auto%#,False,0.0,False,0.0,False,haryanto,Indonesian,manor,20,17,0.0,0.0,,0,0,11,4.700000000000003,23.0
12898,2016,2.0,bahrain,False,0.0,,0.0,False,nasr,Brazilian,sauber,21,14,0.0,0.0,,0,0,10,,23.0
12907,,3.0,shanghai,False,0.0,False,0.0,False,rosberg,,mercedes,1,1,50.0,2.0,1.0,83,2,1,0.0,30.0
12910,2016,3.0,shanghai,False,0.0,False,0.0,False,ricciardo,Australian,red_bull,2,4,24.0,0.0,3.0,30,0,3,0.5,26.0
12911,2016,3.0,shanghai,False,0.0,False,0.0,False,raikkonen,Finnish,ferrari,3,5,18.0,0.0,4.0,33,0,2,0.5999999999999943,36.0
12908,2016,3.0,shanghai,False,0.0,False,0.0,False,vettel,German,ferrari,4,2,15.0,0.0,6.0,33,0,2,0.7999999999999972,28.0
12916,2016,3.0,shanghai,False,0.0,False,,False,bottas,Finnish,williams,,10,6.0,0.0,,20,0,4,0.8999999999999915,26.0
12909,2016,3.0,shanghai,False,0.0,False,0.0,False,kvyat,Russian,red_bull,6,3,6.0,,10.0,30,0,3,1.0,21.0
12917,2016,3.0,shanghai,False,0.0,False,0.0,,perez,Mexican,force_india,7,11,0.0,0.0,17.0,6,0,7,1.5,26.0
12915,2016,3.0,shanghai,False,0.0,False,0.0,False,sainz,Spanish,,8,9,2.0,0.0,12.0,11,0,6,1.5,21.0
12914,2016,3.0,shanghai,False,0.0,False,0.0,False,max_verstappen,Dutch,toro_rosso,9,8,9.0,0.0,8.0,11,0,6,1.7999999999999972,18.0
12912,2016,3.0,shanghai,False,0.0,False,0.0,False,massa,Brazilian,williams,10,6,14.0,0.0,,20,0,4,1.8999999999999917,34.0
12918,2016,3.0,shanghai,False,0.0,False,0.0,False,alonso,Spanish,mclaren,11,12,0.0,0.0,23.0,1,0,8,3.3999999999999915,34.0
12919,2016,3.0,shanghai,False,0.0,False,0.0,False,button,British,mclaren,12,13,0.0,0.0,20.0,1,0,8,3.6999999999999886,36.0
12925,2016,3.0,shanghai,False,0.0,False,0.0,False,grosjean,French,haas,14,19,18.0,0.0,5.0,18,0,5,4.399999999999992,30.0
12922,2016,3.0,shanghai,False,0.0,False,0.0,False,ericsson,Swedish,sauber,15,16,0.0,0.0,16.0,0,0,10,5.299999999999997,25.0
12926,2016,3.0,shanghai,False,0.0,False,0.0,False,nasr,,sauber,16,20,0.0,0.0,19.0,0,0,,7.0,23.0
12923,2016,3.0,shanghai,,0.0,False,0.0,False,kevin_magnussen,Danish,renault,17,,0.0,0.0,14.0,0,,9,3.299999999999997,23.0
12920,2016,3.0,shanghai,False,0.0,False,0.0,False,gutierrez,Mexican,haas,18,14,0.0,0.0,22.0,18,,5,,24.0
12928,2016,,shanghai,False,0.0,False,0.0,False,jolyon_palmer,British,renault,19,22,0.0,0.0,15.0,0,0,9,4.099999999999994,
12927,2016,3.0,shanghai,False,0.0,False,0.0,False,haryanto,Indonesian,manor,20,21,0.0,0.0,21.0,0,0,11,4.899999999999992,23.0
12929,2016,4.0,sochi,False,0.0,False,0.0,False,rosberg,German,,1,1,75.0,3.0,1.0,114,3,1,0.0,
12932,2016,4.0,sochi,False,0.0,False,0.0,False,bottas,Finnish,williams,2,4,7.0,0.0,10.0,29,0,4,1.0999999999999943,26.0
12931,2016,4.0,sochi,False,0.0,False,0.0,False,raikkonen,Finnish,ferrari,3,3,28.0,0.0,5.0,61,0,2,1.2999999999999972,36.0
12933,2016,4.0,Auto%#,False,0.0,False,0.0,False,massa,Brazilian,williams,4,5,22.0,0.0,6.0,,0,4,1.5999999999999943,35.0
12939,2016,4.0,sochi,False,0.0,False,0.0,False,ricciardo,Australian,red_bull,5,11,36.0,0.0,3.0,57,0,3,1.6999999999999886,26.0
12937,2016,4.0,sochi,,0.0,False,0.0,False,perez,Auto%#,force_india,6,9,0.0,0.0,15.0,6,0,7,1.7999999999999972,26.0
12948,2016,4.0,sochi,False,0.0,False,0.0,False,vettel,,ferrari,7,20,33.0,0.0,4.0,61,0,2,0.6999999999999886,28.0
12943,2016,4.0,sochi,False,0.0,False,0.0,False,kvyat,Russian,red_bull,8,15,21.0,,7.0,57,0,3,2.0999999999999943,22.0
12947,2016,4.0,sochi,False,0.0,False,,False,max_verstappen,Dutch,toro_rosso,9,19,13.0,0.0,9.0,17,0,6,2.1999999999999886,18.0
12940,2016,4.0,sochi,False,0.0,False,0.0,False,sainz,,toro_rosso,11,12,4.0,0.0,12.0,17,0,6,2.299999999999997,21.0
12938,2016,4.0,sochi,False,0.0,False,0.0,False,button,British,mclaren,12,10,0.0,0.0,19.0,1,0,8,2.299999999999997,36.0
12949,2016,4.0,Auto%#,False,0.0,False,0.0,False,hulkenberg,German,force_india,13,21,6.0,0.0,11.0,6,0,7,2.3999999999999915,28.0
12934,2016,4.0,,False,0.0,,0.0,False,alonso,Spanish,mclaren,14,6,0.0,0.0,18.0,1,0,8,2.3999999999999915,34.0
12936,2016,4.0,sochi,False,0.0,False,0.0,Auto%#,grosjean,French,haas,15,8,18.0,0.0,8.0,18,0,5,2.6999999999999886,30.0
12945,2016,4.0,sochi,False,0.0,False,0.0,False,gutierrez,,haas,16,17,0.0,0.0,22.0,18,0,5,2.6999999999999886,24.0
12935,2016,4.0,,False,0.0,False,,False,kevin_magnussen,Danish,renault,17,7,0.0,,14.0,0,0,9,3.5,23.0
12941,2016,4.0,sochi,False,0.0,False,0.0,False,jolyon_palmer,British,,18,13,0.0,0.0,16.0,0,0,9,3.5999999999999943,25.0
12944,2016,4.0,sochi,False,0.0,False,0.0,False,nasr,Brazilian,sauber,19,16,0.0,0.0,21.0,0,0,10,3.5999999999999943,23.0
12946,2016,4.0,sochi,False,0.0,False,0.0,False,wehrlein,German,manor,20,18,0.0,0.0,20.0,0,0,11,4.0,21.0
12950,2016,4.0,sochi,False,0.0,False,,False,haryanto,Indonesian,manor,21,22,0.0,0.0,,0,0,11,4.099999999999994,23.0
12942,2016,4.0,sochi,False,0.0,False,0.0,False,ericsson,Swedish,sauber,,14,0.0,0.0,17.0,0,0,10,4.099999999999994,25.0
12971,2016,5.0,catalunya,False,0.0,False,0.0,False,hamilton,British,mercedes,1,21,57.0,0.0,2.0,157,4,Auto%#,0.0,31.0
12972,2016,5.0,catalunya,False,0.0,False,0.0,False,rosberg,German,mercedes,2,22,100.0,4.0,1.0,157,4,1,0.2999999999999971,30.0
12954,2016,5.0,catalunya,False,,False,0.0,False,ricciardo,Australian,red_bull,3,4,36.0,0.0,4.0,57,0,3,0.7000000000000028,26.0
12951,2016,5.0,catalunya,False,0.0,False,0.0,False,max_verstappen,Dutch,red_bull,4,1,13.0,0.0,10.0,57,0,3,,18.0
,2016,5.0,catalunya,False,0.0,False,0.0,False,raikkonen,Finnish,ferrari,5,2,43.0,0.0,3.0,76,,2,1.0999999999999943,36.0
12953,2016,5.0,catalunya,False,0.0,False,0.0,False,vettel,German,ferrari,6,3,33.0,0.0,5.0,76,0,2,1.2999999999999972,28.0
12955,2016,5.0,Auto%#,False,0.0,False,0.0,False,bottas,Finnish,williams,7,5,19.0,0.0,9.0,51,0,4,1.5,26.0
12956,2016,5.0,catalunya,False,0.0,False,0.0,False,sainz,Spanish,toro_rosso,8,6,4.0,0.0,14.0,17,0,6,1.5999999999999943,21.0
12957,2016,5.0,catalunya,False,0.0,Auto%#,0.0,False,perez,Mexican,force_india,9,7,2.0,0.0,15.0,8,0,8,1.7999999999999972,26.0
12969,2016,5.0,,False,0.0,False,0.0,False,,Spanish,mclaren,10,19,8.0,0.0,11.0,10,0,7,,34.0
12970,2016,5.0,catalunya,False,0.0,False,0.0,False,hulkenberg,German,force_india,11,20,6.0,0.0,13.0,8,0,8,2.200000000000003,28.0
12959,2016,5.0,catalunya,False,0.0,False,0.0,False,button,British,mclaren,12,9,1.0,0.0,,10,0,7,2.299999999999997,36.0
12960,2016,5.0,catalunya,False,0.0,False,0.0,False,kvyat,Russian,toro_rosso,13,10,21.0,0.0,8.0,17,0,6,2.4000000000000057,22.0
12968,2016,5.0,catalunya,,0.0,False,0.0,False,grosjean,French,haas,14,18,22.0,0.0,7.0,22,0,5,2.5,30.0
12964,2016,5.0,catalunya,False,0.0,False,0.0,False,kevin_magnussen,Danish,renault,Auto%#,14,6.0,0.0,12.0,6,0,9,2.5999999999999943,23.0
12961,2016,5.0,catalunya,False,0.0,False,0.0,False,gutierrez,Mexican,haas,16,11,0.0,0.0,22.0,22,0,5,2.799999999999997,24.0
,2016,5.0,catalunya,False,0.0,False,0.0,False,jolyon_palmer,British,renault,17,,0.0,0.0,18.0,6,0,9,2.9000000000000057,25.0
12958,2016,5.0,catalunya,False,,False,0.0,False,massa,Brazilian,williams,18,8,32.0,0.0,6.0,,0,4,2.9000000000000057,35.0
12962,2016,5.0,catalunya,False,0.0,False,0.0,False,ericsson,Swedish,sauber,19,12,0.0,0.0,19.0,0,0,10,3.200000000000003,25.0
12965,2016,5.0,catalunya,False,0.0,False,0.0,False,nasr,Brazilian,sauber,20,15,0.0,0.0,21.0,0,0,10,3.5999999999999943,23.0
12966,2016,5.0,catalunya,False,0.0,False,0.0,False,,German,manor,21,16,0.0,0.0,20.0,0,0,11,3.700000000000003,21.0
12967,2016,5.0,catalunya,False,0.0,False,0.0,False,haryanto,Indonesian,manor,22,17,0.0,0.0,23.0,0,0,11,3.9000000000000057,23.0
12974,2016,6.0,,False,0.0,True,1.0,False,ricciardo,Australian,red_bull,1,2,48.0,0.0,5.0,94,1,3,0.0,26.0
12979,2016,6.0,monaco,False,0.0,True,1.0,False,rosberg,German,mercedes,2,7,100.0,4.0,1.0,157,4,1,0.2000000000000028,30.0
12973,2016,6.0,monaco,False,0.0,True,1.0,False,hamilton,British,mercedes,3,1,57.0,0.0,3.0,157,4,1,0.3000000000000113,31.0
12976,2016,6.0,monaco,False,0.0,True,1.0,False,vettel,German,ferrari,4,4,48.0,0.0,4.0,109,0,2,1.0,28.0
12978,2016,6.0,monaco,False,0.0,True,1.0,False,hulkenberg,German,force_india,5,6,6.0,0.0,15.0,14,0,7,1.1000000000000083,28.0
12980,2016,6.0,monaco,False,0.0,True,1.0,False,sainz,Spanish,toro_rosso,6,8,12.0,0.0,11.0,26,0,5,1.1000000000000083,21.0
12975,2016,6.0,monaco,False,0.0,True,1.0,False,perez,Mexican,force_india,7,3,8.0,0.0,13.0,14,0,7,1.3000000000000114,26.0
,2016,6.0,monaco,False,0.0,True,1.0,False,kvyat,,toro_rosso,,20,22.0,0.0,9.0,26,0,5,1.7000000000000028,22.0
12977,2016,6.0,monaco,False,,True,1.0,False,alonso,Spanish,mclaren,9,5,8.0,0.0,12.0,12,0,8,1.8000000000000114,34.0
12984,2016,6.0,monaco,False,0.0,True,,False,bottas,Finnish,williams,10,12,29.0,0.0,8.0,65,0,4,1.7000000000000028,26.0
12991,2016,6.0,monaco,False,0.0,True,1.0,False,raikkonen,Finnish,ferrari,11,21,61.0,0.0,2.0,109,0,2,1.1000000000000083,36.0
12983,2016,6.0,monaco,False,,True,1.0,False,gutierrez,Mexican,haas,12,11,0.0,0.0,19.0,22,0,6,1.7000000000000028,24.0
,2016,6.0,monaco,False,,True,1.0,False,button,British,mclaren,13,9,3.0,0.0,16.0,12,0,8,1.8000000000000114,36.0
12982,2016,6.0,monaco,False,0.0,,1.0,False,massa,Brazilian,williams,,10,36.0,0.0,7.0,65,0,4,1.8000000000000114,35.0
12985,2016,6.0,monaco,False,0.0,True,,False,grosjean,French,haas,15,13,22.0,0.0,10.0,22,0,6,2.0,30.0
12989,2016,6.0,monaco,False,0.0,True,1.0,False,kevin_magnussen,Danish,renault,16,19,6.0,0.0,14.0,6,0,9,2.5,23.0
12988,2016,6.0,monaco,False,,True,1.0,False,ericsson,Swedish,sauber,17,16,0.0,0.0,20.0,0,0,10,2.700000000000003,25.0
12992,2016,6.0,Auto%#,False,0.0,True,1.0,False,jolyon_palmer,British,renault,18,,0.0,0.0,18.0,6,0,9,3.0,25.0
12987,2016,6.0,monaco,False,0.0,True,,False,haryanto,Indonesian,manor,19,15,0.0,0.0,23.0,0,0,11,3.700000000000003,23.0
12986,2016,6.0,monaco,False,,True,1.0,False,wehrlein,German,,20,14,0.0,0.0,21.0,0,0,Auto%#,3.9000000000000057,21.0
12993,2016,7.0,villeneuve,False,0.0,False,0.0,False,hamilton,British,mercedes,1,1,82.0,1.0,2.0,188,5,1,0.0,31.0
12997,2016,7.0,villeneuve,False,0.0,False,0.0,False,rosberg,German,mercedes,2,5,106.0,4.0,1.0,188,5,1,0.1000000000000085,30.0
12994,2016,7.0,villeneuve,False,0.0,False,0.0,False,vettel,German,ferrari,3,2,60.0,0.0,5.0,121,0,2,,28.0
12999,2016,7.0,villeneuve,False,0.0,False,0.0,False,ricciardo,Australian,red_bull,4,7,66.0,0.0,3.0,112,1,,0.4000000000000057,26.0
12996,2016,7.0,villeneuve,False,0.0,False,0.0,False,max_verstappen,Dutch,red_bull,5,4,38.0,1.0,6.0,112,1,3,0.6000000000000085,18.0
12998,2016,7.0,villeneuve,False,0.0,False,0.0,False,raikkonen,Finnish,ferrari,6,6,61.0,0.0,4.0,121,0,2,0.7999999999999972,36.0
12995,2016,7.0,villeneuve,False,0.0,False,0.0,Auto%#,bottas,Finnish,,7,3,29.0,0.0,8.0,66,0,4,0.9000000000000057,26.0
13012,2016,7.0,villeneuve,False,0.0,False,0.0,False,massa,Brazilian,williams,8,Auto%#,37.0,0.0,7.0,66,0,4,1.0,35.0
13000,2016,7.0,villeneuve,False,0.0,False,0.0,False,hulkenberg,German,force_india,9,8,14.0,0.0,14.0,37,0,5,1.2000000000000028,28.0
13003,2016,7.0,villeneuve,False,0.0,False,0.0,False,alonso,,mclaren,10,11,18.0,0.0,12.0,24,0,7,1.5,34.0
13002,2016,7.0,villeneuve,False,0.0,False,0.0,False,perez,Mexican,force_india,11,10,23.0,0.0,9.0,37,0,5,1.5,
13014,2016,7.0,villeneuve,False,0.0,False,0.0,False,button,British,mclaren,12,22,5.0,0.0,16.0,24,0,7,1.6000000000000083,36.0
,2016,7.0,villeneuve,False,0.0,False,0.0,False,gutierrez,Auto%#,haas,13,13,0.0,0.0,18.0,22,0,8,,24.0
13006,2016,7.0,,False,0.0,False,0.0,False,grosjean,French,haas,14,14,22.0,0.0,11.0,22,0,8,2.0,30.0
13004,2016,7.0,villeneuve,False,0.0,False,0.0,False,kvyat,Russian,toro_rosso,15,12,,0.0,10.0,30,0,6,1.7000000000000028,22.0
,2016,7.0,villeneuve,False,0.0,False,0.0,False,jolyon_palmer,British,,16,21,0.0,0.0,19.0,6,0,9,2.700000000000003,25.0
13009,2016,7.0,villeneuve,False,0.0,False,0.0,False,wehrlein,German,manor,17,17,0.0,0.0,21.0,0,0,11,2.799999999999997,21.0
13010,2016,7.0,villeneuve,False,0.0,False,0.0,,nasr,Brazilian,sauber,18,18,0.0,0.0,22.0,0,0,10,3.9000000000000057,23.0
13011,2016,7.0,villeneuve,False,0.0,False,,False,haryanto,Indonesian,manor,19,19,0.0,0.0,23.0,0,0,11,4.299999999999997,23.0
,2016,7.0,villeneuve,False,0.0,False,0.0,False,sainz,Spanish,toro_rosso,20,9,16.0,0.0,13.0,30,0,6,9.200000000000005,21.0
13007,2016,7.0,villeneuve,False,0.0,False,0.0,False,ericsson,Swedish,sauber,21,15,0.0,0.0,20.0,0,0,10,2.799999999999997,25.0
13015,2016,8.0,BAK,False,0.0,False,0.0,False,rosberg,German,mercedes,1,1,116.0,4.0,1.0,223,6,1,0.0,30.0
13021,2016,8.0,BAK,False,0.0,False,0.0,False,ricciardo,Australian,red_bull,2,7,72.0,0.0,4.0,130,1,3,1.2000000000000028,26.0
13016,2016,8.0,BAK,False,0.0,False,,False,vettel,German,ferrari,3,2,78.0,0.0,3.0,147,0,2,1.2000000000000028,28.0
13018,2016,8.0,Auto%#,False,0.0,False,0.0,False,raikkonen,Finnish,ferrari,4,4,69.0,0.0,5.0,147,0,2,1.5,36.0
13024,2016,8.0,BAK,False,0.0,False,,False,massa,Brazilian,williams,5,10,37.0,0.0,8.0,81,0,4,1.7000000000000028,35.0
,2016,8.0,BAK,False,0.0,False,0.0,False,kvyat,Russian,toro_rosso,6,22,22.0,0.0,10.0,32,0,6,1.9000000000000057,22.0
13017,2016,8.0,BAK,False,0.0,False,0.0,False,perez,Mexican,force_india,7,3,24.0,0.0,9.0,42,0,5,0.7000000000000028,26.0
13020,2016,8.0,BAK,False,0.0,False,0.0,False,bottas,Finnish,williams,8,6,44.0,0.0,7.0,81,0,4,,26.0
13022,2016,8.0,BAK,False,0.0,False,0.0,False,max_verstappen,Dutch,red_bull,9,8,50.0,1.0,6.0,130,1,3,2.799999999999997,18.0
13019,2016,8.0,BAK,False,0.0,False,0.0,False,hamilton,British,mercedes,10,5,,2.0,2.0,223,6,1,19.200000000000003,31.0
13027,2016,8.0,BAK,False,0.0,False,0.0,False,grosjean,French,haas,11,13,22.0,0.0,11.0,22,0,8,2.0,30.0
,2016,8.0,BAK,False,,False,0.0,False,hulkenberg,German,force_india,12,9,18.0,0.0,13.0,42,0,5,2.0,28.0
13032,2016,8.0,BAK,False,0.0,False,0.0,False,alonso,Spanish,mclaren,13,19,18.0,0.0,12.0,24,0,7,2.5,34.0
13029,2016,8.0,BAK,False,0.0,False,0.0,False,gutierrez,Mexican,haas,14,16,0.0,0.0,18.0,22,0,8,2.5,24.0
13026,2016,8.0,BAK,False,0.0,False,0.0,False,nasr,Brazilian,sauber,15,12,0.0,0.0,22.0,0,0,10,3.200000000000003,23.0
13031,2016,8.0,BAK,,0.0,False,0.0,False,haryanto,Indonesian,manor,16,18,0.0,0.0,23.0,0,0,11,2.9000000000000057,23.0
13033,2016,8.0,BAK,False,0.0,False,0.0,Auto%#,wehrlein,German,manor,17,20,0.0,0.0,21.0,0,0,11,2.9000000000000057,21.0
13034,2016,8.0,BAK,False,0.0,,0.0,,sainz,Spanish,toro_rosso,18,21,18.0,0.0,14.0,32,0,6,,21.0
13025,2016,8.0,,False,0.0,False,0.0,False,button,British,mclaren,19,11,5.0,0.0,16.0,24,0,7,3.0,36.0
13030,2016,8.0,BAK,False,0.0,False,0.0,False,ericsson,Swedish,sauber,20,17,0.0,0.0,20.0,0,0,10,3.4000000000000057,25.0
13028,2016,,BAK,False,0.0,False,0.0,False,jolyon_palmer,British,renault,21,15,0.0,0.0,19.0,6,0,9,3.6000000000000085,25.0
13036,2016,9.0,red_bull_ring,False,0.0,False,0.0,True,hamilton,British,mercedes,1,1,117.0,2.0,2.0,258,7,1,0.0,
13054,2016,9.0,red_bull_ring,False,0.0,False,0.0,True,hulkenberg,German,force_india,2,19,20.0,,12.0,59,0,5,1.3999999999999917,28.0
,2016,9.0,red_bull_ring,False,0.0,False,0.0,True,button,British,mclaren,3,Auto%#,5.0,0.0,16.0,24,0,7,,36.0
13038,2016,9.0,red_bull_ring,False,0.0,False,0.0,True,raikkonen,Finnish,ferrari,4,3,81.0,0.0,4.0,177,0,2,2.0,36.0
13040,2016,9.0,red_bull_ring,False,0.0,False,0.0,True,ricciardo,Australian,red_bull,5,5,78.0,0.0,5.0,,1,3,2.0999999999999943,27.0
13039,2016,9.0,red_bull_ring,False,0.0,False,0.0,True,rosberg,German,mercedes,6,4,141.0,5.0,1.0,258,7,1,0.5999999999999943,31.0
13044,2016,9.0,red_bull_ring,False,0.0,False,0.0,True,bottas,Finnish,williams,,9,52.0,0.0,7.0,90,0,4,2.5,26.0
13037,2016,9.0,red_bull_ring,False,0.0,False,0.0,True,max_verstappen,Dutch,red_bull,8,2,54.0,1.0,6.0,140,,3,3.299999999999997,18.0
13055,2016,9.0,red_bull_ring,False,0.0,False,0.0,True,vettel,German,ferrari,9,21,96.0,0.0,3.0,177,0,2,1.8999999999999917,29.0
13046,2016,9.0,red_bull_ring,False,0.0,False,0.0,True,gutierrez,Mexican,haas,11,11,0.0,0.0,18.0,22,0,8,-0.3000000000000113,
13045,2016,9.0,red_bull_ring,False,0.0,False,0.0,True,wehrlein,German,manor,12,10,0.0,0.0,22.0,0,0,11,-0.2000000000000028,21.0
13042,,9.0,red_bull_ring,False,0.0,False,0.0,True,grosjean,French,haas,13,7,22.0,0.0,11.0,22,0,8,0.0,30.0
13053,2016,9.0,red_bull_ring,False,0.0,False,0.0,,,Spanish,mclaren,14,18,18.0,0.0,13.0,24,0,7,0.2999999999999971,34.0
13049,2016,9.0,red_bull_ring,False,0.0,False,0.0,True,kevin_magnussen,Danish,renault,17,14,6.0,0.0,15.0,6,0,9,,23.0
13050,2016,9.0,red_bull_ring,False,0.0,False,0.0,True,ericsson,Swedish,sauber,18,15,0.0,0.0,20.0,,0,10,0.5,25.0
13047,2016,9.0,red_bull_ring,False,0.0,False,0.0,True,jolyon_palmer,British,renault,19,12,0.0,0.0,19.0,6,0,9,0.0999999999999943,25.0
13051,2016,9.0,red_bull_ring,,0.0,False,0.0,True,haryanto,Indonesian,manor,20,,0.0,0.0,23.0,0,0,11,0.0999999999999943,23.0
13048,2016,9.0,red_bull_ring,False,0.0,False,0.0,True,nasr,Brazilian,sauber,21,13,0.0,0.0,21.0,,0,10,0.5,23.0
13056,2016,10.0,silverstone,False,0.0,True,1.0,False,hamilton,British,mercedes,1,1,142.0,3.0,2.0,295,8,1,0.0,31.0
13058,2016,10.0,silverstone,False,0.0,,1.0,False,rosberg,German,mercedes,2,3,153.0,5.0,1.0,295,8,1,0.2999999999999971,31.0
13057,2016,,silverstone,False,0.0,True,1.0,False,max_verstappen,Dutch,red_bull,3,2,72.0,1.0,6.0,168,1,3,1.0,18.0
13059,2016,10.0,silverstone,False,0.0,True,1.0,False,ricciardo,Australian,red_bull,4,4,88.0,0.0,5.0,168,1,3,1.2999999999999972,27.0
13060,2016,10.0,silverstone,False,0.0,True,1.0,False,raikkonen,Finnish,ferrari,5,5,96.0,0.0,,192,0,2,1.6000000000000083,36.0
13069,2016,10.0,silverstone,False,0.0,True,1.0,,bottas,Finnish,williams,6,14,54.0,0.0,7.0,92,0,4,2.299999999999997,26.0
13063,2016,10.0,silverstone,False,0.0,True,1.0,,sainz,Spanish,toro_rosso,7,8,22.0,0.0,12.0,36,0,6,2.700000000000003,21.0
13062,2016,10.0,silverstone,False,0.0,,1.0,False,hulkenberg,German,force_india,8,7,20.0,0.0,13.0,59,0,5,2.9000000000000057,28.0
13068,2016,10.0,silverstone,False,0.0,,1.0,False,alonso,Spanish,mclaren,9,13,18.0,0.0,14.0,32,0,7,3.0,34.0
13061,2016,,silverstone,False,0.0,True,1.0,False,perez,Mexican,force_india,10,6,39.0,0.0,8.0,,0,5,2.6000000000000085,26.0
13064,2016,10.0,silverstone,False,0.0,True,1.0,False,vettel,German,ferrari,11,9,,0.0,3.0,192,0,2,2.200000000000003,29.0
13066,2016,10.0,silverstone,False,0.0,True,1.0,False,massa,Brazilian,williams,12,11,38.0,0.0,9.0,92,0,4,2.700000000000003,35.0
13075,2016,10.0,silverstone,False,0.0,True,1.0,False,,French,haas,13,20,28.0,0.0,10.0,28,0,8,2.700000000000003,
13071,2016,10.0,silverstone,False,0.0,True,1.0,False,gutierrez,Mexican,haas,14,16,0.0,0.0,19.0,28,0,8,2.9000000000000057,24.0
13065,2016,10.0,silverstone,,0.0,True,1.0,False,kvyat,Russian,toro_rosso,15,10,22.0,0.0,11.0,36,0,6,3.0,22.0
13072,2016,10.0,silverstone,False,0.0,True,1.0,False,kevin_magnussen,Danish,renault,16,17,6.0,0.0,16.0,6,0,9,7.799999999999997,23.0
13067,2016,10.0,silverstone,False,0.0,True,1.0,False,,British,mclaren,17,12,13.0,0.0,15.0,32,0,,3.5,36.0
13073,2016,10.0,silverstone,False,0.0,True,1.0,False,jolyon_palmer,British,renault,18,18,0.0,0.0,20.0,6,0,9,3.6000000000000085,25.0
13074,2016,10.0,silverstone,False,0.0,True,1.0,False,haryanto,Indonesian,manor,19,19,0.0,0.0,23.0,1,0,,3.799999999999997,23.0
13076,2016,10.0,silverstone,False,0.0,True,1.0,False,wehrlein,German,,20,22,1.0,0.0,17.0,1,0,10,3.9000000000000057,21.0
13070,2016,10.0,silverstone,False,0.0,True,1.0,False,nasr,Brazilian,sauber,21,15,0.0,0.0,22.0,0,0,11,4.200000000000003,23.0
13078,2016,11.0,hungaroring,True,0.0,False,0.0,False,rosberg,German,mercedes,1,2,168.0,5.0,1.0,335,9,1,0.0,31.0
13077,2016,11.0,hungaroring,True,0.0,False,0.0,False,hamilton,British,mercedes,2,1,167.0,4.0,2.0,335,9,1,0.0999999999999943,31.0
13079,2016,11.0,hungaroring,True,,False,0.0,False,ricciardo,Australian,red_bull,3,3,100.0,0.0,4.0,,1,3,0.2999999999999971,27.0
13081,2016,11.0,hungaroring,True,0.0,False,0.0,False,max_verstappen,,red_bull,4,5,90.0,1.0,6.0,198,1,3,0.5999999999999943,18.0
13080,2016,11.0,hungaroring,True,0.0,False,0.0,Auto%#,vettel,German,ferrari,5,Auto%#,98.0,0.0,5.0,204,0,2,0.9000000000000057,29.0
13084,2016,11.0,hungaroring,True,0.0,False,0.0,False,sainz,Spanish,toro_rosso,6,8,26.0,0.0,12.0,41,0,6,1.0999999999999943,21.0
13083,2016,11.0,hungaroring,True,0.0,False,0.0,False,alonso,Spanish,mclaren,7,7,18.0,0.0,14.0,32,0,7,1.2000000000000028,34.0
13097,2016,11.0,hungaroring,True,0.0,False,0.0,False,button,British,mclaren,8,22,13.0,0.0,15.0,32,0,7,1.5999999999999943,36.0
13086,2016,11.0,hungaroring,,0.0,False,0.0,False,hulkenberg,German,,9,10,26.0,0.0,11.0,73,0,5,1.7999999999999972,28.0
13085,2016,11.0,hungaroring,True,0.0,Auto%#,0.0,False,bottas,Finnish,williams,10,9,54.0,0.0,7.0,92,0,4,2.200000000000003,26.0
13090,2016,11.0,hungaroring,True,0.0,False,0.0,False,grosjean,French,haas,11,14,28.0,0.0,10.0,28,0,8,4.900000000000006,30.0
,2016,11.0,hungaroring,True,0.0,False,0.0,False,kvyat,Russian,toro_rosso,12,16,23.0,0.0,13.0,41,,6,5.299999999999997,22.0
13087,2016,,hungaroring,True,0.0,False,0.0,False,perez,Mexican,force_india,13,11,47.0,0.0,8.0,73,0,5,5.400000000000006,26.0
13082,2016,11.0,hungaroring,True,0.0,False,,False,raikkonen,Finnish,ferrari,14,6,106.0,0.0,3.0,204,0,2,5.400000000000006,36.0
13089,2016,11.0,hungaroring,True,0.0,False,,False,gutierrez,Mexican,haas,15,13,0.0,0.0,19.0,28,0,8,6.200000000000003,24.0
13093,2016,11.0,hungaroring,True,0.0,False,0.0,False,nasr,Brazilian,sauber,16,17,0.0,0.0,22.0,0,0,11,7.099999999999994,23.0
13088,2016,11.0,hungaroring,True,0.0,False,0.0,False,jolyon_palmer,British,renault,17,12,0.0,0.0,20.0,6,0,9,24.0,25.0
13094,2016,,hungaroring,True,,False,0.0,False,massa,Brazilian,williams,18,18,38.0,0.0,9.0,92,0,4,24.0,35.0
13091,2016,11.0,hungaroring,True,,False,0.0,False,kevin_magnussen,Danish,renault,19,15,,0.0,,6,0,9,24.5,23.0
13095,2016,11.0,hungaroring,True,0.0,False,0.0,False,wehrlein,German,manor,,19,1.0,0.0,17.0,1,0,10,27.3,21.0
13096,2016,11.0,hungaroring,True,0.0,False,0.0,False,haryanto,Indonesian,manor,21,21,0.0,0.0,23.0,1,0,10,30.200000000000003,23.0
13101,2016,12.0,hockenheimring,False,0.0,True,0.0,True,rosberg,German,mercedes,1,4,186.0,5.0,2.0,378,10,1,0.0,31.0
13098,2016,12.0,hockenheimring,False,0.0,True,,True,hamilton,British,mercedes,2,1,192.0,5.0,1.0,378,10,1,0.0999999999999943,31.0
13099,2016,,hockenheimring,False,0.0,True,0.0,True,ricciardo,Australian,red_bull,3,2,115.0,0.0,3.0,223,1,,,27.0
,2016,12.0,hockenheimring,False,0.0,True,0.0,True,max_verstappen,Dutch,red_bull,4,3,100.0,1.0,6.0,223,1,3,0.3999999999999915,18.0
13103,2016,12.0,hockenheimring,False,0.0,True,0.0,True,raikkonen,Finnish,ferrari,5,6,114.0,0.0,4.0,224,0,2,0.6999999999999886,36.0
13102,2016,12.0,,False,0.0,True,0.0,True,,German,ferrari,6,5,110.0,0.0,5.0,224,0,2,0.8999999999999915,29.0
13106,2016,12.0,hockenheimring,False,0.0,True,,True,bottas,Finnish,williams,7,9,56.0,0.0,7.0,94,0,4,1.0999999999999943,26.0
13104,2016,12.0,hockenheimring,False,0.0,True,0.0,True,hulkenberg,German,force_india,Auto%#,7,27.0,0.0,12.0,74,0,5,1.0999999999999943,28.0
13107,2016,12.0,,False,0.0,True,0.0,True,perez,Mexican,force_india,9,10,47.0,0.0,8.0,74,0,5,1.0999999999999943,26.0
13119,2016,12.0,hockenheimring,False,0.0,True,0.0,True,massa,Brazilian,williams,10,22,38.0,0.0,9.0,94,0,4,1.1999999999999886,35.0
,2016,12.0,hockenheimring,False,0.0,True,0.0,True,,Mexican,haas,11,11,,0.0,19.0,28,0,8,1.5,24.0
13105,2016,12.0,hockenheimring,False,0.0,True,0.0,True,button,,mclaren,12,8,13.0,0.0,,38,0,7,1.5,36.0
13109,,12.0,hockenheimring,False,0.0,True,0.0,,alonso,Spanish,mclaren,13,12,24.0,0.0,13.0,38,0,7,1.5999999999999943,35.0
13116,2016,12.0,hockenheimring,False,0.0,True,0.0,True,jolyon_palmer,British,renault,14,19,0.0,0.0,20.0,6,0,9,2.299999999999997,25.0
13111,2016,12.0,hockenheimring,False,0.0,Auto%#,0.0,True,sainz,Spanish,toro_rosso,15,14,30.0,0.0,10.0,45,0,6,1.5999999999999943,21.0
13113,2016,12.0,hockenheimring,False,0.0,True,0.0,True,kevin_magnussen,Danish,renault,16,16,6.0,0.0,16.0,6,0,9,2.299999999999997,23.0
13114,2016,12.0,hockenheimring,False,0.0,True,0.0,True,wehrlein,German,manor,17,17,1.0,0.0,17.0,1,0,10,2.299999999999997,21.0
13112,2016,12.0,hockenheimring,False,0.0,True,0.0,True,kvyat,Russian,toro_rosso,18,15,23.0,0.0,14.0,45,0,6,2.5,22.0
13117,2016,12.0,hockenheimring,False,0.0,,0.0,True,haryanto,Indonesian,manor,19,20,0.0,0.0,23.0,1,0,10,2.5999999999999943,23.0
13110,2016,12.0,hockenheimring,False,0.0,True,0.0,,grosjean,French,haas,20,13,28.0,0.0,11.0,28,0,8,1.6999999999999886,30.0
13118,2016,12.0,hockenheimring,False,0.0,True,0.0,True,nasr,Brazilian,sauber,,21,0.0,,22.0,0,0,11,2.6999999999999886,23.0
13115,2016,12.0,hockenheimring,False,0.0,True,0.0,,ericsson,Swedish,sauber,22,18,0.0,0.0,21.0,0,0,11,2.799999999999997,25.0
13120,2016,13.0,spa,False,0.0,True,0.0,True,rosberg,German,mercedes,1,1,198.0,5.0,2.0,415,11,1,0.0,31.0
13130,2016,13.0,spa,False,0.0,True,0.0,True,max_verstappen,Dutch,Auto%#,2,11,115.0,1.0,6.0,256,1,2,0.2000000000000028,18.0
13128,2016,13.0,spa,False,0.0,True,0.0,True,raikkonen,Finnish,ferrari,3,9,122.0,0.0,4.0,242,,3,0.2000000000000028,36.0
13125,2016,13.0,spa,,,True,0.0,True,vettel,German,ferrari,4,6,120.0,0.0,5.0,242,0,Auto%#,0.3999999999999915,29.0
13121,2016,13.0,spa,False,0.0,True,0.0,,ricciardo,Australian,red_bull,5,2,133.0,0.0,3.0,256,1,2,0.5,27.0
13124,2016,13.0,spa,False,0.0,True,0.0,True,perez,Mexican,force_india,6,5,48.0,0.0,8.0,81,0,5,0.7000000000000028,26.0
13123,2016,13.0,spa,False,0.0,True,0.0,True,hulkenberg,German,force_india,7,4,33.0,0.0,10.0,81,0,5,0.7999999999999972,29.0
13127,2016,13.0,spa,False,,True,0.0,Auto%#,bottas,Finnish,williams,,8,58.0,0.0,7.0,96,0,4,0.8999999999999915,27.0
13140,2016,13.0,spa,False,0.0,True,0.0,True,button,British,mclaren,9,21,17.0,0.0,15.0,42,0,7,1.3999999999999917,36.0
13129,2016,13.0,spa,False,0.0,True,0.0,True,massa,Brazilian,williams,10,10,38.0,0.0,9.0,96,0,4,1.5999999999999943,35.0
13132,2016,13.0,spa,False,0.0,True,0.0,True,grosjean,French,haas,11,13,28.0,0.0,12.0,28,0,8,1.5999999999999943,30.0
13137,2016,13.0,spa,False,0.0,True,0.0,True,kevin_magnussen,Danish,renault,12,18,6.0,0.0,16.0,6,0,9,1.7999999999999972,23.0
13134,,13.0,spa,False,0.0,True,0.0,True,jolyon_palmer,,renault,13,15,0.0,0.0,20.0,6,0,9,2.200000000000003,25.0
13139,2016,13.0,spa,False,0.0,True,0.0,Auto%#,sainz,Spanish,toro_rosso,14,20,30.0,0.0,11.0,45,0,6,2.299999999999997,21.0
13141,2016,13.0,spa,False,0.0,True,0.0,True,wehrlein,German,manor,15,22,1.0,0.0,17.0,1,0,10,2.5999999999999943,21.0
13136,,13.0,spa,False,0.0,True,0.0,True,nasr,Brazilian,sauber,16,17,0.0,0.0,22.0,0,0,11,2.200000000000003,24.0
13135,2016,,spa,False,0.0,True,0.0,True,,French,manor,17,16,0.0,0.0,0.0,1,0,10,2.3999999999999915,19.0
13131,2016,13.0,spa,False,0.0,True,0.0,True,gutierrez,Mexican,haas,18,12,0.0,0.0,19.0,28,0,8,1.8999999999999917,25.0
13133,2016,13.0,spa,False,0.0,True,0.0,True,kvyat,Russian,toro_rosso,19,14,23.0,0.0,14.0,45,0,6,2.3999999999999915,22.0
13138,2016,13.0,,False,0.0,True,0.0,True,ericsson,Swedish,sauber,20,19,0.0,0.0,21.0,0,0,11,2.3999999999999915,25.0
13122,2016,13.0,spa,False,0.0,True,0.0,True,hamilton,British,mercedes,21,3,217.0,6.0,1.0,415,11,1,3.299999999999997,31.0
13143,2016,14.0,monza,True,0.0,False,0.0,False,,British,mercedes,1,2,232.0,6.0,1.0,455,12,1,0.0,31.0
13142,2016,14.0,Auto%#,True,0.0,False,0.0,False,rosberg,German,mercedes,2,1,223.0,6.0,2.0,455,12,1,0.5,
,2016,14.0,monza,True,0.0,False,0.0,False,vettel,German,ferrari,3,3,128.0,0.0,4.0,252,0,,0.9000000000000057,29.0
13145,2016,14.0,monza,True,0.0,False,0.0,False,raikkonen,Finnish,ferrari,4,4,124.0,0.0,5.0,252,0,3,1.0,36.0
13147,2016,14.0,monza,True,0.0,False,0.0,False,bottas,Finnish,williams,5,6,62.0,0.0,7.0,101,0,5,1.3000000000000114,27.0
13146,2016,14.0,monza,True,0.0,False,0.0,False,ricciardo,Australian,red_bull,6,5,151.0,0.0,3.0,274,1,2,1.3000000000000114,27.0
13148,2016,14.0,monza,True,0.0,False,0.0,False,max_verstappen,Dutch,red_bull,7,7,115.0,1.0,6.0,274,1,2,1.3000000000000114,18.0
13149,2016,14.0,monza,True,0.0,False,,False,perez,Mexican,force_india,8,8,58.0,0.0,8.0,103,0,4,1.7000000000000028,26.0
,2016,14.0,monza,True,0.0,False,0.0,False,hulkenberg,German,force_india,9,10,45.0,0.0,9.0,103,0,4,1.7000000000000028,29.0
13154,2016,14.0,monza,True,0.0,False,0.0,False,gutierrez,Mexican,haas,10,13,0.0,0.0,19.0,28,0,8,2.1000000000000085,25.0
13150,2016,14.0,monza,True,0.0,False,0.0,False,,Brazilian,williams,11,9,39.0,0.0,,101,0,5,1.9000000000000057,35.0
13155,,14.0,monza,True,0.0,,0.0,False,alonso,Spanish,mclaren,12,14,30.0,0.0,11.0,48,0,6,2.200000000000003,35.0
13161,2016,14.0,monza,True,0.0,False,0.0,False,wehrlein,German,manor,13,20,1.0,0.0,17.0,1,0,10,2.200000000000003,21.0
13153,2016,14.0,monza,True,0.0,False,0.0,False,,British,mclaren,14,12,17.0,0.0,15.0,48,0,6,2.300000000000012,36.0
13156,2016,14.0,monza,True,0.0,False,0.0,False,sainz,Spanish,toro_rosso,15,Auto%#,30.0,0.0,12.0,45,0,7,2.4000000000000057,22.0
13160,2016,14.0,monza,True,0.0,False,0.0,False,kvyat,Russian,toro_rosso,16,19,23.0,0.0,14.0,45,0,7,2.700000000000003,22.0
13152,2016,14.0,monza,True,0.0,False,0.0,False,grosjean,French,haas,17,11,28.0,0.0,13.0,28,0,8,2.0,30.0
13163,2016,14.0,monza,True,0.0,False,0.0,False,nasr,Brazilian,sauber,18,22,0.0,0.0,,0,0,11,2.9000000000000057,24.0
13157,2016,14.0,monza,True,0.0,False,0.0,False,ericsson,Swedish,sauber,19,16,0.0,0.0,21.0,0,0,11,3.0,26.0
13162,2016,14.0,monza,True,0.0,False,0.0,False,jolyon_palmer,British,renault,20,21,0.0,0.0,20.0,6,0,9,3.1000000000000085,25.0
13158,2016,14.0,,True,0.0,False,0.0,False,kevin_magnussen,Danish,renault,21,Auto%#,6.0,0.0,16.0,6,0,9,3.300000000000012,23.0
13164,2016,15.0,marina_bay,False,0.0,False,0.0,False,rosberg,German,mercedes,1,1,248.0,7.0,2.0,498,13,1,0.0,31.0
13165,2016,15.0,marina_bay,False,0.0,False,0.0,False,ricciardo,Australian,red_bull,2,2,161.0,0.0,3.0,290,1,2,0.5,27.0
13166,2016,15.0,marina_bay,False,0.0,False,0.0,False,hamilton,British,mercedes,3,3,250.0,6.0,1.0,498,13,1,0.7000000000000028,31.0
13169,2016,15.0,,False,0.0,False,0.0,False,max_verstappen,Dutch,red_bull,4,6,121.0,1.0,6.0,290,1,2,0.7000000000000028,18.0
13167,2016,15.0,marina_bay,False,0.0,False,0.0,False,raikkonen,Finnish,ferrari,5,4,136.0,0.0,5.0,279,0,3,0.9000000000000057,36.0
13177,2016,15.0,marina_bay,False,0.0,False,0.0,False,sainz,Spanish,Auto%#,6,14,30.0,0.0,12.0,45,0,7,1.6000000000000083,22.0
13172,2016,15.0,Auto%#,False,0.0,False,0.0,False,kvyat,Russian,toro_rosso,7,9,23.0,0.0,14.0,45,0,7,1.9000000000000057,22.0
13184,2016,15.0,Auto%#,False,0.0,,0.0,False,hulkenberg,German,force_india,8,21,46.0,0.0,,108,0,5,1.9000000000000057,29.0
13170,2016,15.0,marina_bay,False,0.0,False,0.0,False,alonso,Spanish,mclaren,Auto%#,7,30.0,0.0,11.0,48,0,6,2.0,35.0
13183,2016,15.0,marina_bay,False,0.0,False,,False,bottas,Finnish,williams,10,20,70.0,0.0,7.0,111,0,4,2.1000000000000085,27.0
,2016,15.0,marina_bay,False,0.0,False,0.0,False,massa,Brazilian,williams,11,12,41.0,0.0,10.0,111,0,4,2.4000000000000057,35.0
13182,2016,15.0,marina_bay,False,0.0,False,0.0,False,button,British,mclaren,12,19,17.0,0.0,15.0,48,0,6,2.5,36.0
13174,2016,15.0,marina_bay,False,0.0,False,0.0,False,gutierrez,Mexican,haas,13,11,0.0,0.0,19.0,28,0,8,3.0,25.0
13180,2016,15.0,marina_bay,False,0.0,False,0.0,False,ericsson,Swedish,sauber,14,17,0.0,,21.0,,0,11,5.200000000000003,26.0
13173,2016,15.0,marina_bay,False,0.0,False,0.0,False,kevin_magnussen,Danish,renault,15,10,6.0,0.0,16.0,6,0,9,4.200000000000003,23.0
13176,2016,15.0,marina_bay,False,0.0,False,0.0,False,,Brazilian,sauber,16,13,0.0,0.0,22.0,0,0,11,4.300000000000011,24.0
13171,,15.0,marina_bay,False,0.0,False,0.0,False,perez,Mexican,force_india,,8,62.0,0.0,8.0,108,0,5,2.0,26.0
13178,2016,15.0,marina_bay,False,0.0,False,,False,jolyon_palmer,,renault,18,15,0.0,0.0,20.0,6,0,9,4.400000000000006,25.0
13179,2016,15.0,marina_bay,False,0.0,False,0.0,False,,German,manor,19,16,1.0,0.0,17.0,1,,10,5.1000000000000085,21.0
13185,2016,,marina_bay,False,0.0,False,0.0,False,grosjean,French,haas,20,22,28.0,0.0,13.0,28,0,8,3.1000000000000085,30.0
13181,2016,15.0,marina_bay,False,0.0,False,0.0,False,ocon,French,manor,21,18,0.0,0.0,24.0,1,0,10,5.700000000000003,20.0
13168,2016,15.0,marina_bay,False,0.0,False,0.0,False,vettel,German,ferrari,22,5,143.0,0.0,4.0,279,0,3,6.5,
13203,2016,16.0,sepang,False,0.0,False,0.0,Auto%#,hamilton,British,mercedes,1,18,265.0,6.0,2.0,538,14,Auto%#,0.0,31.0
13188,2016,16.0,sepang,False,0.0,False,,False,rosberg,German,mercedes,Auto%#,3,273.0,8.0,1.0,538,14,1,0.5,31.0
,2016,16.0,sepang,False,0.0,False,0.0,False,max_verstappen,Dutch,red_bull,3,2,129.0,1.0,6.0,316,1,2,0.6000000000000085,19.0
13186,2016,16.0,sepang,False,0.0,False,0.0,False,ricciardo,Australian,red_bull,4,1,179.0,0.0,3.0,316,1,2,0.7000000000000028,27.0
13207,2016,16.0,sepang,False,0.0,False,0.0,False,vettel,German,ferrari,5,22,153.0,0.0,4.0,301,,3,0.7999999999999972,29.0
13189,2016,16.0,,False,0.0,False,0.0,False,raikkonen,Finnish,ferrari,6,4,148.0,0.0,5.0,301,0,3,0.7999999999999972,36.0
13191,2016,16.0,sepang,False,0.0,Auto%#,0.0,False,perez,Mexican,force_india,7,6,66.0,0.0,8.0,112,0,4,1.5,26.0
13193,2016,16.0,sepang,False,0.0,False,0.0,False,hulkenberg,German,force_india,8,8,46.0,,9.0,112,0,4,1.7000000000000028,29.0
13194,2016,16.0,sepang,False,0.0,False,0.0,False,button,British,mclaren,9,9,17.0,0.0,15.0,54,0,6,1.7000000000000028,36.0
13198,2016,16.0,sepang,False,0.0,False,0.0,False,massa,Brazilian,williams,10,13,41.0,0.0,10.0,111,0,5,1.9000000000000057,35.0
13190,2016,16.0,sepang,False,0.0,False,0.0,False,bottas,Finnish,williams,11,5,70.0,,7.0,111,0,5,1.7999999999999972,27.0
13206,2016,16.0,sepang,False,0.0,False,0.0,False,grosjean,French,haas,12,21,28.0,0.0,13.0,28,0,8,2.200000000000003,30.0
13204,2016,16.0,,False,0.0,False,,False,gutierrez,Mexican,haas,13,,0.0,0.0,19.0,,0,8,2.299999999999997,
13205,2016,16.0,sepang,False,0.0,False,0.0,False,kevin_magnussen,Danish,renault,14,20,7.0,0.0,16.0,,0,9,2.5,23.0
13199,2016,16.0,sepang,False,0.0,False,0.0,False,,,toro_rosso,15,14,25.0,0.0,14.0,47,0,7,2.6000000000000085,22.0
13196,2016,16.0,sepang,False,0.0,False,0.0,False,sainz,Spanish,toro_rosso,16,11,30.0,0.0,12.0,47,0,,2.6000000000000085,22.0
13197,2016,16.0,sepang,False,0.0,False,0.0,False,ericsson,Swedish,sauber,17,12,0.0,0.0,21.0,0,0,11,3.0,26.0
13202,2016,16.0,sepang,False,0.0,False,0.0,False,nasr,Brazilian,sauber,18,17,0.0,0.0,22.0,0,0,11,3.1000000000000085,24.0
13195,,16.0,sepang,False,0.0,False,0.0,False,jolyon_palmer,British,renault,19,10,,0.0,20.0,7,0,9,3.200000000000003,25.0
13201,2016,16.0,sepang,False,0.0,False,0.0,False,ocon,French,manor,20,16,0.0,0.0,24.0,1,0,10,3.700000000000003,20.0
13200,2016,16.0,sepang,False,0.0,False,0.0,False,wehrlein,German,manor,21,15,1.0,0.0,17.0,1,0,10,3.799999999999997,21.0
13192,2016,16.0,sepang,False,0.0,False,0.0,False,alonso,Spanish,mclaren,22,7,36.0,0.0,11.0,54,0,6,4.400000000000006,35.0
13208,2016,17.0,suzuka,False,0.0,False,0.0,True,rosberg,German,mercedes,1,1,288.0,8.0,1.0,553,14,1,0.0,31.0
13210,2016,17.0,suzuka,False,0.0,False,0.0,True,hamilton,British,mercedes,2,3,265.0,6.0,2.0,553,14,1,0.1000000000000085,31.0
13209,2016,17.0,suzuka,False,0.0,False,0.0,True,max_verstappen,Dutch,red_bull,3,2,147.0,1.0,6.0,359,2,2,0.6000000000000085,19.0
13213,2016,17.0,suzuka,False,0.0,False,0.0,True,ricciardo,Australian,red_bull,4,6,204.0,1.0,3.0,359,2,2,0.6000000000000085,27.0
13214,2016,17.0,suzuka,False,0.0,False,0.0,,perez,Mexican,force_india,5,7,74.0,0.0,8.0,124,0,4,1.4000000000000057,26.0
13211,2016,17.0,suzuka,False,0.0,False,0.0,True,vettel,German,ferrari,6,4,153.0,0.0,5.0,313,0,3,0.4000000000000057,29.0
13218,2016,17.0,suzuka,False,0.0,False,0.0,True,grosjean,French,haas,7,11,28.0,0.0,13.0,28,0,8,1.4000000000000057,30.0
13212,2016,17.0,suzuka,,0.0,False,0.0,True,raikkonen,Finnish,ferrari,8,5,160.0,0.0,4.0,313,0,3,0.3000000000000113,36.0
13215,2016,17.0,suzuka,False,0.0,False,0.0,True,hulkenberg,,force_india,9,8,50.0,0.0,9.0,124,0,4,1.5,29.0
13227,2016,17.0,suzuka,False,0.0,False,0.0,True,gutierrez,Mexican,haas,10,20,0.0,0.0,20.0,28,0,8,1.9000000000000057,25.0
13217,2016,17.0,suzuka,False,0.0,False,0.0,True,bottas,Finnish,williams,11,10,80.0,0.0,7.0,121,0,5,1.7000000000000028,27.0
13216,2016,17.0,suzuka,False,0.0,False,0.0,True,massa,Brazilian,williams,12,9,41.0,,11.0,121,0,5,1.8000000000000114,35.0
13220,2016,17.0,suzuka,False,0.0,False,,True,kvyat,Russian,toro_rosso,13,13,25.0,0.0,14.0,47,0,7,2.0,22.0
13224,2016,17.0,suzuka,False,0.0,False,0.0,True,sainz,Spanish,Auto%#,14,17,30.0,0.0,12.0,47,0,7,2.1000000000000085,22.0
13223,2016,17.0,suzuka,False,0.0,False,0.0,True,alonso,Spanish,mclaren,15,16,42.0,,10.0,62,0,6,,35.0
13219,2016,17.0,suzuka,False,0.0,False,0.0,True,jolyon_palmer,British,renault,16,Auto%#,1.0,0.0,17.0,8,0,9,2.200000000000003,25.0
13221,2016,,suzuka,False,0.0,False,0.0,True,kevin_magnussen,Danish,renault,17,14,7.0,0.0,16.0,8,0,9,2.4000000000000057,24.0
13222,2016,17.0,suzuka,False,0.0,False,0.0,True,ericsson,Swedish,sauber,18,15,0.0,0.0,21.0,0,0,11,2.6000000000000085,26.0
13226,2016,17.0,suzuka,False,0.0,False,0.0,True,nasr,Brazilian,sauber,19,19,0.0,0.0,22.0,0,0,11,2.700000000000003,24.0
13228,2016,17.0,suzuka,False,0.0,False,0.0,Auto%#,ocon,French,manor,20,21,0.0,0.0,24.0,1,0,10,2.800000000000012,20.0
13229,2016,17.0,suzuka,False,,False,0.0,True,wehrlein,German,manor,21,22,1.0,0.0,18.0,1,0,10,3.0,21.0
13225,2016,17.0,suzuka,False,0.0,False,0.0,True,button,British,mclaren,22,18,19.0,0.0,15.0,62,0,6,2.300000000000012,36.0
13230,2016,18.0,americas,True,0.0,False,0.0,False,,British,mercedes,1,1,280.0,,2.0,593,15,1,0.0,31.0
13231,2016,18.0,americas,True,0.0,False,0.0,Auto%#,rosberg,German,mercedes,2,2,313.0,9.0,1.0,593,15,1,0.2000000000000028,31.0
13232,2016,18.0,americas,True,0.0,False,0.0,,ricciardo,Australian,red_bull,3,3,212.0,1.0,3.0,,2,2,0.5,27.0
13249,2016,18.0,americas,True,0.0,False,0.0,False,max_verstappen,Dutch,Auto%#,4,20,165.0,1.0,5.0,385,,2,0.7000000000000028,19.0
13248,2016,18.0,americas,True,0.0,False,0.0,Auto%#,raikkonen,Finnish,ferrari,5,19,170.0,0.0,4.0,335,0,3,1.0999999999999943,37.0
13233,2016,18.0,americas,True,0.0,False,0.0,False,vettel,German,ferrari,6,4,165.0,0.0,6.0,335,0,3,1.4000000000000057,29.0
13251,2016,18.0,americas,True,0.0,False,0.0,False,hulkenberg,German,force_india,7,22,54.0,0.0,9.0,134,0,Auto%#,1.5999999999999943,29.0
13245,2016,18.0,americas,True,0.0,False,0.0,False,bottas,Finnish,williams,8,16,81.0,0.0,7.0,124,0,5,2.0999999999999943,27.0
13236,,18.0,americas,True,0.0,False,0.0,False,massa,Brazilian,williams,9,7,43.0,0.0,10.0,124,0,5,2.299999999999997,35.0
13235,2016,18.0,americas,True,0.0,False,0.0,False,sainz,Spanish,toro_rosso,10,6,30.0,0.0,12.0,47,0,7,2.299999999999997,22.0
13237,2016,18.0,americas,,0.0,False,0.0,,perez,Mexican,force_india,11,8,80.0,0.0,8.0,134,0,4,2.4000000000000057,26.0
13234,2016,18.0,americas,True,0.0,False,0.0,False,alonso,Spanish,mclaren,Auto%#,5,42.0,0.0,11.0,62,,6,2.4000000000000057,35.0
13240,2016,18.0,americas,True,0.0,Auto%#,0.0,False,kvyat,Russian,toro_rosso,13,11,25.0,0.0,14.0,47,0,7,,22.0
13250,2016,18.0,americas,True,0.0,False,0.0,False,gutierrez,Mexican,haas,14,21,0.0,0.0,20.0,28,0,8,2.799999999999997,25.0
13242,2016,18.0,americas,True,0.0,False,0.0,False,jolyon_palmer,British,renault,15,13,1.0,0.0,17.0,8,0,9,2.9000000000000057,25.0
13243,2016,18.0,americas,True,0.0,False,0.0,False,ericsson,Swedish,sauber,16,14,0.0,0.0,21.0,0,0,11,4.400000000000006,26.0
13239,2016,18.0,,True,0.0,False,0.0,False,grosjean,French,haas,17,10,28.0,0.0,13.0,28,0,8,3.299999999999997,30.0
13241,,18.0,americas,True,,False,0.0,False,kevin_magnussen,Danish,renault,18,12,7.0,0.0,16.0,8,0,9,3.299999999999997,24.0
13238,2016,18.0,americas,True,0.0,False,0.0,False,button,British,mclaren,19,9,19.0,0.0,15.0,62,0,6,3.299999999999997,36.0
13246,2016,18.0,americas,True,0.0,False,0.0,False,wehrlein,German,manor,20,17,1.0,0.0,,1,0,10,3.5,22.0
13244,2016,18.0,americas,True,0.0,False,0.0,False,nasr,Brazilian,sauber,21,15,0.0,0.0,22.0,0,0,11,3.5999999999999943,24.0
13247,2016,18.0,americas,True,0.0,False,0.0,False,ocon,French,manor,22,18,0.0,0.0,24.0,1,0,10,3.799999999999997,20.0
13252,2016,19.0,rodriguez,,0.0,False,0.0,False,hamilton,British,mercedes,1,1,305.0,7.0,2.0,636,16,1,,31.0
13253,2016,19.0,rodriguez,True,0.0,False,0.0,False,rosberg,German,mercedes,2,2,331.0,9.0,1.0,636,16,1,0.2999999999999971,31.0
13255,2016,19.0,rodriguez,True,0.0,False,0.0,False,max_verstappen,Dutch,red_bull,3,4,165.0,1.0,6.0,400,2,2,0.3999999999999915,19.0
13254,2016,19.0,rodriguez,True,0.0,False,0.0,False,ricciardo,Australian,red_bull,4,3,227.0,1.0,,400,2,2,0.3999999999999915,27.0
13258,2016,19.0,rodriguez,True,0.0,False,0.0,False,hulkenberg,German,force_india,5,7,54.0,0.0,9.0,138,0,4,0.5999999999999943,29.0
13257,2016,19.0,,True,0.0,False,0.0,False,raikkonen,Finnish,ferrari,6,6,170.0,,5.0,347,0,3,0.7000000000000028,37.0
13256,2016,19.0,rodriguez,True,0.0,False,,False,vettel,German,ferrari,7,5,177.0,0.0,4.0,347,,3,0.7000000000000028,29.0
13259,,19.0,rodriguez,True,0.0,False,0.0,False,bottas,Finnish,williams,,Auto%#,81.0,0.0,8.0,130,0,5,0.8999999999999915,27.0
13260,2016,19.0,rodriguez,True,0.0,Auto%#,0.0,False,massa,Brazilian,williams,9,9,49.0,0.0,11.0,130,0,5,1.2999999999999972,35.0
13267,2016,19.0,rodriguez,True,0.0,False,0.0,False,sainz,Spanish,toro_rosso,10,16,38.0,0.0,12.0,55,0,7,1.7000000000000028,22.0
13264,2016,,rodriguez,True,0.0,False,0.0,False,alonso,,mclaren,11,13,52.0,0.0,10.0,74,0,6,1.5999999999999943,35.0
13261,2016,19.0,rodriguez,True,0.0,False,,False,perez,Mexican,force_india,12,10,84.0,0.0,7.0,138,0,,1.5999999999999943,26.0
13263,2016,19.0,rodriguez,True,0.0,False,0.0,False,button,British,mclaren,13,12,21.0,0.0,15.0,74,0,6,2.0,36.0
13268,2016,19.0,rodriguez,True,0.0,,0.0,False,kevin_magnussen,Danish,renault,14,17,7.0,0.0,16.0,8,0,9,2.3999999999999915,24.0
13262,2016,19.0,rodriguez,True,0.0,False,0.0,False,ericsson,Swedish,sauber,15,11,0.0,0.0,21.0,0,0,11,2.799999999999997,26.0
13272,2016,19.0,rodriguez,True,0.0,False,0.0,False,wehrlein,German,manor,16,,1.0,0.0,18.0,,0,10,3.0999999999999943,22.0
13270,2016,19.0,rodriguez,True,0.0,False,0.0,False,gutierrez,Mexican,haas,Auto%#,,0.0,0.0,20.0,29,0,8,2.700000000000003,25.0
13269,2016,,rodriguez,True,0.0,False,,False,kvyat,Russian,toro_rosso,18,18,25.0,0.0,14.0,55,0,7,2.799999999999997,22.0
13266,2016,19.0,rodriguez,True,0.0,False,0.0,False,nasr,Brazilian,sauber,19,15,0.0,0.0,22.0,0,0,11,3.0,24.0
13271,2016,19.0,rodriguez,True,0.0,False,0.0,False,ocon,French,manor,20,21,0.0,0.0,24.0,1,,10,3.200000000000003,20.0
13273,2016,20.0,interlagos,False,0.0,False,1.0,False,hamilton,British,mercedes,1,1,330.0,8.0,2.0,679,17,1,0.0,31.0
13274,2016,20.0,interlagos,False,0.0,False,1.0,False,rosberg,German,mercedes,2,2,349.0,9.0,1.0,679,17,1,0.0999999999999943,31.0
13292,2016,20.0,interlagos,False,0.0,False,1.0,False,raikkonen,Finnish,ferrari,3,20,178.0,0.0,5.0,365,0,3,0.7000000000000028,37.0
13275,2016,20.0,interlagos,False,0.0,False,1.0,False,max_verstappen,Dutch,red_bull,4,3,177.0,1.0,6.0,427,2,2,,19.0
13277,2016,20.0,interlagos,False,0.0,False,1.0,False,vettel,German,ferrari,Auto%#,5,187.0,0.0,4.0,365,0,3,0.7999999999999972,29.0
13280,2016,20.0,interlagos,False,0.0,False,1.0,False,ricciardo,Australian,red_bull,Auto%#,8,242.0,1.0,3.0,427,2,,0.7999999999999972,27.0
13294,2016,20.0,interlagos,False,0.0,False,1.0,False,grosjean,French,haas,7,22,29.0,0.0,13.0,29,0,8,1.2000000000000028,30.0
,2016,20.0,interlagos,False,0.0,False,1.0,False,hulkenberg,,force_india,8,7,60.0,0.0,9.0,145,0,4,1.3999999999999917,29.0
13276,2016,20.0,interlagos,False,0.0,False,1.0,False,perez,Mexican,force_india,9,4,85.0,0.0,7.0,145,0,4,1.5,26.0
13282,2016,20.0,interlagos,False,0.0,False,1.0,False,alonso,Spanish,mclaren,10,10,52.0,0.0,10.0,74,0,6,1.5999999999999943,35.0
13283,2016,20.0,interlagos,False,0.0,False,1.0,False,bottas,Finnish,williams,11,11,85.0,0.0,8.0,136,0,5,1.7000000000000028,27.0
13289,2016,20.0,interlagos,False,0.0,False,1.0,False,gutierrez,Mexican,haas,12,17,0.0,0.0,20.0,29,0,8,1.7000000000000028,25.0
13290,2016,20.0,interlagos,False,0.0,False,1.0,False,massa,Brazilian,williams,13,18,51.0,0.0,11.0,136,0,5,1.7999999999999972,35.0
13285,2016,20.0,interlagos,False,0.0,False,1.0,False,kvyat,Russian,toro_rosso,14,13,25.0,0.0,14.0,55,0,7,2.0,22.0
13278,2016,20.0,interlagos,False,0.0,False,1.0,False,sainz,Spanish,toro_rosso,15,6,38.0,0.0,12.0,55,0,7,2.200000000000003,22.0
13291,2016,20.0,interlagos,False,0.0,False,1.0,False,jolyon_palmer,British,renault,16,Auto%#,1.0,0.0,17.0,8,0,9,2.5999999999999943,25.0
13288,2016,20.0,interlagos,False,0.0,False,1.0,False,button,British,mclaren,17,16,21.0,0.0,15.0,74,0,6,2.5999999999999943,36.0
13286,2016,20.0,interlagos,False,0.0,False,1.0,False,kevin_magnussen,Danish,renault,18,14,7.0,0.0,16.0,8,0,9,2.700000000000003,24.0
13287,,20.0,interlagos,False,0.0,False,1.0,,wehrlein,,manor,19,15,1.0,0.0,18.0,1,0,10,2.700000000000003,22.0
13293,2016,20.0,interlagos,False,0.0,False,1.0,False,ericsson,Swedish,sauber,20,21,0.0,0.0,21.0,0,0,11,2.8999999999999915,26.0
13281,2016,20.0,interlagos,False,0.0,False,,False,nasr,Brazilian,sauber,21,9,0.0,0.0,22.0,0,0,11,3.0,24.0
13284,2016,20.0,interlagos,False,0.0,False,1.0,False,ocon,French,manor,,12,0.0,0.0,24.0,1,0,10,2.700000000000003,20.0
13295,2016,21.0,yas_marina,True,0.0,False,0.0,False,hamilton,British,mercedes,1,1,355.0,9.0,2.0,,18,1,0.0,31.0
13296,2016,21.0,yas_marina,True,0.0,False,0.0,False,rosberg,German,mercedes,2,,367.0,9.0,,,,1,0.2999999999999971,31.0
13299,2016,21.0,yas_marina,True,0.0,False,0.0,False,ricciardo,Australian,,3,5,246.0,1.0,3.0,446,2,2,0.7999999999999972,27.0
13300,2016,21.0,yas_marina,True,0.0,False,0.0,False,,Finnish,ferrari,4,6,178.0,0.0,6.0,375,0,3,0.7999999999999972,37.0
13297,2016,21.0,yas_marina,True,0.0,False,0.0,False,vettel,German,ferrari,5,3,197.0,0.0,4.0,,0,3,0.9000000000000057,29.0
13298,2016,21.0,Auto%#,True,0.0,False,0.0,False,max_verstappen,Dutch,red_bull,6,4,192.0,1.0,5.0,446,2,2,1.0,19.0
13301,2016,21.0,yas_marina,True,0.0,False,0.0,False,hulkenberg,German,force_india,7,7,66.0,0.0,9.0,163,0,4,1.7000000000000028,29.0
13302,2016,21.0,yas_marina,True,0.0,False,0.0,False,perez,Mexican,force_india,8,8,97.0,0.0,7.0,163,0,4,1.7000000000000028,26.0
13304,2016,21.0,yas_marina,True,0.0,False,0.0,False,alonso,Spanish,mclaren,9,10,53.0,0.0,10.0,75,0,6,2.299999999999997,35.0
13303,2016,21.0,yas_marina,True,0.0,False,0.0,False,massa,Brazilian,williams,10,9,51.0,0.0,,136,0,,2.4000000000000057,35.0
13315,2016,21.0,yas_marina,True,0.0,False,0.0,False,bottas,Finnish,williams,,21,85.0,0.0,8.0,136,0,5,2.299999999999997,27.0
13314,2016,21.0,yas_marina,True,0.0,False,0.0,False,button,British,mclaren,12,20,21.0,0.0,15.0,75,0,6,2.5,36.0
13306,2016,21.0,yas_marina,True,0.0,False,0.0,False,gutierrez,Mexican,haas,13,12,0.0,0.0,21.0,,0,8,2.700000000000003,25.0
13305,2016,21.0,yas_marina,True,0.0,False,0.0,False,grosjean,French,haas,14,11,29.0,0.0,13.0,29,0,8,2.799999999999997,30.0
13311,2016,21.0,yas_marina,True,0.0,,0.0,False,jolyon_palmer,British,renault,15,17,1.0,0.0,18.0,8,0,9,3.0,25.0
13308,2016,21.0,yas_marina,True,0.0,False,0.0,False,wehrlein,German,manor,16,14,1.0,0.0,19.0,1,0,11,3.200000000000003,22.0
,2016,21.0,yas_marina,True,0.0,False,0.0,False,kvyat,Russian,toro_rosso,17,19,25.0,,14.0,63,0,7,3.200000000000003,22.0
13316,2016,21.0,yas_marina,True,0.0,False,0.0,False,kevin_magnussen,Danish,renault,18,22,7.0,0.0,16.0,8,0,9,,24.0
13310,2016,21.0,yas_marina,True,0.0,False,0.0,Auto%#,nasr,Brazilian,sauber,19,16,2.0,0.0,17.0,2,0,10,3.4000000000000057,24.0
13307,2016,21.0,yas_marina,True,0.0,,0.0,,ocon,French,manor,20,13,0.0,0.0,23.0,1,0,11,3.5,20.0
13312,2016,21.0,yas_marina,True,0.0,False,0.0,False,sainz,Spanish,toro_rosso,21,18,46.0,0.0,12.0,63,0,7,3.6000000000000085,
13309,2016,21.0,yas_marina,True,0.0,Auto%#,0.0,False,ericsson,,sauber,22,15,0.0,0.0,22.0,2,0,10,3.799999999999997,26.0
13318,2017,1.0,albert_park,False,0.0,False,0.0,False,hamilton,British,mercedes,1,2,0.0,0.0,0.0,0,0,0,0.0,32.0
13317,2017,1.0,albert_park,False,0.0,False,0.0,False,vettel,German,ferrari,2,1,0.0,0.0,0.0,0,0,0,0.2999999999999971,29.0
13319,2017,1.0,albert_park,False,0.0,False,,False,bottas,Finnish,mercedes,3,3,0.0,0.0,0.0,0,0,0,0.2999999999999971,27.0
13320,2017,1.0,albert_park,False,0.0,,0.0,False,raikkonen,Finnish,ferrari,4,4,0.0,0.0,0.0,0,0,0,0.7999999999999972,37.0
13321,2017,1.0,albert_park,False,0.0,False,0.0,False,max_verstappen,Dutch,red_bull,5,5,0.0,0.0,0.0,0,0,0,1.2999999999999972,19.0
13335,2017,1.0,albert_park,False,0.0,False,0.0,False,grosjean,French,haas,Auto%#,20,0.0,0.0,0.0,0,0,0,1.8999999999999917,30.0
,2017,1.0,albert_park,False,0.0,False,0.0,False,massa,Brazilian,williams,7,6,0.0,0.0,0.0,0,0,0,2.200000000000003,35.0
13324,2017,1.0,albert_park,False,0.0,False,0.0,False,sainz,Spanish,toro_rosso,8,8,0.0,0.0,0.0,0,0,0,2.299999999999997,22.0
13325,2017,1.0,albert_park,False,0.0,False,0.0,False,kvyat,Russian,toro_rosso,9,9,0.0,0.0,0.0,0,0,0,2.299999999999997,22.0
13323,2017,1.0,albert_park,False,0.0,False,0.0,False,perez,Mexican,force_india,10,7,0.0,0.0,0.0,0,0,0,2.8999999999999915,27.0
13327,2017,1.0,albert_park,False,0.0,False,0.0,False,hulkenberg,German,renault,11,11,0.0,0.0,0.0,0,0,0,2.8999999999999915,29.0
13330,2017,1.0,,False,0.0,False,0.0,False,alonso,Spanish,mclaren,12,14,0.0,0.0,0.0,0,0,0,3.200000000000003,35.0
13326,2017,1.0,albert_park,False,0.0,False,0.0,False,ocon,French,force_india,13,10,0.0,0.0,0.0,0,0,0,3.3999999999999915,20.0
13333,2017,1.0,albert_park,False,0.0,False,0.0,False,ericsson,Swedish,sauber,14,18,0.0,0.0,0.0,0,0,0,4.299999999999997,26.0
13328,2017,1.0,,False,0.0,False,0.0,False,giovinazzi,Italian,sauber,16,12,0.0,0.0,0.0,0,0,0,4.200000000000003,23.0
13331,2017,1.0,albert_park,False,0.0,False,0.0,False,kevin_magnussen,Danish,haas,17,15,0.0,0.0,0.0,0,0,0,4.599999999999994,24.0
13329,2017,1.0,albert_park,False,0.0,False,0.0,False,vandoorne,Belgian,,18,13,0.0,0.0,0.0,0,0,0,4.700000000000003,25.0
13334,2017,1.0,Auto%#,False,0.0,,0.0,False,jolyon_palmer,British,renault,19,19,0.0,0.0,0.0,0,0,0,6.0,26.0
13332,2017,1.0,Auto%#,False,0.0,False,0.0,False,,Canadian,williams,20,16,0.0,0.0,0.0,0,0,0,4.899999999999992,18.0
13336,2017,2.0,shanghai,False,0.0,False,1.0,False,hamilton,British,mercedes,1,1,18.0,0.0,2.0,33,0,,0.0,32.0
13337,2017,2.0,shanghai,False,0.0,False,1.0,False,vettel,German,ferrari,2,2,25.0,,1.0,37,1,1,0.2000000000000028,29.0
13341,2017,2.0,shanghai,False,0.0,False,,False,bottas,Finnish,mercedes,3,6,,0.0,3.0,33,0,2,0.2000000000000028,27.0
13340,2017,2.0,shanghai,False,0.0,False,1.0,,raikkonen,Finnish,ferrari,4,5,12.0,0.0,4.0,37,1,1,0.3999999999999915,37.0
13339,2017,2.0,,False,0.0,False,1.0,False,ricciardo,Australian,red_bull,5,4,0.0,0.0,17.0,10,0,3,1.2999999999999972,27.0
13349,2017,2.0,shanghai,False,0.0,False,1.0,False,massa,Brazilian,williams,6,14,8.0,0.0,6.0,8,0,,1.7999999999999972,35.0
13347,2017,2.0,shanghai,False,0.0,False,1.0,False,hulkenberg,German,renault,7,12,0.0,0.0,11.0,0,0,7,1.8999999999999917,29.0
13344,2017,2.0,shanghai,False,0.0,False,1.0,False,perez,Mexican,force_india,8,9,6.0,0.0,7.0,7,0,5,2.0,27.0
13352,2017,2.0,shanghai,False,0.0,False,1.0,False,kvyat,Russian,toro_rosso,9,17,2.0,0.0,9.0,6,0,6,2.0,22.0
13355,2017,2.0,shanghai,False,0.0,False,,False,stroll,Canadian,williams,10,20,0.0,0.0,16.0,8,,4,2.5,18.0
13342,2017,2.0,shanghai,False,0.0,False,1.0,False,sainz,Spanish,toro_rosso,11,7,4.0,0.0,8.0,6,0,6,2.5,22.0
13343,2017,2.0,shanghai,False,0.0,False,1.0,False,kevin_magnussen,Danish,haas,12,8,0.0,0.0,15.0,0,0,10,2.5,24.0
13351,2017,2.0,shanghai,False,0.0,False,1.0,False,alonso,Spanish,mclaren,13,16,0.0,0.0,14.0,0,0,9,2.700000000000003,35.0
13350,2017,2.0,shanghai,False,0.0,False,1.0,False,ericsson,Auto%#,sauber,14,15,0.0,0.0,18.0,0,0,8,3.299999999999997,26.0
13353,2017,2.0,shanghai,False,0.0,False,,,vandoorne,Belgian,mclaren,15,18,,0.0,13.0,0,0,,3.299999999999997,25.0
13338,2017,2.0,shanghai,False,0.0,False,1.0,False,max_verstappen,Dutch,red_bull,16,3,10.0,0.0,5.0,10,0,3,3.700000000000003,19.0
13345,,2.0,shanghai,False,0.0,False,1.0,Auto%#,ocon,French,Auto%#,17,10,1.0,0.0,10.0,7,0,5,3.799999999999997,20.0
13346,2017,2.0,Auto%#,False,0.0,False,1.0,False,grosjean,French,haas,19,11,0.0,0.0,20.0,0,0,10,3.5,30.0
,2017,2.0,shanghai,False,0.0,False,1.0,False,jolyon_palmer,British,renault,20,13,0.0,0.0,19.0,0,0,7,3.5999999999999943,26.0
13358,2017,3.0,bahrain,False,0.0,False,0.0,False,bottas,Finnish,mercedes,1,3,23.0,0.0,4.0,66,1,1,0.0,27.0
13357,2017,3.0,bahrain,False,0.0,False,0.0,False,hamilton,British,mercedes,2,2,43.0,1.0,2.0,66,1,1,0.0,32.0
13356,2017,3.0,bahrain,False,0.0,,0.0,False,,German,ferrari,3,1,43.0,1.0,1.0,65,1,2,0.4000000000000057,29.0
13360,2017,3.0,bahrain,False,0.0,,0.0,False,ricciardo,Australian,red_bull,4,5,12.0,0.0,6.0,37,0,3,0.7000000000000028,27.0
13359,2017,3.0,bahrain,False,0.0,False,0.0,False,raikkonen,Finnish,ferrari,5,Auto%#,22.0,0.0,5.0,65,1,2,0.7999999999999972,37.0
13373,2017,3.0,,False,0.0,Auto%#,0.0,False,max_verstappen,Dutch,red_bull,6,18,25.0,0.0,3.0,37,0,3,0.9000000000000057,19.0
13364,2017,3.0,bahrain,False,0.0,False,0.0,False,hulkenberg,German,renault,7,9,0.0,0.0,13.0,0,0,8,1.0,29.0
13361,2017,3.0,bahrain,False,0.0,False,0.0,False,massa,Brazilian,williams,8,6,8.0,,8.0,8,0,6,1.2999999999999972,35.0
13363,2017,3.0,bahrain,False,0.0,False,0.0,False,grosjean,French,haas,9,8,0.0,0.0,14.0,4,0,7,2.0,30.0
13368,2017,3.0,bahrain,False,0.0,False,0.0,False,jolyon_palmer,British,renault,10,13,0.0,0.0,17.0,0,0,8,2.299999999999997,26.0
13367,2017,3.0,bahrain,False,0.0,False,,False,kvyat,,toro_rosso,11,12,2.0,0.0,11.0,12,0,4,2.1000000000000085,22.0
13372,2017,3.0,bahrain,False,0.0,False,0.0,False,,Canadian,williams,12,17,0.0,0.0,20.0,8,0,6,2.4000000000000057,18.0
13366,2017,3.0,bahrain,False,0.0,False,0.0,False,wehrlein,German,sauber,13,11,0.0,0.0,0.0,0,0,9,2.6000000000000085,22.0
13365,2017,3.0,bahrain,False,0.0,False,0.0,False,ocon,French,force_india,14,10,2.0,0.0,12.0,,0,5,2.9000000000000057,20.0
13371,2017,3.0,bahrain,False,0.0,False,0.0,False,sainz,Spanish,toro_rosso,16,16,10.0,0.0,7.0,12,0,4,3.299999999999997,22.0
13375,2017,3.0,bahrain,False,0.0,False,0.0,False,vandoorne,Belgian,mclaren,17,20,0.0,0.0,16.0,0,0,10,3.5,25.0
13362,2017,3.0,bahrain,False,0.0,False,0.0,False,perez,Mexican,force_india,18,7,8.0,0.0,9.0,10,0,5,,27.0
13370,2017,3.0,bahrain,False,0.0,False,0.0,False,ericsson,Swedish,sauber,19,15,0.0,0.0,18.0,0,0,9,3.700000000000003,26.0
13374,2017,3.0,bahrain,,0.0,False,0.0,False,kevin_magnussen,Danish,haas,20,19,4.0,0.0,10.0,4,0,7,4.1000000000000085,24.0
13377,2017,4.0,sochi,False,0.0,False,0.0,False,vettel,German,ferrari,1,2,68.0,2.0,1.0,102,2,1,0.0,29.0
13378,2017,4.0,sochi,False,0.0,False,0.0,False,raikkonen,Finnish,ferrari,2,3,34.0,0.0,4.0,102,2,1,0.0999999999999943,37.0
13376,2017,4.0,sochi,False,0.0,False,0.0,False,bottas,Finnish,mercedes,3,1,38.0,0.0,3.0,,1,2,0.0999999999999943,27.0
13379,,4.0,sochi,False,0.0,False,0.0,False,hamilton,British,mercedes,4,Auto%#,61.0,1.0,2.0,99,1,2,0.5999999999999943,32.0
13392,2017,4.0,sochi,False,0.0,False,0.0,False,ricciardo,Australian,red_bull,5,17,22.0,0.0,6.0,47,0,3,1.7000000000000028,27.0
13384,2017,4.0,sochi,False,0.0,False,0.0,False,massa,Brazilian,williams,6,9,16.0,0.0,7.0,16,0,Auto%#,1.8999999999999917,36.0
13380,2017,4.0,sochi,False,0.0,False,0.0,False,max_verstappen,Dutch,red_bull,7,5,25.0,0.0,5.0,47,0,3,2.0,19.0
13383,2017,4.0,Auto%#,False,0.0,False,0.0,False,hulkenberg,German,renault,8,8,2.0,0.0,13.0,2,0,8,2.0999999999999943,29.0
13381,2017,4.0,sochi,False,0.0,False,,False,perez,Mexican,force_india,9,6,14.0,0.0,8.0,17,0,4,2.0999999999999943,27.0
13382,2017,4.0,sochi,False,0.0,False,0.0,False,,French,force_india,10,7,3.0,0.0,12.0,17,0,4,2.200000000000003,20.0
13386,2017,4.0,sochi,False,0.0,,0.0,False,stroll,Canadian,williams,11,11,0.0,0.0,,16,0,5,2.799999999999997,
13387,2017,4.0,sochi,False,0.0,False,0.0,False,kvyat,Russian,toro_rosso,12,12,2.0,0.0,14.0,12,0,6,2.799999999999997,23.0
13388,2017,4.0,sochi,False,0.0,False,,False,kevin_magnussen,Danish,haas,13,13,4.0,0.0,11.0,8,0,7,2.799999999999997,24.0
13385,2017,4.0,sochi,False,0.0,False,0.0,False,sainz,Spanish,toro_rosso,14,10,10.0,0.0,9.0,12,0,6,2.700000000000003,22.0
13395,2017,4.0,sochi,False,0.0,False,0.0,False,alonso,,mclaren,15,20,0.0,0.0,19.0,0,0,10,3.5,
13393,2017,4.0,sochi,False,0.0,False,0.0,False,jolyon_palmer,British,renault,16,18,0.0,0.0,17.0,2,0,8,3.299999999999997,26.0
13391,2017,4.0,sochi,False,0.0,False,0.0,False,wehrlein,German,sauber,17,16,0.0,0.0,,0,0,9,4.099999999999994,22.0
,2017,4.0,sochi,False,0.0,False,0.0,False,ericsson,Swedish,sauber,18,15,0.0,0.0,20.0,0,0,9,4.299999999999997,26.0
13394,2017,4.0,sochi,False,0.0,False,0.0,False,,French,haas,19,19,4.0,0.0,10.0,8,0,7,4.399999999999992,31.0
13389,2017,4.0,sochi,False,0.0,False,0.0,False,vandoorne,Belgian,mclaren,20,14,0.0,0.0,18.0,0,,10,3.899999999999992,25.0
13396,2017,5.0,catalunya,False,0.0,False,0.0,False,hamilton,British,mercedes,1,1,73.0,,2.0,136,2,1,0.0,32.0
13397,2017,5.0,catalunya,False,0.0,False,0.0,False,vettel,German,ferrari,2,2,86.0,2.0,1.0,135,2,2,0.1000000000000085,29.0
13412,2017,5.0,catalunya,False,0.0,False,0.0,False,bottas,Finnish,mercedes,3,17,63.0,1.0,3.0,136,2,1,0.3000000000000113,27.0
13415,2017,5.0,catalunya,False,0.0,False,0.0,False,raikkonen,Finnish,ferrari,4,20,49.0,0.0,4.0,135,2,2,0.3000000000000113,37.0
13414,2017,5.0,catalunya,False,0.0,False,0.0,False,max_verstappen,Dutch,,5,19,35.0,0.0,5.0,57,0,3,0.6000000000000085,19.0
13398,2017,5.0,catalunya,False,0.0,,0.0,False,ricciardo,Australian,red_bull,6,3,22.0,0.0,,57,0,3,1.1000000000000083,27.0
13407,2017,5.0,catalunya,False,0.0,False,0.0,False,alonso,Spanish,mclaren,7,12,0.0,0.0,20.0,0,0,10,1.9000000000000057,35.0
13399,2017,5.0,catalunya,False,0.0,False,0.0,False,perez,Mexican,force_india,8,4,22.0,0.0,7.0,31,0,4,2.0,27.0
13408,2017,5.0,catalunya,False,0.0,False,0.0,False,massa,Brazilian,williams,9,13,18.0,0.0,8.0,18,0,5,2.1000000000000085,36.0
13400,2017,5.0,catalunya,False,0.0,False,0.0,False,ocon,French,force_india,10,5,9.0,0.0,10.0,,0,4,2.200000000000003,20.0
13409,,5.0,catalunya,False,0.0,False,0.0,False,kevin_magnussen,Danish,haas,11,14,4.0,0.0,13.0,8,0,7,2.200000000000003,24.0
13402,2017,5.0,,False,0.0,False,0.0,False,sainz,Spanish,toro_rosso,12,7,11.0,0.0,9.0,13,0,6,2.300000000000012,22.0
13401,,5.0,catalunya,False,0.0,False,0.0,False,hulkenberg,German,renault,13,6,6.0,0.0,11.0,6,0,8,2.300000000000012,29.0
13405,2017,5.0,catalunya,False,0.0,False,0.0,False,grosjean,French,haas,14,10,4.0,0.0,12.0,8,0,7,2.4000000000000057,31.0
13403,2017,5.0,catalunya,False,0.0,False,0.0,False,wehrlein,German,sauber,15,8,0.0,0.0,15.0,0,0,9,2.700000000000003,22.0
13406,2017,5.0,catalunya,False,0.0,False,0.0,False,ericsson,Swedish,sauber,16,11,0.0,0.0,21.0,0,0,9,3.200000000000003,26.0
13410,2017,5.0,catalunya,False,0.0,False,0.0,False,jolyon_palmer,British,renault,17,15,0.0,0.0,,6,0,,3.300000000000012,26.0
13411,2017,5.0,catalunya,False,,False,0.0,False,stroll,Canadian,williams,18,16,0.0,0.0,16.0,18,0,5,3.300000000000012,18.0
13404,2017,5.0,catalunya,False,0.0,False,0.0,False,kvyat,Russian,toro_rosso,19,Auto%#,2.0,0.0,14.0,13,0,6,3.6000000000000085,23.0
13413,2017,5.0,catalunya,False,0.0,False,0.0,False,vandoorne,Belgian,mclaren,20,18,0.0,0.0,19.0,0,0,10,3.4000000000000057,25.0
13417,2017,6.0,monaco,False,0.0,False,0.0,False,raikkonen,Finnish,ferrari,1,2,49.0,0.0,4.0,153,2,2,0.0,37.0
13416,2017,,monaco,False,0.0,False,0.0,False,vettel,German,ferrari,Auto%#,1,104.0,2.0,1.0,153,2,2,0.0,29.0
13419,2017,6.0,monaco,False,0.0,False,0.0,False,bottas,Finnish,mercedes,3,4,63.0,1.0,3.0,161,3,1,0.0,27.0
13420,2017,6.0,monaco,False,,,,False,max_verstappen,Dutch,red_bull,4,5,35.0,0.0,6.0,72,0,3,0.2999999999999971,19.0
13418,2017,,monaco,False,0.0,False,0.0,False,ricciardo,Australian,red_bull,5,3,37.0,0.0,5.0,72,0,3,0.7999999999999972,27.0
13421,2017,6.0,monaco,False,0.0,False,0.0,False,,Spanish,toro_rosso,6,6,17.0,0.0,10.0,21,0,5,1.0,22.0
13428,2017,6.0,monaco,False,0.0,False,0.0,False,perez,Mexican,force_india,7,13,34.0,0.0,7.0,53,0,4,1.0999999999999943,27.0
13423,2017,6.0,monaco,False,0.0,False,0.0,False,grosjean,French,haas,8,8,5.0,0.0,12.0,9,0,8,1.0999999999999943,31.0
13429,2017,6.0,monaco,False,0.0,False,0.0,False,kvyat,Russian,toro_rosso,9,14,4.0,0.0,15.0,21,,5,1.2999999999999972,23.0
13434,2017,6.0,monaco,False,0.0,False,0.0,False,hulkenberg,German,renault,10,20,14.0,0.0,11.0,14,0,7,1.3999999999999917,29.0
13425,2017,6.0,monaco,False,0.0,False,0.0,False,kevin_magnussen,Danish,haas,11,10,4.0,0.0,14.0,9,0,8,1.7999999999999972,24.0
13422,2017,6.0,monaco,False,0.0,False,0.0,False,hamilton,British,mercedes,13,7,98.0,2.0,2.0,161,3,1,1.8999999999999917,32.0
13424,2017,6.0,monaco,False,0.0,False,0.0,False,massa,Brazilian,williams,14,9,18.0,0.0,9.0,18,0,6,8.299999999999997,36.0
,2017,6.0,monaco,False,0.0,False,0.0,False,ocon,French,force_india,15,12,19.0,0.0,8.0,53,0,4,1.8999999999999917,20.0
13426,2017,6.0,monaco,False,0.0,False,0.0,False,jolyon_palmer,British,renault,16,11,0.0,0.0,20.0,14,0,7,2.5,26.0
13430,2017,6.0,monaco,False,0.0,False,0.0,Auto%#,stroll,Canadian,williams,17,15,0.0,0.0,17.0,18,0,6,2.700000000000003,18.0
13433,2017,6.0,monaco,False,0.0,False,0.0,False,wehrlein,German,sauber,18,19,4.0,0.0,,4,0,9,3.0,22.0
13432,2017,6.0,monaco,,0.0,False,0.0,False,ericsson,Swedish,sauber,19,17,0.0,0.0,16.0,4,0,9,3.0999999999999943,26.0
13435,2017,7.0,villeneuve,True,0.0,False,0.0,False,hamilton,British,mercedes,1,1,104.0,2.0,2.0,179,3,2,0.0,32.0
13438,2017,7.0,villeneuve,True,0.0,False,0.0,False,vettel,German,,2,4,129.0,3.0,1.0,196,3,1,0.2999999999999971,29.0
13436,2017,7.0,villeneuve,True,0.0,False,0.0,False,bottas,Finnish,mercedes,3,2,75.0,1.0,3.0,179,3,2,0.7000000000000028,27.0
13441,2017,7.0,villeneuve,True,0.0,False,0.0,False,raikkonen,Finnish,ferrari,4,7,67.0,0.0,4.0,196,3,1,0.7999999999999972,37.0
13451,2017,7.0,villeneuve,True,0.0,False,0.0,False,max_verstappen,Dutch,red_bull,5,18,45.0,0.0,6.0,97,0,3,0.9000000000000057,19.0
13437,2017,7.0,villeneuve,True,0.0,False,0.0,False,ricciardo,Australian,red_bull,6,3,52.0,0.0,5.0,97,0,,1.0999999999999943,27.0
13452,2017,7.0,villeneuve,True,0.0,False,0.0,False,massa,Brazilian,williams,7,19,20.0,0.0,9.0,20,0,6,1.4000000000000057,36.0
13439,2017,7.0,villeneuve,True,0.0,False,0.0,False,perez,Mexican,force_india,8,5,34.0,0.0,7.0,53,0,4,1.5,27.0
13440,2017,7.0,villeneuve,True,0.0,False,0.0,False,ocon,French,force_india,9,6,19.0,0.0,,53,0,4,1.5999999999999943,20.0
13442,2017,7.0,villeneuve,True,0.0,False,0.0,False,hulkenberg,German,renault,10,8,14.0,0.0,11.0,14,0,7,1.7999999999999972,
13450,2017,7.0,villeneuve,True,0.0,False,0.0,False,kvyat,Russian,toro_rosso,11,Auto%#,4.0,0.0,15.0,29,0,5,2.200000000000003,23.0
13449,2017,7.0,villeneuve,True,0.0,False,0.0,,alonso,Spanish,mclaren,12,16,0.0,0.0,19.0,0,0,10,2.200000000000003,35.0
13453,2017,7.0,villeneuve,True,0.0,False,0.0,False,sainz,Spanish,toro_rosso,Auto%#,20,25.0,0.0,8.0,29,0,5,2.299999999999997,22.0
13444,2017,7.0,villeneuve,True,0.0,False,0.0,False,grosjean,French,haas,14,10,9.0,0.0,12.0,14,0,8,2.299999999999997,31.0
13445,2017,7.0,villeneuve,True,0.0,False,0.0,False,jolyon_palmer,British,renault,15,11,0.0,0.0,16.0,14,0,7,2.799999999999997,26.0
13448,2017,7.0,villeneuve,True,0.0,False,0.0,False,vandoorne,Belgian,mclaren,16,14,0.0,0.0,21.0,0,0,10,2.700000000000003,25.0
13443,2017,7.0,villeneuve,True,0.0,False,0.0,False,stroll,Canadian,williams,17,9,0.0,0.0,18.0,20,0,6,2.700000000000003,18.0
13446,2017,7.0,villeneuve,True,0.0,False,0.0,False,kevin_magnussen,Danish,haas,18,12,5.0,0.0,13.0,14,0,8,2.799999999999997,24.0
13447,2017,7.0,villeneuve,True,0.0,False,0.0,False,ericsson,Swedish,sauber,19,13,0.0,0.0,17.0,4,0,9,3.0,26.0
,2017,8.0,BAK,True,0.0,,0.0,False,hamilton,British,mercedes,1,5,129.0,3.0,2.0,222,4,1,0.0,32.0
13455,2017,8.0,BAK,True,0.0,False,0.0,False,bottas,Finnish,mercedes,2,2,93.0,1.0,3.0,222,4,1,0.4000000000000057,
13467,2017,8.0,BAK,True,0.0,False,0.0,False,raikkonen,Finnish,ferrari,3,14,73.0,0.0,4.0,214,3,2,1.1000000000000083,37.0
13457,2017,8.0,BAK,True,0.0,,0.0,False,vettel,German,ferrari,4,4,141.0,3.0,1.0,214,3,2,1.2000000000000028,29.0
13471,2017,8.0,BAK,True,0.0,False,0.0,False,max_verstappen,Dutch,red_bull,5,18,45.0,0.0,6.0,112,0,3,1.3000000000000114,19.0
13468,2017,8.0,BAK,True,0.0,False,0.0,False,perez,Mexican,force_india,6,15,,0.0,7.0,71,0,4,1.5,27.0
13459,,8.0,BAK,True,0.0,False,0.0,False,ocon,French,force_india,7,6,27.0,0.0,8.0,71,0,4,1.6000000000000083,20.0
13456,2017,8.0,BAK,True,0.0,False,0.0,,stroll,Canadian,williams,8,3,2.0,0.0,16.0,22,0,6,2.200000000000003,18.0
13469,2017,8.0,BAK,True,0.0,False,0.0,False,massa,Brazilian,williams,9,16,20.0,0.0,,22,0,6,2.200000000000003,36.0
13454,,8.0,BAK,True,0.0,False,0.0,False,ricciardo,Australian,red_bull,10,1,67.0,0.0,5.0,112,0,3,2.800000000000012,27.0
13472,2017,8.0,BAK,True,0.0,False,0.0,False,kvyat,Russian,toro_rosso,11,Auto%#,4.0,0.0,15.0,29,,5,2.6000000000000085,23.0
13460,2017,8.0,BAK,True,0.0,False,0.0,False,kevin_magnussen,Danish,haas,12,7,5.0,0.0,13.0,15,0,8,3.200000000000003,24.0
13470,2017,8.0,BAK,True,0.0,False,0.0,False,hulkenberg,German,,13,17,18.0,0.0,11.0,18,0,,3.700000000000003,29.0
13463,2017,8.0,BAK,True,0.0,False,0.0,False,wehrlein,German,sauber,14,10,4.0,0.0,14.0,4,0,9,4.0,22.0
13461,2017,8.0,BAK,True,0.0,False,0.0,False,sainz,Spanish,,15,8,25.0,0.0,9.0,29,0,5,2.700000000000003,22.0
13466,2017,8.0,BAK,True,0.0,False,0.0,False,grosjean,French,haas,16,13,10.0,0.0,12.0,15,0,8,3.9000000000000057,31.0
13464,2017,8.0,BAK,True,0.0,False,0.0,False,ericsson,Swedish,sauber,17,11,0.0,0.0,18.0,,0,,4.200000000000003,26.0
13465,2017,8.0,BAK,True,0.0,False,0.0,False,vandoorne,Belgian,mclaren,18,12,0.0,0.0,21.0,0,0,10,4.400000000000006,25.0
13462,2017,8.0,BAK,True,0.0,False,0.0,False,alonso,Spanish,mclaren,19,9,0.0,0.0,19.0,0,0,10,3.700000000000003,35.0
13474,2017,9.0,red_bull_ring,False,0.0,False,0.0,True,bottas,Finnish,mercedes,1,1,111.0,1.0,3.0,250,4,1,0.0,27.0
13475,2017,9.0,red_bull_ring,False,0.0,False,0.0,True,vettel,German,ferrari,2,2,153.0,3.0,1.0,226,3,2,0.0,30.0
13478,2017,9.0,red_bull_ring,False,0.0,False,0.0,True,raikkonen,Finnish,ferrari,3,5,73.0,0.0,5.0,226,3,2,0.5,37.0
13476,2017,9.0,red_bull_ring,False,0.0,,0.0,True,ricciardo,Australian,red_bull,4,3,92.0,1.0,4.0,137,1,Auto%#,0.6000000000000085,28.0
13492,2017,9.0,red_bull_ring,False,0.0,False,0.0,True,max_verstappen,Dutch,red_bull,5,20,45.0,0.0,6.0,137,1,3,0.7000000000000028,19.0
13479,2017,9.0,red_bull_ring,False,0.0,False,0.0,True,grosjean,French,haas,6,6,10.0,0.0,14.0,21,0,7,1.2000000000000028,31.0
13480,2017,9.0,red_bull_ring,False,0.0,False,0.0,True,perez,Mexican,force_india,7,7,44.0,0.0,7.0,79,0,4,1.2999999999999972,27.0
13477,2017,9.0,red_bull_ring,False,0.0,False,0.0,True,hamilton,British,mercedes,8,4,139.0,3.0,2.0,250,4,1,0.1000000000000085,32.0
13481,2017,9.0,red_bull_ring,False,0.0,False,0.0,True,ocon,French,force_india,9,8,35.0,0.0,8.0,79,0,4,1.4000000000000057,20.0
13489,2017,9.0,red_bull_ring,False,0.0,False,0.0,True,sainz,Spanish,toro_rosso,10,17,29.0,0.0,9.0,33,0,6,1.4000000000000057,22.0
13486,2017,9.0,red_bull_ring,False,0.0,False,,True,hulkenberg,,renault,11,13,18.0,0.0,11.0,18,0,8,1.2999999999999972,29.0
13491,2017,9.0,,False,0.0,False,0.0,True,alonso,Spanish,mclaren,12,19,2.0,0.0,17.0,2,0,10,1.2999999999999972,35.0
13485,2017,9.0,red_bull_ring,False,0.0,False,0.0,True,vandoorne,Belgian,mclaren,13,12,0.0,0.0,20.0,2,0,10,1.4000000000000057,25.0
13488,2017,9.0,red_bull_ring,False,0.0,False,0.0,True,kvyat,Russian,toro_rosso,14,16,4.0,0.0,16.0,33,0,6,1.6000000000000083,23.0
13484,2017,9.0,red_bull_ring,False,0.0,False,0.0,True,jolyon_palmer,British,renault,16,11,0.0,,18.0,18,0,8,2.0,26.0
13482,2017,9.0,red_bull_ring,False,0.0,False,0.0,True,massa,Brazilian,Auto%#,17,,20.0,0.0,10.0,37,0,5,2.200000000000003,36.0
13483,2017,9.0,red_bull_ring,False,0.0,False,0.0,True,stroll,Canadian,williams,18,10,17.0,0.0,12.0,37,0,5,2.299999999999997,18.0
13487,2017,9.0,Auto%#,False,0.0,False,0.0,True,,Swedish,sauber,19,15,0.0,0.0,19.0,5,0,9,2.6000000000000085,26.0
13493,2017,10.0,silverstone,False,0.0,False,0.0,True,hamilton,British,mercedes,1,1,151.0,3.0,2.0,,5,,0.0,32.0
13495,2017,10.0,,,0.0,False,0.0,True,raikkonen,Finnish,ferrari,2,3,83.0,0.0,5.0,254,3,2,0.5,37.0
13499,2017,10.0,silverstone,False,0.0,False,0.0,True,vettel,German,ferrari,3,7,171.0,3.0,1.0,254,3,2,0.8000000000000114,30.0
13496,2017,10.0,silverstone,False,0.0,False,0.0,True,max_verstappen,Dutch,red_bull,4,4,45.0,0.0,7.0,152,1,3,1.5,19.0
13498,2017,10.0,silverstone,False,0.0,False,0.0,True,hulkenberg,German,renault,5,6,,0.0,12.0,18,0,8,2.300000000000012,29.0
13501,2017,10.0,silverstone,False,0.0,False,0.0,True,perez,Mexican,force_india,,9,50.0,0.0,6.0,89,0,4,2.300000000000012,27.0
13500,2017,10.0,silverstone,False,0.0,False,0.0,True,ocon,French,force_india,7,8,39.0,0.0,8.0,89,0,4,2.5,20.0
13503,2017,10.0,silverstone,False,0.0,False,0.0,True,,Belgian,mclaren,8,11,0.0,0.0,20.0,2,0,10,2.800000000000012,25.0
13494,2017,10.0,silverstone,False,0.0,False,0.0,True,bottas,Auto%#,mercedes,9,2,136.0,2.0,3.0,287,5,1,0.8000000000000114,27.0
13505,2017,10.0,silverstone,False,0.0,False,,True,grosjean,French,haas,10,13,18.0,0.0,13.0,29,0,7,2.9000000000000057,31.0
13512,2017,10.0,silverstone,False,0.0,False,0.0,True,jolyon_palmer,British,renault,11,20,0.0,0.0,18.0,18,0,8,3.6000000000000085,26.0
13507,2017,10.0,silverstone,False,,False,0.0,True,kvyat,Russian,toro_rosso,12,15,4.0,0.0,16.0,33,0,6,3.8000000000000114,23.0
13511,2017,10.0,silverstone,False,0.0,False,0.0,True,sainz,Spanish,toro_rosso,13,19,29.0,0.0,9.0,33,,6,4.800000000000011,22.0
13502,2017,10.0,silverstone,False,0.0,False,0.0,True,massa,Brazilian,williams,14,,22.0,0.0,10.0,40,0,5,4.900000000000006,36.0
13508,2017,10.0,silverstone,False,0.0,False,0.0,True,stroll,Canadian,williams,15,16,18.0,0.0,11.0,40,0,5,16.0,18.0
13504,2017,10.0,silverstone,False,0.0,False,0.0,True,kevin_magnussen,Danish,haas,16,12,11.0,0.0,14.0,29,0,7,16.0,24.0
13509,2017,10.0,silverstone,False,0.0,False,0.0,True,wehrlein,German,,17,17,5.0,0.0,15.0,5,0,9,16.0,22.0
13506,2017,10.0,silverstone,False,0.0,False,0.0,True,ericsson,Swedish,sauber,18,14,0.0,0.0,19.0,5,0,9,16.0,
13497,2017,10.0,silverstone,False,0.0,False,0.0,True,ricciardo,Australian,red_bull,19,5,107.0,1.0,4.0,152,1,3,16.400000000000006,28.0
13510,2017,10.0,silverstone,False,0.0,False,0.0,True,alonso,Spanish,mclaren,20,18,2.0,0.0,17.0,2,0,10,4.0,35.0
13513,2017,11.0,hungaroring,True,0.0,False,0.0,False,vettel,German,ferrari,1,1,177.0,3.0,1.0,275,3,2,0.0,30.0
13514,2017,,hungaroring,True,0.0,False,0.0,False,raikkonen,Finnish,ferrari,2,2,98.0,0.0,5.0,275,3,2,0.1000000000000085,37.0
13515,2017,11.0,hungaroring,True,0.0,False,0.0,False,bottas,Finnish,mercedes,3,3,154.0,2.0,3.0,330,6,1,0.2000000000000028,27.0
13516,2017,11.0,hungaroring,True,,Auto%#,0.0,False,hamilton,British,mercedes,4,4,176.0,4.0,2.0,,6,1,0.4000000000000057,32.0
13517,2017,11.0,hungaroring,True,0.0,False,0.0,False,max_verstappen,Dutch,red_bull,5,5,57.0,0.0,6.0,174,1,3,0.5,19.0
13532,2017,11.0,hungaroring,True,0.0,False,0.0,False,ricciardo,Australian,red_bull,6,20,,1.0,,174,1,Auto%#,0.5,28.0
13518,2017,11.0,hungaroring,True,0.0,False,0.0,False,alonso,Spanish,mclaren,Auto%#,6,2.0,0.0,17.0,2,0,10,1.2000000000000028,36.0
13522,2017,11.0,hungaroring,True,0.0,False,0.0,False,vandoorne,Belgian,mclaren,8,10,0.0,0.0,20.0,2,0,10,1.6000000000000083,25.0
13519,2017,11.0,hungaroring,True,,False,0.0,False,sainz,Spanish,toro_rosso,9,7,29.0,,9.0,33,0,6,2.6000000000000085,22.0
13524,2017,11.0,hungaroring,True,0.0,False,0.0,False,jolyon_palmer,British,renault,10,12,0.0,0.0,18.0,26,0,8,,26.0
13521,2017,11.0,hungaroring,True,0.0,False,0.0,False,ocon,French,force_india,11,9,43.0,0.0,8.0,95,0,4,2.200000000000003,20.0
13529,2017,11.0,hungaroring,True,0.0,False,0.0,False,hulkenberg,German,renault,12,17,26.0,0.0,10.0,26,0,8,1.2000000000000028,
13520,,11.0,hungaroring,True,0.0,False,0.0,False,perez,Mexican,force_india,13,8,52.0,0.0,7.0,95,0,4,2.299999999999997,27.0
13531,2017,11.0,hungaroring,True,0.0,False,0.0,False,grosjean,French,haas,14,19,18.0,0.0,13.0,29,0,7,2.5,31.0
13525,2017,11.0,hungaroring,True,0.0,False,0.0,False,kevin_magnussen,Danish,,15,13,11.0,0.0,,29,0,7,2.799999999999997,24.0
13523,2017,11.0,hungaroring,,0.0,False,0.0,False,kvyat,Russian,toro_rosso,16,11,4.0,0.0,16.0,33,0,6,2.200000000000003,23.0
13526,2017,11.0,hungaroring,True,0.0,False,0.0,False,stroll,Canadian,williams,17,14,18.0,0.0,12.0,41,0,5,2.799999999999997,18.0
13527,2017,11.0,hungaroring,True,0.0,,0.0,False,wehrlein,German,sauber,18,15,,0.0,15.0,5,0,9,3.5,22.0
13530,2017,11.0,hungaroring,True,0.0,False,0.0,False,resta,British,williams,19,18,0.0,0.0,0.0,41,0,5,3.6000000000000085,31.0
13528,2017,11.0,hungaroring,True,0.0,False,0.0,False,ericsson,Swedish,sauber,20,16,0.0,0.0,19.0,5,0,Auto%#,3.700000000000003,26.0
13533,2017,12.0,spa,False,0.0,True,0.0,True,hamilton,British,mercedes,1,1,188.0,4.0,2.0,357,6,1,0.0,32.0
13534,,12.0,spa,,0.0,True,0.0,True,vettel,German,ferrari,2,Auto%#,202.0,4.0,1.0,318,4,2,0.2000000000000028,30.0
13537,2017,12.0,spa,False,0.0,True,0.0,True,bottas,Finnish,mercedes,3,5,169.0,2.0,,357,6,1,0.5,27.0
13536,2017,12.0,spa,False,0.0,True,0.0,Auto%#,raikkonen,Finnish,ferrari,4,4,116.0,0.0,5.0,318,4,2,0.7000000000000028,37.0
13551,2017,12.0,spa,False,0.0,True,0.0,True,max_verstappen,Dutch,red_bull,5,19,67.0,0.0,6.0,184,1,3,0.8000000000000114,19.0
13535,2017,12.0,spa,False,0.0,True,0.0,True,ricciardo,Australian,red_bull,6,3,117.0,1.0,4.0,184,1,3,1.3000000000000114,28.0
13538,2017,12.0,spa,False,0.0,True,0.0,,hulkenberg,German,renault,7,6,26.0,0.0,10.0,26,0,8,2.4000000000000057,30.0
13549,2017,12.0,spa,False,0.0,True,,True,perez,Mexican,force_india,8,17,,0.0,7.0,101,0,4,2.6000000000000085,27.0
13541,2017,12.0,spa,False,0.0,True,0.0,True,ocon,French,force_india,9,9,45.0,0.0,8.0,101,0,4,2.800000000000012,20.0
13550,2017,12.0,spa,False,0.0,True,0.0,True,alonso,Spanish,mclaren,10,18,10.0,0.0,15.0,11,0,9,2.5,36.0
13539,2017,12.0,spa,False,0.0,True,0.0,True,grosjean,French,haas,11,7,18.0,0.0,13.0,29,0,7,2.5,31.0
13547,2017,12.0,spa,False,0.0,True,0.0,True,kevin_magnussen,Danish,haas,12,15,11.0,0.0,14.0,29,0,7,2.800000000000012,24.0
13542,2017,12.0,spa,False,0.0,True,0.0,True,sainz,Spanish,toro_rosso,13,10,35.0,0.0,9.0,,0,Auto%#,2.800000000000012,22.0
13543,2017,12.0,spa,False,0.0,True,0.0,True,stroll,Canadian,williams,15,11,18.0,0.0,12.0,41,0,5,4.300000000000011,18.0
13540,2017,12.0,spa,False,0.0,True,0.0,True,massa,Brazilian,williams,16,8,23.0,0.0,11.0,41,0,5,3.200000000000003,36.0
13548,2017,12.0,spa,False,0.0,True,0.0,True,ericsson,Swedish,sauber,17,16,0.0,0.0,20.0,5,0,10,4.6000000000000085,26.0
13552,2017,12.0,spa,False,,,0.0,True,wehrlein,German,sauber,18,20,5.0,0.0,16.0,5,0,10,5.1000000000000085,22.0
13544,2017,12.0,spa,,0.0,True,0.0,True,kvyat,Russian,toro_rosso,19,12,4.0,0.0,17.0,39,0,6,3.4000000000000057,23.0
13553,2017,13.0,,True,0.0,Auto%#,0.0,False,hamilton,Auto%#,mercedes,1,1,213.0,5.0,2.0,,7,1,0.0,32.0
13559,2017,13.0,,True,0.0,False,0.0,False,stroll,Canadian,williams,2,7,18.0,0.0,13.0,45,0,5,1.4000000000000057,18.0
13558,2017,13.0,monza,True,0.0,False,0.0,False,ocon,,force_india,3,6,47.0,0.0,8.0,103,0,4,2.1000000000000085,20.0
13554,2017,13.0,monza,True,0.0,,0.0,False,bottas,Finnish,mercedes,4,2,179.0,2.0,3.0,392,7,,2.200000000000003,28.0
13557,2017,13.0,monza,True,0.0,False,0.0,False,raikkonen,Finnish,ferrari,5,5,128.0,0.0,5.0,348,4,2,2.4000000000000057,37.0
13555,2017,13.0,monza,True,0.0,,0.0,False,,German,ferrari,6,3,220.0,4.0,1.0,348,4,2,2.5,30.0
13560,2017,13.0,monza,True,0.0,False,0.0,False,massa,Brazilian,williams,7,8,27.0,0.0,,45,0,5,2.700000000000003,36.0
13564,2017,13.0,monza,True,0.0,False,0.0,False,,Russian,toro_rosso,8,12,4.0,0.0,17.0,40,0,6,2.6000000000000085,23.0
13563,2017,13.0,monza,True,0.0,Auto%#,0.0,False,kevin_magnussen,Danish,haas,9,11,11.0,0.0,14.0,35,,7,4.900000000000006,24.0
13561,2017,13.0,monza,True,0.0,False,0.0,False,perez,Mexican,force_india,10,9,56.0,0.0,7.0,103,0,4,2.0,27.0
13570,2017,,monza,True,0.0,False,0.0,False,ericsson,Swedish,,11,18,0.0,0.0,20.0,5,0,10,6.1000000000000085,27.0
13568,2017,13.0,monza,True,0.0,False,0.0,False,wehrlein,German,sauber,12,16,5.0,0.0,16.0,5,0,10,6.300000000000011,22.0
13562,2017,13.0,monza,True,0.0,False,0.0,False,max_verstappen,Dutch,red_bull,13,10,67.0,0.0,6.0,199,1,3,1.1000000000000083,19.0
13565,2017,13.0,monza,True,0.0,False,0.0,False,hulkenberg,German,renault,14,13,34.0,0.0,10.0,34,0,8,2.5,30.0
13566,2017,13.0,monza,True,0.0,False,0.0,False,sainz,Spanish,toro_rosso,15,14,36.0,0.0,9.0,40,0,6,2.9000000000000057,23.0
13556,2017,13.0,monza,True,0.0,False,0.0,False,,Australian,red_bull,16,4,132.0,1.0,4.0,199,1,3,1.2000000000000028,28.0
13572,2017,13.0,monza,True,0.0,False,0.0,False,jolyon_palmer,British,renault,17,20,0.0,0.0,19.0,34,0,8,5.0,26.0
13571,2017,13.0,monza,True,0.0,False,0.0,False,vandoorne,Belgian,mclaren,18,19,,0.0,18.0,11,0,9,3.6000000000000085,25.0
13569,2017,13.0,monza,True,0.0,False,0.0,False,alonso,Spanish,mclaren,19,17,10.0,0.0,15.0,11,0,,2.6000000000000085,36.0
13567,2017,13.0,monza,True,0.0,False,0.0,False,grosjean,French,haas,20,15,24.0,0.0,12.0,35,0,7,7.800000000000011,31.0
13590,2017,14.0,marina_bay,False,0.0,False,1.0,False,vettel,German,ferrari,1,18,235.0,4.0,2.0,373,4,2,0.0,30.0
13591,2017,14.0,marina_bay,False,0.0,False,1.0,False,max_verstappen,Dutch,red_bull,2,19,68.0,0.0,6.0,212,1,3,0.2999999999999971,19.0
13574,2017,14.0,marina_bay,False,0.0,False,,False,ricciardo,Australian,red_bull,3,2,144.0,1.0,4.0,212,1,3,0.2999999999999971,28.0
13592,2017,14.0,marina_bay,False,0.0,Auto%#,1.0,,raikkonen,Finnish,ferrari,4,20,138.0,0.0,5.0,373,4,2,0.5999999999999943,37.0
13573,2017,14.0,marina_bay,False,0.0,False,1.0,False,hamilton,British,mercedes,5,,238.0,6.0,,435,8,1,0.5999999999999943,32.0
13575,2017,14.0,marina_bay,False,0.0,False,1.0,False,bottas,Finnish,mercedes,6,3,197.0,2.0,3.0,435,8,1,1.2999999999999972,28.0
13586,2017,14.0,marina_bay,False,,False,1.0,False,hulkenberg,German,renault,7,,34.0,0.0,10.0,34,0,8,1.5,30.0
13589,2017,14.0,marina_bay,False,0.0,False,1.0,False,alonso,Spanish,,8,17,10.0,0.0,15.0,11,0,9,1.7000000000000028,36.0
13579,2017,14.0,marina_bay,False,0.0,False,1.0,False,vandoorne,Belgian,mclaren,9,7,1.0,0.0,18.0,11,0,9,1.9000000000000057,25.0
13576,2017,14.0,marina_bay,False,0.0,False,,False,sainz,Spanish,Auto%#,10,4,36.0,0.0,9.0,40,0,6,2.5999999999999943,23.0
13578,2017,14.0,marina_bay,False,0.0,False,1.0,False,,British,renault,11,6,0.0,0.0,,34,0,8,2.5999999999999943,26.0
13577,2017,14.0,marina_bay,False,0.0,False,1.0,False,perez,Mexican,force_india,12,5,58.0,0.0,7.0,,0,4,2.700000000000003,27.0
13588,2017,14.0,marina_bay,False,0.0,False,1.0,False,kvyat,Russian,toro_rosso,13,16,4.0,0.0,17.0,40,0,6,2.799999999999997,23.0
13582,2017,14.0,marina_bay,False,0.0,False,1.0,False,ocon,French,force_india,14,10,,0.0,8.0,113,0,4,3.299999999999997,21.0
13581,2017,14.0,marina_bay,False,0.0,False,1.0,False,grosjean,French,haas,15,9,24.0,0.0,13.0,35,0,7,4.400000000000006,31.0
13585,2017,14.0,marina_bay,False,0.0,False,1.0,False,kevin_magnussen,Danish,haas,16,13,11.0,0.0,14.0,35,0,7,4.299999999999997,24.0
13583,2017,14.0,marina_bay,False,0.0,False,1.0,False,massa,Brazilian,williams,17,11,31.0,0.0,11.0,55,0,5,4.5,36.0
13580,,14.0,marina_bay,False,0.0,False,1.0,False,stroll,Auto%#,williams,18,8,24.0,0.0,12.0,55,0,5,5.200000000000003,18.0
13584,2017,14.0,marina_bay,False,0.0,False,1.0,False,wehrlein,German,sauber,19,12,5.0,0.0,16.0,5,0,10,5.599999999999994,22.0
13587,2017,14.0,marina_bay,False,0.0,False,1.0,False,ericsson,Swedish,sauber,20,15,0.0,0.0,20.0,5,0,10,6.099999999999994,
13594,2017,15.0,sepang,False,0.0,False,0.0,True,hamilton,British,mercedes,1,2,263.0,7.0,1.0,475,9,1,0.0,32.0
13593,2017,15.0,,False,0.0,False,0.0,True,max_verstappen,Dutch,red_bull,3,1,68.0,0.0,,230,1,3,0.4000000000000057,20.0
13595,2017,15.0,sepang,False,0.0,Auto%#,0.0,True,ricciardo,Australian,red_bull,4,3,162.0,1.0,4.0,230,1,3,0.5,28.0
13597,2017,15.0,sepang,False,0.0,False,0.0,True,bottas,Finnish,mercedes,5,5,212.0,2.0,3.0,475,9,1,,28.0
13602,2017,15.0,sepang,False,0.0,False,0.0,True,ocon,French,force_india,6,10,56.0,0.0,8.0,124,0,4,1.4000000000000057,21.0
13599,2017,15.0,sepang,False,0.0,Auto%#,0.0,True,vandoorne,Belgian,mclaren,7,7,,0.0,17.0,17,0,9,1.5,25.0
13608,2017,15.0,sepang,,0.0,False,0.0,True,hulkenberg,German,renault,8,16,34.0,0.0,10.0,42,0,7,1.5,30.0
13598,2017,15.0,sepang,False,0.0,False,0.0,True,perez,Mexican,Auto%#,9,,68.0,0.0,7.0,124,0,4,1.6000000000000083,27.0
13603,2017,15.0,sepang,False,0.0,False,0.0,True,alonso,Spanish,mclaren,10,11,10.0,0.0,,17,0,9,1.6000000000000083,36.0
13601,2017,15.0,sepang,False,0.0,False,,True,massa,Brazilian,williams,,9,31.0,0.0,11.0,59,0,5,1.9000000000000057,36.0
13607,2017,15.0,sepang,False,0.0,False,0.0,True,jolyon_palmer,British,renault,12,15,8.0,0.0,16.0,42,0,7,2.0,26.0
13600,2017,15.0,sepang,False,0.0,False,0.0,True,stroll,Canadian,williams,13,Auto%#,28.0,0.0,,59,0,5,2.200000000000003,18.0
13611,2017,15.0,sepang,False,,False,0.0,True,sainz,Spanish,toro_rosso,14,19,48.0,0.0,9.0,52,0,6,2.300000000000012,23.0
13606,,15.0,sepang,False,0.0,False,0.0,True,gasly,French,,15,14,0.0,0.0,,52,0,6,2.5,21.0
,,15.0,sepang,False,0.0,False,0.0,True,grosjean,French,haas,16,13,26.0,0.0,13.0,37,0,8,3.200000000000003,31.0
13604,2017,15.0,Auto%#,False,0.0,False,0.0,True,kevin_magnussen,Danish,haas,17,12,11.0,0.0,14.0,37,0,8,3.300000000000012,24.0
13609,2017,15.0,sepang,False,0.0,False,0.0,True,wehrlein,German,sauber,18,17,5.0,0.0,18.0,5,0,10,3.4000000000000057,22.0
13610,2017,15.0,sepang,False,0.0,False,0.0,True,ericsson,Swedish,sauber,19,18,0.0,0.0,20.0,5,0,10,3.9000000000000057,27.0
13612,2017,16.0,suzuka,True,0.0,False,0.0,False,hamilton,British,mercedes,1,1,281.0,7.0,1.0,503,9,1,0.0,32.0
13630,2017,16.0,suzuka,True,0.0,False,0.0,False,vettel,German,ferrari,2,19,247.0,,2.0,385,4,2,0.5,
13614,2017,16.0,,True,0.0,False,0.0,False,ricciardo,Australian,red_bull,3,3,177.0,1.0,4.0,270,2,3,1.0,28.0
13613,2017,16.0,suzuka,True,0.0,False,0.0,False,max_verstappen,Dutch,red_bull,4,2,93.0,1.0,6.0,270,2,3,1.0,20.0
13617,2017,16.0,suzuka,,0.0,False,0.0,False,ocon,French,force_india,5,6,57.0,0.0,8.0,133,0,4,1.7999999999999972,21.0
13615,2017,16.0,suzuka,True,0.0,Auto%#,0.0,False,bottas,Finnish,mercedes,6,4,222.0,2.0,3.0,503,9,1,0.4000000000000057,28.0
13618,2017,16.0,Auto%#,True,0.0,,0.0,False,perez,Mexican,force_india,7,7,76.0,0.0,7.0,133,0,,2.0,27.0
13621,2017,16.0,,True,0.0,False,0.0,False,massa,Brazilian,williams,8,10,33.0,0.0,11.0,,0,5,2.200000000000003,36.0
13625,2017,16.0,suzuka,True,0.0,False,0.0,False,vandoorne,Belgian,mclaren,,14,13.0,0.0,14.0,23,0,9,2.5,25.0
13616,2017,16.0,suzuka,True,0.0,False,0.0,False,,Finnish,ferrari,10,5,138.0,0.0,5.0,385,4,Auto%#,1.2000000000000028,37.0
13628,2017,16.0,suzuka,True,0.0,False,0.0,False,,German,renault,11,17,34.0,0.0,10.0,42,0,Auto%#,2.6000000000000085,30.0
13619,2017,16.0,suzuka,True,0.0,False,0.0,False,kevin_magnussen,Danish,haas,12,,11.0,0.0,15.0,37,0,8,2.700000000000003,25.0
13620,2017,16.0,suzuka,True,0.0,False,0.0,False,grosjean,French,haas,13,9,26.0,0.0,,37,0,8,3.5,31.0
13624,2017,16.0,suzuka,True,0.0,False,0.0,False,,French,toro_rosso,14,13,0.0,0.0,22.0,52,,6,4.0,21.0
13627,,16.0,suzuka,True,0.0,False,0.0,False,stroll,Canadian,williams,,16,32.0,0.0,,65,0,5,4.1000000000000085,18.0
13629,2017,16.0,suzuka,True,,False,0.0,False,ericsson,Swedish,sauber,16,18,0.0,0.0,20.0,5,0,10,4.299999999999997,27.0
13626,2017,16.0,suzuka,True,0.0,False,0.0,False,wehrlein,German,sauber,17,15,5.0,0.0,18.0,5,0,10,4.6000000000000085,22.0
13623,2017,16.0,suzuka,True,0.0,False,0.0,False,jolyon_palmer,British,renault,18,12,8.0,0.0,17.0,42,0,7,2.700000000000003,26.0
13631,2017,16.0,suzuka,True,0.0,False,0.0,False,sainz,Spanish,toro_rosso,19,20,,0.0,,52,0,6,3.1000000000000085,23.0
13622,2017,16.0,suzuka,True,0.0,False,0.0,False,alonso,Spanish,mclaren,20,11,10.0,0.0,16.0,23,0,9,,36.0
13632,2017,17.0,americas,True,0.0,False,0.0,False,hamilton,British,mercedes,1,1,306.0,8.0,1.0,540,10,1,0.0,32.0
13633,2017,17.0,americas,True,0.0,False,0.0,False,vettel,German,ferrari,2,2,247.0,4.0,2.0,395,4,2,0.2000000000000028,30.0
13636,2017,17.0,americas,True,0.0,False,0.0,False,bottas,Finnish,mercedes,3,5,234.0,2.0,3.0,540,10,1,0.5,28.0
13649,2017,17.0,americas,True,0.0,False,0.0,False,ricciardo,Australian,,4,18,192.0,1.0,4.0,303,2,3,0.5,28.0
13634,2017,17.0,Auto%#,True,0.0,False,,False,raikkonen,Finnish,ferrari,5,3,148.0,0.0,5.0,395,4,2,0.5,38.0
13637,2017,17.0,americas,True,0.0,False,0.0,False,ocon,French,force_india,6,6,65.0,0.0,8.0,147,0,4,1.5,21.0
13638,2017,17.0,americas,True,0.0,False,0.0,False,sainz,Spanish,renault,7,7,48.0,0.0,9.0,42,0,8,1.8000000000000114,23.0
13648,2017,17.0,americas,,0.0,False,0.0,False,alonso,Spanish,mclaren,8,17,10.0,0.0,16.0,23,0,9,1.9000000000000057,36.0
13639,2017,17.0,americas,True,0.0,False,0.0,False,perez,Mexican,force_india,9,8,82.0,0.0,7.0,147,0,4,2.0,27.0
13640,2017,17.0,americas,True,0.0,False,0.0,False,massa,Brazilian,williams,10,Auto%#,34.0,0.0,11.0,66,0,5,2.1000000000000085,36.0
13641,2017,17.0,americas,,0.0,False,0.0,False,kvyat,Russian,toro_rosso,11,10,4.0,0.0,19.0,52,0,6,2.4000000000000057,23.0
13645,2017,17.0,americas,True,0.0,False,0.0,False,grosjean,French,haas,12,14,28.0,0.0,13.0,,0,7,2.800000000000012,31.0
13646,2017,17.0,americas,True,0.0,False,0.0,False,ericsson,Swedish,sauber,13,15,0.0,0.0,20.0,5,0,10,3.700000000000003,27.0
13650,2017,17.0,americas,True,0.0,False,0.0,False,wehrlein,German,sauber,14,19,5.0,0.0,18.0,5,0,10,4.1000000000000085,23.0
,2017,17.0,americas,,0.0,False,0.0,False,stroll,Canadian,williams,15,11,32.0,0.0,12.0,66,0,5,3.8000000000000114,18.0
13635,2017,17.0,americas,True,0.0,False,0.0,False,max_verstappen,Dutch,red_bull,16,4,111.0,,6.0,303,2,3,0.6000000000000085,20.0
13647,2017,17.0,americas,True,0.0,,0.0,False,kevin_magnussen,Danish,haas,17,,15.0,,14.0,43,0,7,4.300000000000011,25.0
13644,2017,17.0,americas,True,0.0,False,0.0,False,brendon_hartley,New Zealander,toro_rosso,19,13,0.0,0.0,0.0,52,0,Auto%#,3.8000000000000114,27.0
13643,2017,17.0,americas,True,0.0,False,0.0,False,vandoorne,Belgian,mclaren,20,12,13.0,,15.0,23,0,9,2.5,25.0
13655,2017,18.0,rodriguez,False,0.0,True,,False,vettel,German,ferrari,1,4,265.0,4.0,2.0,428,4,2,0.0,30.0
13652,2017,18.0,rodriguez,False,0.0,True,0.0,False,max_verstappen,Dutch,red_bull,2,1,123.0,1.0,6.0,315,2,3,0.0999999999999943,20.0
13660,2017,18.0,rodriguez,False,0.0,True,0.0,False,hamilton,British,mercedes,3,9,331.0,9.0,1.0,575,11,1,0.4000000000000057,32.0
13653,2017,18.0,rodriguez,False,0.0,True,0.0,False,bottas,Finnish,mercedes,4,2,244.0,2.0,,575,11,1,0.5,28.0
13654,2017,18.0,rodriguez,False,0.0,True,0.0,False,raikkonen,Finnish,ferrari,5,3,163.0,0.0,5.0,428,4,2,0.7000000000000028,38.0
13656,2017,18.0,Auto%#,False,0.0,True,0.0,False,ocon,French,force_india,6,,73.0,0.0,8.0,159,0,4,0.9000000000000057,21.0
13670,2017,18.0,rodriguez,False,0.0,True,0.0,False,hulkenberg,German,renault,7,19,34.0,0.0,11.0,48,0,7,1.0,30.0
13667,2017,18.0,rodriguez,False,0.0,True,0.0,False,sainz,Spanish,renault,8,16,54.0,0.0,9.0,48,0,,1.2999999999999972,23.0
13658,2017,18.0,rodriguez,False,0.0,True,0.0,False,perez,Mexican,force_india,9,7,86.0,0.0,7.0,159,0,4,,27.0
13662,2017,18.0,rodriguez,False,0.0,True,0.0,False,massa,Brazilian,williams,10,11,36.0,0.0,10.0,68,0,5,1.5999999999999943,36.0
13657,2017,18.0,rodriguez,,0.0,True,0.0,False,stroll,Canadian,williams,11,6,32.0,0.0,12.0,68,0,5,2.700000000000003,
13668,2017,18.0,rodriguez,False,0.0,,0.0,False,ericsson,Swedish,sauber,,17,0.0,0.0,20.0,5,,10,2.700000000000003,27.0
13665,2017,18.0,rodriguez,False,0.0,True,0.0,False,wehrlein,German,sauber,13,14,5.0,0.0,18.0,5,0,10,2.799999999999997,23.0
13659,2017,18.0,rodriguez,False,0.0,,0.0,False,kevin_magnussen,Danish,,14,8,15.0,0.0,14.0,43,0,8,2.9000000000000057,25.0
13666,2017,18.0,,False,0.0,True,0.0,False,grosjean,French,haas,15,15,28.0,0.0,13.0,43,0,8,3.0,31.0
13671,2017,18.0,rodriguez,False,0.0,True,0.0,False,ricciardo,Australian,red_bull,16,20,192.0,1.0,4.0,,2,3,0.9000000000000057,28.0
13673,2017,19.0,interlagos,False,0.0,False,0.0,False,bottas,Finnish,mercedes,1,2,262.0,2.0,3.0,595,11,1,0.0,28.0
13672,2017,19.0,interlagos,False,0.0,False,0.0,False,vettel,German,ferrari,2,1,,4.0,2.0,455,4,2,,30.0
13674,2017,19.0,interlagos,False,0.0,False,0.0,False,raikkonen,Auto%#,ferrari,3,3,178.0,0.0,5.0,455,4,,0.2000000000000028,38.0
13675,2017,19.0,interlagos,False,,False,0.0,False,max_verstappen,Dutch,red_bull,4,5,148.0,2.0,6.0,340,3,3,0.6000000000000085,20.0
,2017,19.0,interlagos,False,0.0,False,0.0,False,perez,Mexican,force_india,5,9,92.0,0.0,7.0,175,0,4,1.2999999999999972,27.0
13678,2017,19.0,interlagos,False,0.0,False,0.0,False,alonso,Spanish,mclaren,,8,11.0,0.0,16.0,24,0,9,1.2999999999999972,36.0
13680,2017,19.0,interlagos,False,0.0,False,0.0,False,hulkenberg,Auto%#,renault,7,10,34.0,0.0,12.0,48,0,7,1.4000000000000057,30.0
13681,2017,19.0,interlagos,False,0.0,False,,False,sainz,Spanish,renault,8,11,54.0,,9.0,48,0,7,1.5,23.0
13677,2017,19.0,,False,0.0,False,0.0,False,massa,Brazilian,williams,9,7,36.0,0.0,11.0,76,0,5,1.5,36.0
13688,2017,19.0,interlagos,False,0.0,False,0.0,False,ocon,French,force_india,10,18,83.0,0.0,8.0,175,0,4,1.5,21.0
13685,2017,19.0,interlagos,False,0.0,False,0.0,False,,French,haas,11,15,28.0,0.0,13.0,47,0,8,1.6000000000000083,31.0
13689,2017,19.0,interlagos,False,0.0,False,0.0,False,vandoorne,Belgian,mclaren,12,19,13.0,,15.0,24,0,9,1.7999999999999972,25.0
13690,2017,19.0,interlagos,False,0.0,Auto%#,0.0,False,kevin_magnussen,Danish,haas,13,20,19.0,0.0,14.0,47,0,8,1.9000000000000057,25.0
13676,2017,19.0,interlagos,False,0.0,False,0.0,False,ricciardo,Australian,red_bull,14,6,192.0,1.0,4.0,340,3,3,1.0,28.0
13684,2017,19.0,interlagos,False,0.0,False,0.0,False,wehrlein,German,sauber,15,14,5.0,0.0,18.0,5,0,10,2.4000000000000057,23.0
13686,2017,19.0,interlagos,False,0.0,False,0.0,False,stroll,Canadian,williams,16,16,40.0,0.0,10.0,76,0,5,2.5,19.0
13683,2017,19.0,interlagos,False,0.0,False,0.0,False,ericsson,Swedish,sauber,17,13,0.0,0.0,20.0,5,0,10,2.6000000000000085,27.0
13682,2017,19.0,Auto%#,False,0.0,False,0.0,False,gasly,French,,19,12,0.0,0.0,22.0,53,0,6,2.4000000000000057,21.0
13691,2017,20.0,yas_marina,True,0.0,False,0.0,False,bottas,Finnish,mercedes,1,1,280.0,2.0,3.0,625,11,1,0.0,28.0
13692,2017,20.0,,True,0.0,False,0.0,False,hamilton,British,mercedes,2,2,345.0,9.0,1.0,625,11,1,0.2000000000000028,32.0
13693,2017,20.0,yas_marina,True,0.0,False,0.0,False,vettel,German,ferrari,3,3,302.0,5.0,2.0,495,5,2,0.5999999999999943,30.0
13710,2017,20.0,yas_marina,True,0.0,False,0.0,False,ricciardo,Australian,red_bull,4,20,200.0,1.0,4.0,358,3,3,0.7999999999999972,28.0
13694,2017,20.0,yas_marina,True,0.0,False,0.0,False,raikkonen,Finnish,ferrari,5,4,193.0,0.0,5.0,495,5,2,0.7999999999999972,38.0
13695,2017,20.0,yas_marina,True,0.0,False,0.0,False,max_verstappen,Dutch,red_bull,6,5,158.0,2.0,6.0,358,3,3,1.0999999999999943,20.0
13696,2017,20.0,yas_marina,True,,False,0.0,False,hulkenberg,German,renault,7,6,35.0,,12.0,49,0,7,2.0999999999999943,30.0
13697,2017,20.0,yas_marina,True,0.0,False,0.0,False,perez,Mexican,force_india,8,7,94.0,0.0,7.0,177,0,4,2.200000000000003,27.0
13698,2017,20.0,yas_marina,True,0.0,False,0.0,False,ocon,French,,9,,83.0,0.0,8.0,177,,4,2.200000000000003,21.0
13700,2017,20.0,yas_marina,True,,False,0.0,False,massa,Brazilian,williams,10,10,42.0,0.0,10.0,82,0,5,2.3999999999999915,36.0
13699,2017,20.0,yas_marina,True,0.0,False,0.0,False,alonso,Spanish,mclaren,11,9,15.0,0.0,15.0,28,0,9,2.3999999999999915,36.0
13709,2017,20.0,yas_marina,True,0.0,False,0.0,False,sainz,Spanish,renault,12,19,54.0,0.0,9.0,49,0,7,2.5,23.0
13702,2017,20.0,yas_marina,True,0.0,,0.0,False,vandoorne,Belgian,Auto%#,13,12,13.0,0.0,16.0,28,0,9,2.5999999999999943,25.0
,2017,20.0,yas_marina,True,0.0,False,0.0,False,kevin_magnussen,Danish,haas,14,13,19.0,0.0,14.0,47,0,8,3.0999999999999943,25.0
13708,2017,20.0,yas_marina,True,0.0,False,0.0,False,stroll,Canadian,williams,15,18,40.0,0.0,11.0,82,0,5,3.3999999999999915,19.0
13701,2017,20.0,yas_marina,True,,False,0.0,False,grosjean,French,haas,16,11,28.0,0.0,13.0,47,0,8,3.299999999999997,31.0
13706,2017,20.0,yas_marina,True,0.0,False,0.0,False,gasly,French,toro_rosso,17,16,0.0,0.0,21.0,53,0,6,3.5,21.0
13704,2017,20.0,yas_marina,True,0.0,Auto%#,0.0,False,wehrlein,German,sauber,18,14,5.0,0.0,18.0,5,0,10,3.700000000000003,23.0
13707,2017,20.0,yas_marina,True,0.0,,0.0,False,ericsson,Swedish,sauber,19,17,0.0,0.0,20.0,5,0,10,3.799999999999997,27.0
13705,2017,20.0,yas_marina,True,0.0,False,0.0,False,brendon_hartley,New Zealander,toro_rosso,20,15,0.0,0.0,23.0,53,0,6,4.299999999999997,28.0
13712,2018,1.0,albert_park,True,0.0,False,0.0,False,hamilton,British,mercedes,1,2,0.0,0.0,0.0,0,0,0,0.0,33.0
13713,2018,1.0,albert_park,True,0.0,False,0.0,False,raikkonen,Finnish,ferrari,2,3,0.0,0.0,0.0,0,0,0,0.5999999999999943,38.0
13711,2018,1.0,albert_park,True,0.0,False,0.0,False,vettel,German,ferrari,3,1,0.0,0.0,0.0,0,0,0,0.5999999999999943,30.0
13716,2018,1.0,albert_park,True,0.0,False,0.0,False,max_verstappen,Dutch,red_bull,4,,0.0,0.0,0.0,0,,0,0.7000000000000028,20.0
13727,2018,1.0,albert_park,True,0.0,False,0.0,False,kevin_magnussen,Danish,haas,5,17,0.0,0.0,0.0,0,0,0,2.0,25.0
13726,2018,,albert_park,True,0.0,False,0.0,False,grosjean,French,haas,Auto%#,16,0.0,0.0,0.0,0,0,0,2.0999999999999943,31.0
13717,2018,1.0,albert_park,True,0.0,False,0.0,False,hulkenberg,,,7,7,0.0,0.0,0.0,0,0,0,2.299999999999997,30.0
13714,2018,1.0,albert_park,True,0.0,False,0.0,False,ricciardo,Australian,red_bull,8,4,0.0,0.0,0.0,0,,0,1.0,28.0
13720,2018,1.0,albert_park,True,0.0,False,0.0,False,sainz,Spanish,renault,9,10,0.0,0.0,0.0,0,0,0,2.3999999999999915,23.0
13715,2018,1.0,albert_park,True,0.0,False,,False,alonso,Spanish,mclaren,10,5,0.0,0.0,0.0,0,0,0,2.5,36.0
13719,2018,1.0,albert_park,True,0.0,False,0.0,False,vandoorne,Belgian,mclaren,11,9,0.0,0.0,0.0,0,0,0,2.700000000000003,25.0
13721,2018,,albert_park,True,0.0,False,0.0,False,perez,Mexican,force_india,12,11,0.0,0.0,0.0,0,0,0,2.799999999999997,28.0
13724,2018,1.0,albert_park,True,0.0,,0.0,False,stroll,Canadian,williams,13,14,0.0,0.0,0.0,0,0,0,3.0,19.0
13722,2018,1.0,albert_park,True,0.0,False,0.0,False,ocon,French,force_india,14,12,0.0,0.0,0.0,0,0,0,3.5999999999999943,21.0
13725,2018,1.0,albert_park,True,0.0,False,0.0,False,brendon_hartley,New Zealander,toro_rosso,16,15,0.0,0.0,0.0,0,0,0,3.299999999999997,28.0
13729,2018,1.0,albert_park,True,0.0,False,0.0,False,ericsson,Swedish,sauber,17,19,0.0,0.0,0.0,0,0,0,3.3999999999999915,27.0
13723,2018,1.0,albert_park,True,0.0,False,0.0,False,leclerc,Monegasque,sauber,18,13,0.0,0.0,0.0,0,0,0,3.3999999999999915,20.0
13730,2018,1.0,albert_park,True,0.0,False,0.0,False,sirotkin,Russian,williams,19,20,,0.0,0.0,0,0,0,3.700000000000003,
,2018,1.0,albert_park,True,0.0,False,0.0,False,gasly,French,toro_rosso,20,18,0.0,0.0,0.0,0,0,0,4.099999999999994,22.0
13731,2018,2.0,bahrain,False,,False,0.0,False,vettel,German,ferrari,1,1,25.0,,1.0,40,1,1,0.0,30.0
13748,2018,2.0,bahrain,False,0.0,False,0.0,,raikkonen,Finnish,ferrari,2,,15.0,,3.0,40,1,1,0.0999999999999943,38.0
13732,2018,2.0,bahrain,False,0.0,False,0.0,False,bottas,Finnish,mercedes,3,2,4.0,0.0,,22,0,2,0.0999999999999943,28.0
,2018,2.0,bahrain,False,0.0,False,0.0,False,ricciardo,Australian,red_bull,Auto%#,20,12.0,0.0,4.0,20,0,3,0.4000000000000057,28.0
13734,2018,2.0,bahrain,False,0.0,False,0.0,False,gasly,French,toro_rosso,5,4,0.0,0.0,18.0,0,0,9,1.2999999999999972,22.0
13735,2018,2.0,bahrain,False,0.0,False,0.0,False,kevin_magnussen,Danish,haas,,5,0.0,0.0,17.0,0,0,10,1.4000000000000057,25.0
13736,2018,2.0,bahrain,False,0.0,False,0.0,False,hulkenberg,German,renault,7,6,6.0,0.0,7.0,7,0,5,1.5999999999999943,30.0
13740,2018,2.0,bahrain,False,0.0,False,0.0,False,ocon,French,force_india,8,10,0.0,0.0,12.0,0,0,6,1.9000000000000057,21.0
13733,2018,2.0,bahrain,False,0.0,False,0.0,False,hamilton,British,mercedes,Auto%#,3,18.0,0.0,2.0,22,0,2,,33.0
13741,2018,2.0,bahrain,False,0.0,False,0.0,False,sainz,Spanish,renault,10,11,1.0,0.0,10.0,7,0,5,2.0,23.0
13747,2018,2.0,bahrain,False,0.0,False,0.0,False,brendon_hartley,New Zealander,toro_rosso,11,17,0.0,0.0,15.0,0,0,9,2.0999999999999943,28.0
13746,,2.0,bahrain,False,0.0,False,0.0,False,perez,Mexican,force_india,12,16,0.0,0.0,11.0,,0,6,2.200000000000003,28.0
13737,2018,2.0,bahrain,False,0.0,False,0.0,False,alonso,Spanish,mclaren,13,7,10.0,0.0,5.0,12,0,4,2.200000000000003,36.0
13738,2018,2.0,bahrain,False,0.0,False,0.0,False,vandoorne,Belgian,Auto%#,14,8,2.0,0.0,9.0,12,0,4,2.5,26.0
13743,2018,,bahrain,False,0.0,False,0.0,False,grosjean,French,haas,16,13,0.0,0.0,16.0,0,0,10,2.5,31.0
13739,2018,2.0,bahrain,,0.0,False,0.0,False,ericsson,Swedish,sauber,17,9,0.0,0.0,19.0,0,0,7,3.0999999999999943,27.0
13745,2018,2.0,bahrain,False,0.0,False,0.0,False,sirotkin,Russian,williams,18,15,,0.0,20.0,0,0,8,3.4000000000000057,22.0
13742,2018,2.0,bahrain,False,0.0,False,,False,leclerc,Monegasque,sauber,19,12,0.0,0.0,13.0,,0,7,3.4000000000000057,20.0
13744,2018,2.0,bahrain,False,0.0,False,0.0,False,stroll,Canadian,williams,20,14,0.0,0.0,14.0,0,0,Auto%#,3.5,19.0
13758,2018,3.0,shanghai,False,,False,0.0,False,vettel,German,ferrari,Auto%#,8,50.0,2.0,1.0,65,2,1,0.0,30.0
13753,2018,3.0,shanghai,False,,False,0.0,False,raikkonen,Finnish,ferrari,2,3,15.0,0.0,5.0,65,2,1,0.1000000000000085,38.0
,2018,3.0,shanghai,False,0.0,False,0.0,False,bottas,Finnish,mercedes,3,2,22.0,0.0,3.0,55,0,2,0.5,28.0
13754,2018,3.0,,False,0.0,False,0.0,False,hamilton,British,mercedes,4,4,,0.0,2.0,55,0,2,0.6000000000000085,33.0
13755,2018,3.0,Auto%#,False,0.0,False,0.0,False,max_verstappen,Dutch,red_bull,5,5,8.0,0.0,10.0,20,,4,0.7000000000000028,20.0
13751,2018,3.0,shanghai,False,0.0,False,0.0,False,ricciardo,Australian,red_bull,6,1,12.0,0.0,8.0,20,0,4,,28.0
13756,2018,3.0,shanghai,False,0.0,False,0.0,,hulkenberg,German,renault,7,Auto%#,14.0,0.0,6.0,15,0,5,1.4000000000000057,30.0
13762,,3.0,shanghai,False,0.0,False,0.0,False,perez,Mexican,force_india,8,12,0.0,0.0,15.0,1,0,9,1.7000000000000028,28.0
13759,2018,3.0,shanghai,False,0.0,False,0.0,Auto%#,sainz,Spanish,renault,9,9,1.0,0.0,,15,0,5,1.7000000000000028,23.0
13767,2018,3.0,shanghai,False,0.0,False,0.0,False,grosjean,French,haas,10,17,0.0,0.0,17.0,10,0,7,1.8000000000000114,31.0
13760,2018,3.0,Auto%#,False,0.0,False,0.0,False,,Danish,haas,11,10,10.0,0.0,9.0,10,0,7,1.9000000000000057,25.0
13761,2018,,shanghai,False,0.0,False,0.0,False,ocon,French,force_india,12,11,1.0,0.0,14.0,1,0,9,2.0,21.0
13757,2018,3.0,shanghai,False,0.0,False,0.0,False,alonso,Spanish,mclaren,13,7,16.0,,4.0,22,0,3,2.1000000000000085,36.0
13763,2018,3.0,shanghai,False,0.0,False,0.0,False,vandoorne,Belgian,mclaren,14,13,6.0,0.0,11.0,22,0,3,2.4000000000000057,26.0
13770,2018,3.0,shanghai,False,0.0,False,0.0,False,brendon_hartley,New Zealander,,15,20,0.0,0.0,19.0,12,0,6,2.700000000000003,28.0
13765,,3.0,shanghai,False,0.0,False,0.0,False,sirotkin,Russian,williams,16,15,0.0,0.0,20.0,0,0,10,3.0,22.0
13768,2018,3.0,shanghai,False,0.0,False,0.0,False,gasly,French,toro_rosso,17,18,12.0,0.0,,12,0,6,3.0,22.0
13764,2018,3.0,shanghai,False,0.0,False,0.0,False,stroll,,williams,18,14,0.0,0.0,18.0,0,0,10,3.200000000000003,19.0
13769,2018,3.0,shanghai,False,0.0,False,0.0,False,leclerc,Monegasque,sauber,19,19,0.0,0.0,16.0,2,0,8,3.4000000000000057,20.0
13766,2018,3.0,shanghai,False,0.0,False,0.0,False,ericsson,Swedish,sauber,20,16,2.0,0.0,12.0,2,0,8,3.8000000000000114,27.0
13774,2018,4.0,BAK,False,0.0,False,0.0,True,vettel,German,ferrari,1,4,54.0,,1.0,84,2,2,0.0,30.0
13771,2018,4.0,BAK,False,0.0,False,0.0,True,hamilton,British,mercedes,2,1,45.0,0.0,2.0,85,0,1,0.2000000000000028,33.0
13784,2018,4.0,BAK,False,0.0,False,0.0,True,bottas,Finnish,mercedes,,14,40.0,0.0,3.0,85,0,,0.2999999999999971,28.0
13787,2018,4.0,BAK,,0.0,False,0.0,True,ricciardo,Australian,red_bull,4,17,37.0,1.0,4.0,55,1,3,0.4000000000000057,28.0
13786,2018,4.0,BAK,False,0.0,False,0.0,True,max_verstappen,Dutch,red_bull,5,16,18.0,0.0,8.0,55,1,3,0.5,20.0
13772,2018,4.0,BAK,False,0.0,False,0.0,True,raikkonen,Finnish,ferrari,6,2,30.0,0.0,5.0,84,2,2,1.0,38.0
13789,2018,4.0,BAK,False,0.0,False,0.0,True,ocon,French,force_india,7,19,1.0,0.0,14.0,1,0,9,1.0,21.0
13773,2018,4.0,BAK,False,0.0,False,0.0,True,perez,Mexican,force_india,8,3,0.0,0.0,15.0,1,0,9,1.0,28.0
13775,2018,4.0,BAK,False,,False,0.0,True,sainz,,renault,9,Auto%#,3.0,0.0,,25,0,Auto%#,1.9000000000000057,23.0
13778,2018,4.0,BAK,False,0.0,False,0.0,True,stroll,Canadian,williams,10,8,0.0,0.0,18.0,0,0,Auto%#,2.0999999999999943,19.0
13790,2018,4.0,BAK,False,0.0,False,0.0,True,sirotkin,Russian,williams,11,20,0.0,0.0,19.0,0,0,10,2.4000000000000057,22.0
13777,2018,4.0,BAK,False,0.0,False,0.0,True,alonso,Spanish,mclaren,12,7,22.0,0.0,6.0,28,0,4,2.5,36.0
13776,2018,4.0,BAK,False,0.0,False,0.0,True,leclerc,Monegasque,sauber,13,6,0.0,0.0,16.0,2,0,8,2.5999999999999943,20.0
13788,2018,4.0,BAK,False,0.0,False,0.0,True,hulkenberg,German,renault,14,18,22.0,0.0,7.0,25,0,5,1.5999999999999943,30.0
13783,2018,4.0,BAK,,0.0,False,0.0,True,kevin_magnussen,Danish,haas,15,13,11.0,0.0,10.0,11,0,7,3.299999999999997,
,2018,4.0,BAK,False,0.0,False,0.0,True,vandoorne,Belgian,mclaren,16,9,6.0,0.0,11.0,28,0,4,3.0,26.0
13782,2018,4.0,BAK,False,0.0,False,0.0,True,gasly,French,toro_rosso,17,12,12.0,0.0,9.0,12,0,6,3.0,22.0
13781,2018,4.0,BAK,False,0.0,False,0.0,True,ericsson,Swedish,sauber,18,Auto%#,2.0,0.0,13.0,2,0,8,4.0,27.0
13780,2018,4.0,BAK,False,0.0,False,0.0,True,brendon_hartley,New Zealander,toro_rosso,19,10,0.0,0.0,20.0,12,0,6,15.900000000000006,28.0
13791,2018,5.0,catalunya,False,0.0,False,0.0,True,hamilton,British,mercedes,1,1,70.0,1.0,1.0,110,1,2,0.0,33.0
13792,2018,5.0,catalunya,False,0.0,False,0.0,True,bottas,Finnish,mercedes,2,2,40.0,0.0,4.0,110,1,2,0.0,28.0
13794,2018,,catalunya,False,0.0,False,0.0,True,vettel,German,,3,4,66.0,2.0,2.0,114,2,1,0.0999999999999943,30.0
13807,2018,5.0,catalunya,False,0.0,False,0.0,True,raikkonen,Finnish,ferrari,4,17,48.0,0.0,3.0,114,2,1,0.3999999999999915,38.0
13793,2018,5.0,catalunya,False,0.0,False,0.0,True,max_verstappen,Dutch,red_bull,5,3,18.0,0.0,8.0,55,1,3,0.5999999999999943,20.0
13795,2018,5.0,catalunya,False,0.0,False,0.0,True,ricciardo,Australian,red_bull,6,5,37.0,1.0,5.0,55,1,3,0.5999999999999943,28.0
13796,2018,5.0,catalunya,False,0.0,False,0.0,True,kevin_magnussen,Danish,haas,7,6,11.0,0.0,12.0,11,0,8,1.5,25.0
13798,2018,5.0,catalunya,False,,False,0.0,True,,Spanish,mclaren,8,8,28.0,0.0,6.0,36,0,4,1.5,36.0
13797,2018,5.0,catalunya,False,0.0,False,0.0,True,sainz,Spanish,renault,9,7,13.0,0.0,10.0,35,0,5,1.5999999999999943,23.0
13808,2018,5.0,catalunya,False,0.0,False,0.0,True,grosjean,French,haas,10,18,0.0,0.0,19.0,11,0,8,1.5999999999999943,32.0
13805,2018,5.0,catalunya,False,0.0,False,0.0,True,,Belgian,mclaren,11,Auto%#,8.0,0.0,14.0,36,0,4,2.0999999999999943,26.0
13809,2018,5.0,catalunya,False,0.0,False,0.0,True,gasly,French,toro_rosso,12,19,12.0,0.0,11.0,13,0,7,2.299999999999997,22.0
13806,2018,5.0,catalunya,False,0.0,False,0.0,Auto%#,ocon,French,force_india,13,16,1.0,0.0,17.0,16,0,6,2.5,21.0
13800,2018,5.0,catalunya,False,0.0,False,0.0,True,leclerc,Monegasque,sauber,14,10,8.0,0.0,13.0,10,0,9,2.700000000000003,20.0
13799,2018,5.0,catalunya,False,0.0,False,0.0,True,perez,Mexican,force_india,15,9,15.0,0.0,9.0,16,0,6,2.8999999999999915,
13810,2018,5.0,catalunya,False,0.0,False,0.0,True,hulkenberg,German,renault,Auto%#,20,22.0,0.0,7.0,35,0,5,2.700000000000003,30.0
13803,2018,5.0,catalunya,False,0.0,False,0.0,True,ericsson,Swedish,sauber,17,Auto%#,2.0,0.0,16.0,10,0,9,3.299999999999997,27.0
13801,2018,5.0,catalunya,False,0.0,False,0.0,True,stroll,Canadian,williams,18,11,4.0,0.0,15.0,4,0,10,4.0,19.0
13804,2018,5.0,catalunya,False,0.0,False,0.0,True,sirotkin,Russian,williams,19,14,0.0,0.0,20.0,4,0,10,3.5,22.0
13811,2018,6.0,monaco,False,0.0,False,0.0,False,ricciardo,Australian,red_bull,1,1,47.0,1.0,5.0,80,1,3,0.0,28.0
13812,2018,6.0,monaco,False,,False,0.0,False,vettel,German,ferrari,2,2,78.0,2.0,2.0,126,2,2,0.2000000000000028,30.0
13813,2018,6.0,monaco,False,0.0,False,0.0,False,hamilton,British,mercedes,3,3,95.0,,1.0,153,2,1,0.4000000000000057,33.0
13814,2018,6.0,monaco,False,0.0,Auto%#,0.0,False,raikkonen,Finnish,ferrari,4,4,48.0,0.0,4.0,126,2,2,0.5,38.0
13815,2018,6.0,monaco,False,0.0,False,0.0,False,bottas,Finnish,mercedes,5,5,58.0,0.0,3.0,153,2,1,0.6000000000000085,28.0
13816,2018,6.0,monaco,False,0.0,False,0.0,False,ocon,French,force_india,6,6,1.0,0.0,17.0,18,0,7,1.2999999999999972,21.0
13830,2018,6.0,monaco,False,0.0,False,0.0,False,alonso,Spanish,mclaren,7,20,32.0,0.0,7.0,40,0,5,1.2999999999999972,36.0
13820,2018,6.0,monaco,False,0.0,False,0.0,False,,Spanish,renault,8,10,19.0,0.0,10.0,41,0,4,1.2999999999999972,23.0
13822,2018,6.0,monaco,False,0.0,False,0.0,False,perez,Mexican,force_india,9,12,17.0,0.0,11.0,18,0,7,1.4000000000000057,28.0
13817,2018,6.0,monaco,False,0.0,False,0.0,False,gasly,French,toro_rosso,10,7,12.0,0.0,12.0,13,0,8,1.4000000000000057,22.0
13818,,,monaco,False,0.0,False,0.0,False,hulkenberg,German,renault,11,8,22.0,0.0,8.0,41,0,4,1.6000000000000083,30.0
13824,2018,6.0,monaco,False,0.0,False,0.0,False,vandoorne,Belgian,mclaren,12,14,,0.0,14.0,40,0,5,1.6000000000000083,26.0
13826,2018,6.0,monaco,False,0.0,False,0.0,False,sirotkin,Russian,williams,13,16,0.0,0.0,20.0,4,0,10,1.7000000000000028,22.0
13828,2018,6.0,monaco,False,0.0,False,0.0,False,leclerc,Monegasque,sauber,14,18,9.0,0.0,13.0,11,0,9,1.9000000000000057,20.0
13829,,6.0,monaco,,0.0,False,0.0,False,brendon_hartley,New Zealander,toro_rosso,15,19,1.0,0.0,18.0,13,0,8,2.4000000000000057,28.0
13821,2018,6.0,monaco,False,0.0,False,0.0,False,ericsson,Swedish,sauber,16,11,2.0,0.0,16.0,11,0,9,2.5,27.0
13827,2018,6.0,monaco,False,0.0,False,,False,stroll,Canadian,Auto%#,,17,4.0,0.0,15.0,4,0,10,2.5,19.0
13825,,6.0,monaco,False,0.0,False,0.0,False,grosjean,French,haas,18,15,0.0,0.0,19.0,19,0,6,1.9000000000000057,32.0
13823,2018,6.0,monaco,False,,,,False,kevin_magnussen,Danish,haas,19,13,19.0,0.0,9.0,19,0,6,2.6000000000000085,
13831,2018,7.0,villeneuve,False,0.0,False,0.0,False,vettel,German,ferrari,,1,96.0,2.0,2.0,156,2,2,0.0,30.0
13832,2018,7.0,villeneuve,False,,False,0.0,False,bottas,Finnish,mercedes,2,2,68.0,0.0,,178,2,,,28.0
13833,2018,7.0,villeneuve,False,0.0,Auto%#,0.0,False,max_verstappen,Dutch,red_bull,3,3,35.0,0.0,6.0,107,2,3,0.1000000000000085,20.0
13835,2018,7.0,villeneuve,False,0.0,False,0.0,False,,British,,4,5,110.0,2.0,1.0,178,,1,0.2000000000000028,33.0
13836,2018,7.0,villeneuve,False,0.0,False,0.0,False,raikkonen,Finnish,ferrari,5,6,60.0,0.0,5.0,156,2,2,0.2999999999999971,38.0
13834,2018,7.0,villeneuve,False,0.0,False,0.0,False,ricciardo,Australian,red_bull,6,4,72.0,2.0,3.0,107,2,3,0.2999999999999971,28.0
13837,2018,7.0,villeneuve,False,0.0,False,0.0,False,hulkenberg,German,renault,7,7,26.0,0.0,8.0,46,0,4,1.2000000000000028,30.0
13839,2018,7.0,villeneuve,False,0.0,False,0.0,False,ocon,French,force_india,8,9,9.0,0.0,13.0,26,0,Auto%#,1.2999999999999972,21.0
13838,2018,7.0,villeneuve,False,0.0,False,0.0,False,sainz,Spanish,renault,9,Auto%#,20.0,0.0,9.0,46,0,4,1.4000000000000057,23.0
13844,2018,7.0,villeneuve,False,0.0,False,0.0,False,perez,Mexican,Auto%#,10,14,17.0,0.0,12.0,26,0,6,1.9000000000000057,28.0
13843,2018,7.0,villeneuve,False,0.0,False,0.0,False,kevin_magnussen,Danish,haas,11,13,19.0,0.0,10.0,19,0,8,1.7999999999999972,25.0
13849,2018,7.0,villeneuve,False,0.0,False,0.0,False,brendon_hartley,New Zealander,toro_rosso,12,19,1.0,0.0,18.0,19,0,7,1.7999999999999972,28.0
13840,2018,7.0,villeneuve,False,0.0,False,0.0,False,leclerc,Monegasque,sauber,13,10,9.0,0.0,14.0,11,0,9,1.9000000000000057,20.0
13848,2018,,villeneuve,False,0.0,False,0.0,False,alonso,Spanish,mclaren,14,18,32.0,0.0,7.0,40,0,5,2.1000000000000085,36.0
13846,2018,7.0,villeneuve,False,0.0,False,0.0,False,vandoorne,Belgian,mclaren,15,16,8.0,,15.0,40,0,5,2.1000000000000085,26.0
13841,2018,7.0,villeneuve,False,0.0,False,0.0,False,gasly,French,toro_rosso,16,11,18.0,0.0,11.0,19,0,7,2.799999999999997,22.0
13850,2018,,villeneuve,False,0.0,False,0.0,False,stroll,Canadian,williams,17,20,4.0,0.0,16.0,4,0,10,2.799999999999997,19.0
13847,2018,7.0,villeneuve,False,0.0,False,0.0,False,sirotkin,Russian,williams,18,17,0.0,0.0,20.0,4,0,10,3.799999999999997,
13845,2018,7.0,villeneuve,False,0.0,False,0.0,False,ericsson,Swedish,sauber,19,15,2.0,0.0,17.0,11,0,9,2.200000000000003,27.0
13851,2018,8.0,ricard,True,0.0,,0.0,False,hamilton,British,mercedes,1,1,120.0,2.0,2.0,206,2,1,0.0,33.0
13857,2018,8.0,ricard,True,0.0,True,0.0,False,bottas,Finnish,mercedes,2,7,86.0,0.0,3.0,206,2,1,0.0999999999999943,28.0
13855,2018,8.0,ricard,True,0.0,True,0.0,False,vettel,German,ferrari,3,5,121.0,3.0,1.0,189,3,2,0.4000000000000057,30.0
13852,2018,8.0,ricard,True,0.0,True,0.0,False,max_verstappen,Dutch,red_bull,4,2,50.0,0.0,6.0,134,2,3,0.7000000000000028,20.0
13854,2018,8.0,ricard,True,0.0,True,0.0,False,ricciardo,Australian,red_bull,5,4,84.0,2.0,4.0,134,2,3,0.9000000000000057,28.0
13853,2018,8.0,ricard,True,0.0,True,0.0,False,raikkonen,Finnish,ferrari,6,3,68.0,0.0,5.0,189,3,2,1.0999999999999943,38.0
13858,2018,8.0,ricard,True,0.0,True,0.0,False,sainz,Spanish,renault,7,8,24.0,0.0,9.0,56,0,4,2.0999999999999943,23.0
13860,2018,8.0,ricard,True,0.0,True,0.0,False,leclerc,Monegasque,sauber,8,10,10.0,0.0,14.0,12,0,9,2.5999999999999943,20.0
,2018,8.0,ricard,True,0.0,True,0.0,False,kevin_magnussen,Danish,haas,9,,19.0,0.0,10.0,19,0,8,2.9000000000000057,25.0
13869,2018,8.0,ricard,,0.0,True,0.0,False,ocon,French,force_india,11,19,11.0,0.0,13.0,28,0,6,2.0999999999999943,21.0
13859,2018,8.0,ricard,True,0.0,Auto%#,0.0,False,hulkenberg,German,renault,12,9,32.0,0.0,8.0,56,0,4,2.0999999999999943,30.0
13868,2018,8.0,ricard,True,0.0,True,0.0,False,perez,Mexican,,13,18,17.0,0.0,12.0,28,0,6,2.5,28.0
13870,2018,8.0,ricard,True,0.0,True,,False,gasly,French,toro_rosso,14,20,18.0,0.0,11.0,19,0,7,2.5,22.0
13863,2018,8.0,ricard,True,0.0,True,0.0,False,ericsson,Swedish,sauber,15,13,2.0,0.0,17.0,12,0,9,2.799999999999997,27.0
13866,2018,8.0,ricard,True,0.0,True,0.0,False,alonso,Spanish,mclaren,16,16,32.0,0.0,,40,0,5,3.0,36.0
13862,2018,8.0,ricard,True,0.0,True,0.0,False,vandoorne,Belgian,mclaren,17,12,8.0,0.0,15.0,40,0,5,3.200000000000003,26.0
13865,2018,8.0,ricard,True,0.0,True,0.0,False,sirotkin,Russian,williams,18,15,0.0,0.0,20.0,4,0,10,3.5999999999999943,22.0
13867,2018,8.0,ricard,True,0.0,True,,False,stroll,Canadian,williams,19,17,4.0,0.0,16.0,4,0,10,3.700000000000003,19.0
13864,2018,8.0,ricard,True,0.0,True,0.0,False,brendon_hartley,New Zealander,Auto%#,20,14,1.0,0.0,18.0,19,0,7,3.0,28.0
13889,2018,9.0,red_bull_ring,True,0.0,False,0.0,False,bottas,Finnish,mercedes,1,19,92.0,0.0,4.0,237,3,1,0.0,28.0
13886,2018,9.0,red_bull_ring,True,0.0,False,0.0,False,hamilton,British,mercedes,2,16,145.0,3.0,1.0,237,3,1,0.0,33.0
13872,2018,9.0,red_bull_ring,True,0.0,False,0.0,False,raikkonen,Finnish,ferrari,3,2,83.0,0.0,5.0,214,3,2,0.6000000000000014,38.0
13871,2018,9.0,red_bull_ring,True,0.0,False,0.0,False,max_verstappen,Dutch,red_bull,4,1,68.0,0.0,6.0,164,2,3,0.6999999999999957,20.0
13874,2018,9.0,red_bull_ring,True,0.0,False,0.0,False,grosjean,French,haas,5,4,0.0,0.0,19.0,27,0,7,0.7999999999999972,32.0
13873,2018,9.0,red_bull_ring,True,,,0.0,False,vettel,German,ferrari,6,3,131.0,3.0,2.0,214,3,,0.3999999999999986,30.0
13888,2018,9.0,red_bull_ring,True,0.0,False,0.0,False,ricciardo,Australian,red_bull,Auto%#,18,96.0,2.0,,,2,3,0.8999999999999986,29.0
13875,2018,9.0,red_bull_ring,True,0.0,False,,False,kevin_magnussen,Auto%#,haas,8,5,27.0,0.0,10.0,27,0,7,0.9999999999999928,25.0
13882,2018,9.0,red_bull_ring,True,0.0,False,0.0,False,sainz,Spanish,renault,9,,28.0,0.0,9.0,62,0,4,1.6000000000000014,23.0
13890,2018,9.0,red_bull_ring,True,0.0,False,0.0,False,hulkenberg,German,renault,10,20,34.0,0.0,7.0,62,0,4,1.8999999999999984,30.0
13876,2018,9.0,red_bull_ring,True,0.0,False,0.0,False,ocon,French,force_india,11,6,11.0,0.0,13.0,28,0,6,1.6999999999999955,21.0
13881,2018,9.0,red_bull_ring,True,0.0,False,0.0,False,gasly,French,toro_rosso,12,11,18.0,0.0,11.0,19,0,8,1.8000000000000045,22.0
13878,2018,9.0,red_bull_ring,True,0.0,False,0.0,False,alonso,Spanish,mclaren,13,8,32.0,0.0,8.0,40,0,5,2.199999999999996,36.0
13884,2018,9.0,red_bull_ring,True,0.0,False,0.0,False,stroll,Canadian,williams,14,14,4.0,0.0,16.0,4,0,10,2.199999999999996,19.0
13885,2018,9.0,red_bull_ring,True,0.0,False,0.0,,vandoorne,,mclaren,15,15,8.0,0.0,15.0,40,0,5,2.199999999999996,26.0
13877,2018,9.0,red_bull_ring,True,0.0,False,0.0,False,perez,Mexican,force_india,16,7,17.0,0.0,12.0,28,0,6,2.199999999999996,28.0
13883,2018,9.0,red_bull_ring,True,0.0,False,0.0,False,sirotkin,Russian,,17,13,0.0,0.0,,4,0,10,1.8999999999999984,22.0
13879,2018,9.0,red_bull_ring,True,0.0,False,0.0,False,leclerc,Monegasque,sauber,18,9,11.0,0.0,14.0,13,0,9,2.3999999999999986,20.0
13887,2018,9.0,red_bull_ring,True,0.0,False,0.0,False,brendon_hartley,New Zealander,toro_rosso,19,17,1.0,0.0,18.0,19,0,8,2.3000000000000043,28.0
13880,2018,9.0,red_bull_ring,True,0.0,False,0.0,False,ericsson,Auto%#,sauber,20,10,2.0,0.0,17.0,13,0,9,,27.0
13892,2018,10.0,silverstone,True,0.0,False,0.0,False,hamilton,British,mercedes,1,2,145.0,3.0,2.0,237,3,2,0.0,33.0
13891,2018,10.0,silverstone,True,0.0,,,False,vettel,German,ferrari,2,1,146.0,3.0,1.0,247,3,,0.0,31.0
13893,2018,10.0,silverstone,True,0.0,False,0.0,False,raikkonen,Finnish,ferrari,3,3,101.0,0.0,3.0,247,3,1,0.0999999999999943,38.0
13894,2018,10.0,silverstone,True,0.0,False,0.0,False,bottas,Finnish,mercedes,4,4,92.0,0.0,6.0,237,3,2,0.2999999999999971,28.0
13903,2018,10.0,silverstone,True,0.0,False,0.0,False,max_verstappen,Dutch,red_bull,,15,93.0,1.0,5.0,189,3,3,0.6999999999999886,20.0
13895,2018,10.0,,True,0.0,False,0.0,False,ricciardo,Australian,red_bull,6,5,96.0,2.0,4.0,189,3,3,1.1999999999999886,29.0
13899,2018,10.0,silverstone,True,0.0,False,0.0,False,kevin_magnussen,Danish,haas,7,9,37.0,0.0,7.0,49,0,5,1.2999999999999972,25.0
13904,2018,10.0,silverstone,True,0.0,False,0.0,False,grosjean,French,haas,8,Auto%#,12.0,0.0,15.0,49,0,5,1.5999999999999943,32.0
,2018,10.0,silverstone,True,0.0,False,0.0,False,leclerc,Monegasque,sauber,9,19,13.0,0.0,14.0,16,0,9,2.0,20.0
13897,2018,10.0,silverstone,True,0.0,False,0.0,False,ocon,French,force_india,10,7,19.0,,,42,0,7,2.299999999999997,21.0
13896,2018,10.0,silverstone,True,0.0,False,0.0,False,hulkenberg,German,renault,11,,34.0,0.0,9.0,62,0,4,2.0,30.0
13900,2018,10.0,silverstone,True,0.0,False,0.0,False,perez,Mexican,force_india,12,10,23.0,0.0,11.0,42,0,7,2.0,28.0
13898,2018,10.0,silverstone,True,0.0,False,0.0,False,alonso,Spanish,mclaren,13,8,36.0,0.0,8.0,44,0,6,2.1999999999999886,36.0
13902,2018,10.0,silverstone,True,0.0,False,0.0,False,gasly,French,toro_rosso,14,13,18.0,0.0,13.0,19,0,8,2.3999999999999915,22.0
13906,2018,10.0,silverstone,True,0.0,False,0.0,False,ericsson,Swedish,sauber,15,18,3.0,0.0,18.0,16,0,9,2.5,27.0
13905,,10.0,silverstone,True,0.0,False,0.0,Auto%#,sainz,Spanish,renault,16,17,28.0,0.0,10.0,62,0,4,2.5999999999999943,23.0
13901,2018,10.0,silverstone,True,0.0,False,0.0,False,vandoorne,Belgian,mclaren,17,11,8.0,0.0,16.0,44,0,6,3.1999999999999886,26.0
13925,2018,11.0,hockenheimring,False,0.0,False,1.0,True,vettel,German,ferrari,1,18,171.0,4.0,1.0,287,4,1,0.0,31.0
13909,2018,11.0,hockenheimring,False,0.0,False,1.0,True,bottas,Finnish,mercedes,2,2,104.0,0.0,5.0,267,3,2,0.2000000000000028,28.0
13910,2018,11.0,hockenheimring,False,,False,1.0,True,raikkonen,Finnish,ferrari,3,3,116.0,0.0,3.0,287,4,1,0.2999999999999971,38.0
13911,2018,,hockenheimring,False,0.0,False,1.0,True,max_verstappen,Dutch,red_bull,4,4,93.0,1.0,6.0,199,3,3,0.5999999999999943,20.0
13918,2018,11.0,hockenheimring,False,0.0,Auto%#,1.0,True,kevin_magnussen,Danish,haas,5,11,39.0,0.0,9.0,51,0,5,1.0,25.0
13913,2018,11.0,hockenheimring,False,0.0,False,1.0,True,grosjean,French,haas,6,6,12.0,0.0,15.0,51,0,5,1.2999999999999972,32.0
13912,2018,11.0,hockenheimring,False,0.0,False,1.0,True,hulkenberg,German,renault,7,Auto%#,42.0,0.0,7.0,70,0,4,1.3999999999999917,30.0
13919,2018,11.0,hockenheimring,False,0.0,False,1.0,True,sainz,Spanish,renault,8,12,28.0,0.0,10.0,70,0,4,,23.0
13922,2018,11.0,hockenheimring,False,0.0,False,1.0,Auto%#,leclerc,Auto%#,sauber,9,15,13.0,0.0,,16,0,9,1.5,20.0
13914,2018,11.0,hockenheimring,False,0.0,False,1.0,True,perez,Mexican,force_india,10,7,24.0,0.0,12.0,49,0,6,1.5999999999999943,28.0
13923,2018,11.0,hockenheimring,False,0.0,False,1.0,True,alonso,Spanish,Auto%#,11,16,40.0,0.0,8.0,48,0,7,2.5,36.0
13926,2018,11.0,hockenheimring,False,0.0,False,1.0,True,sirotkin,Russian,williams,12,19,0.0,0.0,,4,0,10,2.5,22.0
13916,2018,11.0,Auto%#,False,0.0,False,,True,,Swedish,sauber,13,,3.0,0.0,18.0,16,0,9,2.5,27.0
13908,2018,11.0,hockenheimring,False,0.0,,1.0,True,hamilton,British,mercedes,14,1,163.0,3.0,2.0,267,3,,1.7999999999999972,
13915,2018,11.0,hockenheimring,False,,False,1.0,True,ocon,,force_india,15,8,25.0,0.0,11.0,49,0,6,2.5,21.0
13921,2018,11.0,hockenheimring,False,0.0,False,1.0,True,gasly,French,toro_rosso,,14,18.0,0.0,13.0,19,0,8,2.799999999999997,22.0
13917,2018,11.0,hockenheimring,False,0.0,False,1.0,True,brendon_hartley,New Zealander,toro_rosso,17,10,1.0,0.0,19.0,19,0,8,3.0,28.0
13924,2018,11.0,hockenheimring,False,0.0,False,1.0,True,stroll,Canadian,williams,18,17,4.0,0.0,17.0,4,0,10,3.200000000000003,19.0
13920,2018,11.0,hockenheimring,False,0.0,False,1.0,True,vandoorne,Belgian,mclaren,19,13,8.0,0.0,16.0,48,0,7,,26.0
13927,2018,,hockenheimring,False,0.0,False,1.0,True,ricciardo,Australian,red_bull,20,20,106.0,2.0,4.0,199,3,3,2.5,29.0
13928,2018,12.0,hungaroring,False,0.0,False,0.0,False,hamilton,British,mercedes,1,1,188.0,4.0,1.0,310,,1,0.0,33.0
13932,2018,12.0,hungaroring,False,0.0,False,0.0,False,bottas,Finnish,mercedes,,5,122.0,0.0,4.0,310,4,1,0.2000000000000028,28.0
13930,2018,12.0,hungaroring,False,0.0,Auto%#,,False,raikkonen,Finnish,ferrari,3,3,131.0,0.0,3.0,302,4,2,0.5,38.0
13929,2018,12.0,hungaroring,False,,False,0.0,False,vettel,German,ferrari,4,2,171.0,4.0,2.0,302,,2,0.5,31.0
13936,2018,12.0,hungaroring,False,0.0,False,0.0,False,sainz,Spanish,renault,5,9,28.0,0.0,12.0,80,0,4,1.0,23.0
,2018,12.0,hungaroring,False,0.0,False,0.0,False,gasly,French,toro_rosso,,6,18.0,0.0,14.0,20,0,8,1.8999999999999917,22.0
13946,,12.0,hungaroring,False,0.0,False,0.0,False,max_verstappen,Dutch,red_bull,7,19,105.0,1.0,6.0,211,3,3,2.299999999999997,20.0
13938,2018,12.0,hungaroring,False,0.0,False,0.0,False,brendon_hartley,New Zealander,toro_rosso,8,11,,0.0,19.0,20,0,8,2.3999999999999915,28.0
13934,2018,12.0,hungaroring,False,0.0,False,0.0,False,kevin_magnussen,Danish,haas,9,7,39.0,0.0,9.0,59,0,6,4.200000000000003,25.0
13937,2018,,hungaroring,False,0.0,False,0.0,False,grosjean,French,haas,10,10,20.0,0.0,13.0,59,0,6,4.899999999999992,32.0
13935,2018,,hungaroring,False,0.0,False,0.0,False,alonso,Spanish,mclaren,11,8,40.0,,8.0,48,0,7,,37.0
13931,2018,12.0,hungaroring,False,0.0,False,0.0,False,ricciardo,,red_bull,12,4,106.0,2.0,5.0,211,3,3,0.7000000000000028,29.0
13939,2018,12.0,hungaroring,False,0.0,False,0.0,False,hulkenberg,German,renault,13,12,52.0,0.0,7.0,,0,4,0.7999999999999972,30.0
13942,2018,12.0,hungaroring,False,0.0,False,0.0,False,ericsson,Swedish,sauber,14,15,5.0,0.0,17.0,18,0,9,1.3999999999999917,27.0
13944,2018,12.0,hungaroring,False,0.0,False,0.0,False,stroll,Canadian,williams,15,17,4.0,0.0,18.0,4,0,10,-16.900000000000006,19.0
13945,2018,12.0,hungaroring,False,0.0,False,0.0,False,vandoorne,Belgian,mclaren,16,18,8.0,0.0,16.0,48,,7,-16.900000000000006,26.0
13947,2018,12.0,hungaroring,False,0.0,False,0.0,False,leclerc,Monegasque,sauber,17,20,13.0,0.0,15.0,18,0,9,-16.60000000000001,20.0
13940,2018,12.0,hungaroring,False,,False,0.0,False,ocon,,force_india,18,13,29.0,0.0,11.0,59,0,5,-16.5,21.0
13941,2018,12.0,hungaroring,False,0.0,False,,False,perez,Mexican,force_india,19,14,30.0,0.0,10.0,59,0,5,-16.400000000000006,28.0
13949,2018,13.0,spa,False,,False,0.0,False,hamilton,British,mercedes,1,2,213.0,5.0,1.0,345,5,1,0.0,33.0
13948,2018,,spa,False,0.0,False,0.0,False,vettel,German,ferrari,2,Auto%#,189.0,4.0,2.0,335,4,2,0.7000000000000028,31.0
13953,2018,13.0,spa,False,0.0,False,0.0,False,ocon,French,force_india,3,6,29.0,0.0,12.0,59,,6,3.700000000000003,21.0
13952,2018,13.0,spa,False,0.0,False,0.0,False,perez,Mexican,Auto%#,4,5,30.0,0.0,10.0,59,0,6,3.700000000000003,28.0
13954,,13.0,spa,False,0.0,,0.0,False,grosjean,French,haas,5,7,21.0,0.0,14.0,66,0,5,3.899999999999992,32.0
13964,,13.0,spa,False,0.0,False,0.0,False,raikkonen,Finnish,ferrari,6,17,146.0,0.0,3.0,,4,2,4.5,38.0
13950,2018,13.0,spa,False,0.0,False,0.0,False,max_verstappen,Dutch,red_bull,7,3,105.0,1.0,6.0,223,3,3,4.599999999999994,20.0
13963,2018,13.0,spa,False,0.0,False,0.0,False,ricciardo,Australian,red_bull,8,16,118.0,2.0,5.0,223,3,3,4.700000000000003,29.0
13955,2018,13.0,spa,False,0.0,False,0.0,False,kevin_magnussen,Danish,haas,9,8,45.0,0.0,8.0,66,0,5,6.700000000000003,25.0
13956,2018,13.0,spa,False,0.0,False,0.0,False,gasly,French,toro_rosso,10,9,26.0,0.0,13.0,28,0,8,-14.400000000000006,22.0
13961,2018,13.0,spa,False,0.0,False,,False,brendon_hartley,New Zealander,toro_rosso,11,14,2.0,0.0,19.0,28,0,8,-14.299999999999995,28.0
13965,2018,13.0,spa,False,0.0,False,0.0,False,leclerc,Monegasque,sauber,12,18,13.0,0.0,15.0,,0,9,-14.100000000000009,20.0
13957,2018,13.0,spa,False,0.0,False,0.0,False,ericsson,Swedish,sauber,13,10,5.0,0.0,17.0,18,0,9,-13.900000000000006,27.0
13958,2018,13.0,spa,False,0.0,False,0.0,False,sainz,Spanish,,14,11,30.0,0.0,11.0,82,0,4,-13.299999999999995,23.0
13966,2018,13.0,spa,False,0.0,False,0.0,False,alonso,Spanish,mclaren,15,19,44.0,0.0,9.0,52,0,7,-13.200000000000005,37.0
13959,2018,13.0,spa,False,0.0,,0.0,False,sirotkin,Russian,williams,16,12,0.0,0.0,20.0,4,0,10,-13.100000000000009,22.0
13951,2018,13.0,spa,False,0.0,False,0.0,False,bottas,Finnish,mercedes,19,4,132.0,0.0,4.0,345,5,1,-13.700000000000005,28.0
13967,2018,13.0,spa,False,0.0,False,0.0,False,hulkenberg,German,renault,20,20,52.0,0.0,7.0,82,0,4,-12.900000000000006,31.0
13969,2018,14.0,monza,False,0.0,False,,,raikkonen,Finnish,ferrari,1,2,146.0,0.0,3.0,360,5,2,0.0,38.0
13971,2018,14.0,monza,False,0.0,False,0.0,False,vettel,German,ferrari,2,4,214.0,5.0,2.0,360,5,2,0.2000000000000028,31.0
13968,2018,14.0,monza,False,0.0,False,0.0,False,hamilton,British,mercedes,3,,231.0,5.0,1.0,375,5,1,0.2000000000000028,33.0
13970,2018,14.0,monza,False,0.0,False,0.0,False,bottas,Finnish,mercedes,4,3,144.0,0.0,4.0,375,5,1,0.6000000000000085,29.0
13972,2018,14.0,monza,False,0.0,False,0.0,False,max_verstappen,Dutch,red_bull,5,5,120.0,1.0,,238,3,3,1.5,20.0
13987,2018,14.0,monza,False,0.0,False,0.0,Auto%#,grosjean,French,haas,6,20,27.0,0.0,14.0,76,0,5,1.8000000000000114,32.0
13975,2018,14.0,monza,False,0.0,False,0.0,False,sainz,Spanish,renault,7,8,30.0,0.0,12.0,82,0,4,1.9000000000000057,24.0
13973,2018,14.0,monza,False,0.0,False,0.0,False,ocon,French,force_india,8,6,37.0,0.0,11.0,18,0,9,2.0,21.0
13981,2018,14.0,monza,False,0.0,False,0.0,False,gasly,French,toro_rosso,9,14,28.0,0.0,13.0,30,0,7,2.300000000000012,22.0
13976,2018,14.0,monza,False,0.0,False,0.0,False,stroll,Canadian,williams,10,9,4.0,0.0,18.0,4,0,10,2.5,19.0
13983,2018,14.0,monza,False,0.0,False,0.0,False,kevin_magnussen,Danish,haas,11,16,49.0,0.0,,76,0,5,2.6000000000000085,25.0
13977,2018,14.0,monza,False,0.0,False,0.0,False,sirotkin,Russian,williams,12,10,0.0,0.0,20.0,4,0,10,2.6000000000000085,23.0
13985,2018,14.0,monza,False,0.0,False,0.0,False,alonso,Spanish,mclaren,13,18,44.0,0.0,9.0,52,0,6,3.5,37.0
13974,2018,,monza,False,0.0,False,0.0,False,,Mexican,force_india,14,7,40.0,0.0,10.0,18,0,9,2.800000000000012,28.0
13978,2018,14.0,monza,False,0.0,False,0.0,False,leclerc,,sauber,15,11,13.0,0.0,15.0,19,0,8,2.800000000000012,20.0
13986,2018,14.0,monza,False,0.0,False,0.0,False,brendon_hartley,New Zealander,toro_rosso,16,19,2.0,0.0,,30,0,7,2.800000000000012,28.0
13979,2018,14.0,monza,False,0.0,False,0.0,False,vandoorne,Belgian,Auto%#,17,12,8.0,0.0,16.0,52,0,6,3.0,26.0
13982,2018,14.0,monza,False,0.0,False,0.0,False,ericsson,Swedish,sauber,18,15,6.0,0.0,17.0,19,0,,2.9000000000000057,28.0
13988,2018,15.0,marina_bay,False,0.0,False,0.0,False,hamilton,British,mercedes,1,1,256.0,6.0,1.0,415,6,1,0.0,33.0
13989,2018,15.0,marina_bay,False,0.0,False,0.0,False,max_verstappen,Dutch,red_bull,2,2,130.0,1.0,5.0,248,3,3,0.2999999999999971,20.0
13990,2018,15.0,marina_bay,False,0.0,False,0.0,False,vettel,German,ferrari,3,3,226.0,5.0,2.0,390,5,2,0.5999999999999943,31.0
13991,2018,15.0,marina_bay,False,0.0,False,0.0,False,bottas,Finnish,mercedes,4,4,159.0,0.0,4.0,415,6,1,0.7000000000000028,29.0
,2018,15.0,marina_bay,False,0.0,False,0.0,False,raikkonen,Finnish,ferrari,5,5,164.0,0.0,3.0,390,5,2,0.7999999999999972,38.0
13993,2018,15.0,marina_bay,False,0.0,False,0.0,False,ricciardo,Australian,red_bull,6,6,118.0,2.0,6.0,248,3,3,1.0,29.0
14003,2018,15.0,marina_bay,False,0.0,False,0.0,False,,Mexican,,7,16,46.0,0.0,9.0,32,0,7,2.0,28.0
14002,2018,15.0,marina_bay,False,0.0,False,0.0,False,,French,haas,8,15,27.0,0.0,14.0,76,0,5,2.299999999999997,32.0
14007,2018,15.0,marina_bay,False,0.0,False,0.0,False,ocon,French,force_india,9,20,45.0,0.0,,,0,7,2.4000000000000057,21.0
13997,2018,15.0,marina_bay,False,0.0,False,0.0,False,hulkenberg,German,renault,10,10,52.0,0.0,7.0,86,0,4,2.5999999999999943,31.0
13994,2018,15.0,marina_bay,False,0.0,False,0.0,False,alonso,Spanish,mclaren,11,7,44.0,0.0,11.0,52,0,6,2.5999999999999943,37.0
13995,2018,15.0,marina_bay,False,0.0,False,0.0,False,sainz,Auto%#,renault,12,8,34.0,0.0,12.0,86,0,4,2.700000000000003,24.0
13996,2018,15.0,marina_bay,False,0.0,False,0.0,False,leclerc,Monegasque,sauber,13,9,13.0,0.0,15.0,19,,9,2.700000000000003,
13998,2018,15.0,marina_bay,False,,False,0.0,False,ericsson,Swedish,sauber,14,11,6.0,0.0,18.0,19,0,9,3.5,28.0
14000,2018,15.0,marina_bay,False,0.0,False,0.0,False,gasly,French,toro_rosso,15,13,28.0,0.0,13.0,30,0,8,3.700000000000003,22.0
14005,2018,15.0,marina_bay,False,0.0,False,0.0,False,kevin_magnussen,Danish,Auto%#,16,18,49.0,0.0,8.0,76,0,5,3.5999999999999943,25.0
14004,2018,15.0,marina_bay,False,0.0,False,0.0,False,brendon_hartley,New Zealander,toro_rosso,17,17,2.0,0.0,19.0,30,0,8,3.799999999999997,28.0
13999,2018,15.0,marina_bay,False,0.0,False,0.0,False,vandoorne,Belgian,mclaren,18,12,8.0,0.0,16.0,52,0,6,3.9000000000000057,26.0
14006,2018,15.0,marina_bay,False,0.0,False,0.0,False,sirotkin,,williams,19,19,1.0,0.0,20.0,7,0,10,5.299999999999997,23.0
14001,2018,15.0,marina_bay,False,0.0,False,0.0,False,stroll,Canadian,williams,20,14,6.0,0.0,17.0,7,,,5.299999999999997,19.0
14009,2018,16.0,sochi,False,0.0,False,0.0,False,bottas,Finnish,mercedes,1,2,171.0,0.0,4.0,452,7,1,0.0,29.0
14008,2018,16.0,sochi,False,0.0,False,0.0,False,hamilton,British,mercedes,2,1,281.0,7.0,,452,7,1,0.0999999999999943,33.0
14010,2018,16.0,sochi,False,0.0,False,0.0,False,vettel,German,ferrari,3,3,241.0,5.0,2.0,415,5,Auto%#,0.5,31.0
14011,2018,16.0,sochi,False,0.0,False,0.0,False,raikkonen,,ferrari,4,4,174.0,0.0,3.0,415,5,2,0.7999999999999972,38.0
14015,2018,16.0,sochi,False,0.0,False,0.0,False,kevin_magnussen,Danish,haas,5,8,49.0,0.0,9.0,76,0,5,1.7999999999999972,25.0
14016,2018,16.0,sochi,False,0.0,False,,False,ocon,French,force_india,6,9,45.0,0.0,11.0,32,0,7,2.0,22.0
14014,2018,16.0,sochi,False,0.0,,0.0,False,leclerc,Monegasque,sauber,7,7,15.0,0.0,15.0,21,0,9,2.0,20.0
14017,2018,16.0,sochi,False,0.0,False,0.0,False,perez,Mexican,force_india,8,10,46.0,0.0,10.0,32,0,7,2.1999999999999886,28.0
14018,2018,16.0,sochi,False,0.0,False,0.0,,grosjean,French,haas,9,11,27.0,0.0,14.0,76,0,5,2.299999999999997,32.0
14020,2018,16.0,sochi,False,0.0,False,0.0,False,ericsson,Swedish,sauber,10,Auto%#,6.0,0.0,18.0,21,0,9,3.799999999999997,28.0
14025,2018,16.0,sochi,False,0.0,False,0.0,False,sirotkin,Russian,williams,Auto%#,18,1.0,0.0,20.0,7,0,10,4.199999999999989,23.0
14022,2018,16.0,sochi,False,0.0,False,0.0,False,stroll,Canadian,williams,14,15,6.0,0.0,17.0,7,0,10,5.0,19.0
14023,2018,16.0,sochi,False,0.0,False,0.0,False,vandoorne,Belgian,mclaren,15,16,8.0,0.0,16.0,58,0,,4.599999999999994,26.0
14021,2018,16.0,sochi,False,0.0,False,0.0,False,,Spanish,mclaren,16,14,50.0,0.0,8.0,58,0,6,4.099999999999994,37.0
14027,2018,16.0,sochi,False,0.0,False,0.0,False,brendon_hartley,New Zealander,toro_rosso,20,20,2.0,0.0,19.0,30,0,8,3.5999999999999943,28.0
14028,2018,17.0,suzuka,False,0.0,False,0.0,False,hamilton,British,mercedes,1,1,306.0,8.0,1.0,495,8,1,0.0,33.0
14029,2018,17.0,suzuka,False,0.0,False,0.0,False,bottas,Finnish,mercedes,2,2,189.0,0.0,3.0,495,8,1,0.2999999999999971,29.0
14030,2018,17.0,suzuka,False,0.0,False,0.0,False,max_verstappen,Dutch,red_bull,3,,158.0,,5.0,292,3,3,1.2999999999999972,21.0
14032,2018,17.0,suzuka,False,0.0,False,0.0,False,raikkonen,Finnish,ferrari,4,5,186.0,0.0,,442,5,2,1.7000000000000028,38.0
14035,2018,17.0,suzuka,False,0.0,False,0.0,False,grosjean,French,haas,5,8,27.0,0.0,14.0,80,0,5,2.0,32.0
14040,2018,17.0,suzuka,False,0.0,False,0.0,False,brendon_hartley,New Zealander,toro_rosso,6,13,2.0,0.0,19.0,30,0,8,2.200000000000003,28.0
14038,2018,17.0,suzuka,False,0.0,False,0.0,False,gasly,French,toro_rosso,7,11,28.0,0.0,13.0,30,,8,2.299999999999997,22.0
14033,2018,17.0,suzuka,False,0.0,False,0.0,,vettel,German,ferrari,8,6,256.0,5.0,2.0,442,5,2,4.400000000000006,31.0
14034,2018,17.0,suzuka,False,0.0,False,0.0,False,perez,Mexican,force_india,,7,47.0,0.0,10.0,35,,7,9.400000000000006,28.0
14045,2018,17.0,suzuka,False,,False,0.0,False,leclerc,Monegasque,sauber,10,18,21.0,0.0,15.0,27,0,9,2.1000000000000085,20.0
14036,2018,17.0,suzuka,False,0.0,False,0.0,False,ocon,French,force_india,11,9,47.0,0.0,11.0,35,0,7,2.299999999999997,22.0
14047,2018,17.0,suzuka,False,,False,0.0,False,kevin_magnussen,Danish,haas,12,20,53.0,0.0,,80,0,5,2.4000000000000057,26.0
14037,2018,17.0,suzuka,False,0.0,False,0.0,False,sainz,Spanish,renault,13,10,38.0,0.0,12.0,91,0,4,2.700000000000003,24.0
14044,2018,17.0,suzuka,False,0.0,False,0.0,False,stroll,Canadian,,14,17,,0.0,17.0,7,0,10,2.9000000000000057,19.0
,2018,17.0,suzuka,False,0.0,False,0.0,False,hulkenberg,German,renault,16,19,53.0,0.0,8.0,91,0,4,2.6000000000000085,31.0
14043,2018,,suzuka,False,0.0,False,0.0,False,sirotkin,Russian,williams,17,16,1.0,0.0,20.0,7,0,10,2.6000000000000085,23.0
14041,2018,17.0,suzuka,False,0.0,False,0.0,False,alonso,Spanish,mclaren,18,14,50.0,0.0,9.0,58,,6,2.799999999999997,37.0
14042,2018,17.0,suzuka,False,0.0,False,0.0,False,vandoorne,Belgian,mclaren,19,15,8.0,0.0,16.0,58,0,6,3.200000000000003,26.0
14039,2018,17.0,suzuka,False,0.0,False,0.0,False,ericsson,Swedish,sauber,20,12,6.0,,18.0,27,0,9,3.4000000000000057,28.0
14050,2018,18.0,americas,False,0.0,False,0.0,False,hamilton,British,mercedes,1,3,,9.0,1.0,538,9,1,0.0,33.0
14048,2018,18.0,americas,False,0.0,False,0.0,False,raikkonen,Finnish,ferrari,2,Auto%#,196.0,0.0,4.0,460,5,2,0.0999999999999943,39.0
14052,2018,18.0,americas,False,0.0,False,0.0,False,bottas,Finnish,mercedes,3,5,207.0,0.0,3.0,538,9,1,0.3999999999999915,29.0
14063,2018,18.0,americas,False,0.0,False,0.0,False,ricciardo,Australian,red_bull,Auto%#,16,146.0,2.0,6.0,319,,3,1.2999999999999972,29.0
14051,2018,18.0,americas,False,0.0,False,0.0,False,vettel,German,ferrari,5,4,264.0,5.0,2.0,460,5,2,0.0999999999999943,31.0
14066,2018,18.0,americas,False,0.0,False,0.0,False,ocon,French,force_india,6,19,49.0,0.0,11.0,43,0,7,1.8999999999999917,22.0
14053,2018,18.0,americas,False,0.0,Auto%#,0.0,False,hulkenberg,German,renault,7,6,53.0,0.0,9.0,92,0,4,2.0,31.0
14064,2018,18.0,americas,False,,False,0.0,False,,French,haas,8,17,31.0,0.0,,84,0,5,2.0999999999999943,32.0
14062,2018,18.0,americas,False,0.0,False,0.0,False,leclerc,Monegasque,sauber,9,15,21.0,0.0,15.0,27,0,9,2.200000000000003,21.0
14055,2018,18.0,americas,False,0.0,False,0.0,False,perez,,force_india,10,8,53.0,0.0,,43,0,7,,28.0
14054,2018,18.0,americas,False,,False,0.0,False,sainz,Spanish,renault,11,7,39.0,0.0,12.0,92,0,4,2.3999999999999915,24.0
14067,2018,,americas,False,0.0,False,0.0,False,kevin_magnussen,Danish,haas,12,20,53.0,0.0,8.0,84,0,5,2.5,26.0
14065,2018,18.0,americas,False,0.0,False,0.0,False,alonso,Spanish,mclaren,13,18,50.0,0.0,10.0,58,,6,3.0999999999999943,37.0
14060,,18.0,americas,False,0.0,False,0.0,False,sirotkin,Russian,williams,14,13,1.0,0.0,20.0,7,0,10,3.200000000000003,23.0
14061,2018,18.0,americas,False,0.0,False,0.0,False,stroll,Canadian,williams,15,14,6.0,0.0,17.0,7,0,10,3.299999999999997,19.0
14057,2018,18.0,americas,False,0.0,Auto%#,0.0,False,ericsson,Swedish,sauber,16,10,6.0,0.0,18.0,27,0,9,3.299999999999997,28.0
14058,2018,18.0,americas,False,0.0,False,0.0,False,vandoorne,Belgian,mclaren,17,11,8.0,0.0,16.0,58,0,6,3.5,26.0
14049,2018,18.0,americas,False,0.0,False,0.0,False,max_verstappen,Dutch,red_bull,Auto%#,2,173.0,1.0,5.0,319,3,3,2.5999999999999943,21.0
14084,2018,19.0,rodriguez,False,0.0,False,0.0,False,ricciardo,Australian,red_bull,1,17,146.0,2.0,6.0,337,3,3,0.0,29.0
14068,2018,19.0,rodriguez,False,0.0,False,0.0,False,max_verstappen,Dutch,red_bull,2,1,191.0,1.0,5.0,337,3,3,0.0,21.0
14071,2018,19.0,rodriguez,False,0.0,False,0.0,False,hamilton,British,mercedes,3,,346.0,9.0,1.0,563,9,1,0.1000000000000085,33.0
14069,2018,19.0,rodriguez,False,0.0,False,0.0,False,vettel,German,ferrari,4,2,276.0,5.0,,497,6,2,0.2000000000000028,31.0
14072,2018,19.0,rodriguez,False,0.0,False,0.0,False,bottas,Finnish,mercedes,5,5,217.0,0.0,4.0,563,9,1,,29.0
14070,2018,,rodriguez,False,0.0,False,0.0,False,raikkonen,Finnish,ferrari,6,3,221.0,1.0,3.0,497,6,2,0.5,39.0
14073,2018,19.0,rodriguez,False,0.0,False,0.0,False,hulkenberg,German,renault,7,6,61.0,0.0,7.0,106,0,4,1.0,31.0
14086,2018,19.0,rodriguez,False,0.0,False,0.0,False,sainz,Spanish,renault,8,19,45.0,0.0,12.0,106,0,4,1.2999999999999972,24.0
14074,2018,19.0,rodriguez,False,0.0,False,0.0,False,leclerc,Monegasque,sauber,9,7,21.0,0.0,15.0,28,0,9,1.4000000000000057,21.0
14076,2018,19.0,rodriguez,False,0.0,False,0.0,False,ericsson,Swedish,sauber,10,9,7.0,0.0,17.0,28,0,9,1.7000000000000028,28.0
14078,2018,19.0,,False,0.0,False,0.0,False,,,force_india,11,11,49.0,0.0,11.0,47,0,7,2.0,22.0
14087,2018,19.0,rodriguez,False,0.0,,0.0,False,alonso,Spanish,mclaren,12,20,50.0,0.0,10.0,58,0,6,2.1000000000000085,37.0
14085,2018,19.0,rodriguez,False,0.0,False,0.0,False,perez,Mexican,force_india,,18,57.0,0.0,8.0,47,0,7,2.4000000000000057,28.0
14081,2018,19.0,rodriguez,False,0.0,False,0.0,False,brendon_hartley,New Zealander,toro_rosso,14,14,4.0,0.0,19.0,32,0,8,2.4000000000000057,28.0
14075,2018,19.0,rodriguez,False,0.0,False,0.0,False,vandoorne,Belgian,mclaren,15,8,8.0,0.0,16.0,58,0,6,2.200000000000003,26.0
14082,2018,19.0,rodriguez,,0.0,False,0.0,False,kevin_magnussen,Danish,haas,16,15,53.0,0.0,9.0,84,0,5,2.799999999999997,26.0
14079,2018,19.0,rodriguez,False,0.0,False,0.0,False,stroll,Canadian,williams,17,12,6.0,0.0,,7,0,10,2.9000000000000057,19.0
14083,2018,19.0,rodriguez,False,0.0,False,0.0,False,grosjean,French,haas,18,16,31.0,0.0,13.0,84,0,5,2.1000000000000085,32.0
14080,2018,19.0,rodriguez,False,0.0,False,0.0,False,sirotkin,Russian,williams,19,13,1.0,0.0,20.0,7,0,10,3.1000000000000085,23.0
14088,2018,20.0,interlagos,False,0.0,False,0.0,False,hamilton,British,mercedes,1,1,358.0,9.0,1.0,585,9,1,0.0,33.0
14093,2018,20.0,interlagos,False,0.0,False,0.0,False,vettel,German,ferrari,2,6,294.0,5.0,2.0,530,6,2,0.1000000000000085,31.0
14092,2018,20.0,interlagos,False,0.0,False,0.0,False,bottas,Finnish,,3,5,227.0,0.0,4.0,585,9,1,0.1000000000000085,29.0
14090,2018,20.0,interlagos,False,0.0,False,0.0,False,raikkonen,Finnish,ferrari,4,3,236.0,1.0,3.0,530,6,2,0.2000000000000028,39.0
14089,2018,20.0,interlagos,False,0.0,False,0.0,False,max_verstappen,,red_bull,5,2,216.0,2.0,5.0,362,4,3,0.5,21.0
14107,2018,20.0,interlagos,False,0.0,False,0.0,False,ericsson,Swedish,sauber,6,20,9.0,0.0,17.0,36,0,8,1.0,28.0
14094,2018,20.0,interlagos,False,0.0,False,0.0,False,,Monegasque,sauber,7,7,27.0,0.0,15.0,36,0,8,1.2000000000000028,21.0
14095,2018,20.0,interlagos,False,0.0,False,0.0,False,grosjean,French,haas,8,8,31.0,0.0,,84,0,5,1.2000000000000028,32.0
14100,2018,20.0,interlagos,False,0.0,False,,False,gasly,French,toro_rosso,9,13,29.0,0.0,14.0,33,0,9,1.7000000000000028,22.0
14096,2018,20.0,interlagos,False,0.0,False,0.0,False,kevin_magnussen,Danish,haas,10,9,53.0,0.0,9.0,84,0,5,1.4000000000000057,26.0
14091,2018,20.0,interlagos,False,0.0,False,0.0,False,ricciardo,Australian,red_bull,11,4,146.0,2.0,6.0,362,4,3,0.5,29.0
14097,2018,20.0,interlagos,False,0.0,False,0.0,False,perez,Mexican,force_india,12,10,57.0,0.0,,47,0,7,1.4000000000000057,28.0
14106,2018,20.0,interlagos,False,0.0,False,0.0,False,hulkenberg,German,renault,13,19,69.0,0.0,7.0,114,0,4,1.5,31.0
14103,2018,20.0,interlagos,False,0.0,False,0.0,False,sirotkin,Russian,williams,14,16,1.0,0.0,20.0,7,0,10,3.1000000000000085,23.0
14099,2018,20.0,interlagos,,0.0,False,0.0,False,sainz,Spanish,renault,15,12,45.0,0.0,12.0,114,0,4,2.0,24.0
14098,2018,,interlagos,False,0.0,False,0.0,False,brendon_hartley,New Zealander,toro_rosso,16,11,4.0,0.0,19.0,33,0,9,,29.0
14104,2018,20.0,interlagos,False,0.0,False,0.0,False,alonso,Spanish,mclaren,17,17,50.0,0.0,10.0,62,0,6,2.1000000000000085,37.0
14102,2018,20.0,interlagos,False,0.0,False,0.0,False,ocon,French,force_india,18,15,49.0,0.0,11.0,47,0,7,1.5,
14105,2018,20.0,interlagos,False,0.0,False,0.0,False,stroll,Canadian,williams,19,18,6.0,0.0,18.0,7,0,10,2.1000000000000085,20.0
14101,2018,,interlagos,False,0.0,False,,False,vandoorne,Belgian,mclaren,20,14,12.0,0.0,16.0,62,0,6,2.299999999999997,26.0
14108,2018,21.0,yas_marina,False,0.0,False,0.0,Auto%#,hamilton,British,,1,1,383.0,10.0,1.0,620,,1,0.0,33.0
14112,2018,21.0,Auto%#,False,0.0,False,0.0,False,bottas,Finnish,mercedes,2,5,237.0,0.0,4.0,620,10,1,0.2000000000000028,29.0
14109,2018,21.0,yas_marina,False,0.0,False,0.0,False,vettel,German,ferrari,3,2,302.0,5.0,2.0,553,6,2,0.2999999999999971,31.0
14126,2018,21.0,yas_marina,False,0.0,False,0.0,False,raikkonen,Finnish,ferrari,4,19,251.0,1.0,3.0,553,6,2,0.6000000000000085,39.0
14111,2018,21.0,yas_marina,False,0.0,False,0.0,False,ricciardo,Australian,red_bull,5,4,158.0,2.0,6.0,392,4,3,0.6000000000000085,29.0
14110,2018,21.0,yas_marina,False,0.0,False,0.0,False,max_verstappen,Dutch,red_bull,6,3,234.0,2.0,5.0,392,4,3,0.7999999999999972,21.0
14116,2018,21.0,yas_marina,False,0.0,False,0.0,False,grosjean,French,haas,7,9,35.0,0.0,13.0,90,0,5,1.4000000000000057,32.0
14114,2018,21.0,yas_marina,False,0.0,False,0.0,False,,,sauber,8,7,33.0,0.0,14.0,42,0,8,1.4000000000000057,21.0
14124,2018,21.0,yas_marina,False,0.0,False,0.0,False,ocon,French,force_india,,17,49.0,0.0,11.0,48,0,7,1.7000000000000028,22.0
14127,2018,21.0,yas_marina,False,0.0,False,0.0,False,,German,renault,10,20,69.0,0.0,7.0,114,0,4,1.7000000000000028,31.0
14113,2018,21.0,yas_marina,False,0.0,False,0.0,False,sainz,Spanish,renault,11,6,45.0,0.0,12.0,114,0,4,2.200000000000003,24.0
14125,2018,21.0,yas_marina,False,0.0,False,0.0,False,ericsson,Swedish,sauber,12,18,9.0,0.0,17.0,42,0,8,2.299999999999997,
14117,2018,21.0,yas_marina,False,0.0,False,0.0,False,kevin_magnussen,Danish,haas,13,10,55.0,0.0,,90,0,Auto%#,2.5,26.0
14115,2018,21.0,yas_marina,False,0.0,False,0.0,False,perez,Mexican,force_india,14,8,58.0,0.0,8.0,48,0,7,2.700000000000003,28.0
14118,2018,21.0,yas_marina,False,0.0,False,0.0,False,alonso,Spanish,mclaren,15,11,50.0,0.0,10.0,62,0,,2.9000000000000057,37.0
14119,2018,21.0,yas_marina,False,0.0,False,0.0,False,brendon_hartley,New Zealander,toro_rosso,16,12,4.0,0.0,19.0,33,0,9,3.200000000000003,29.0
14123,2018,21.0,yas_marina,False,0.0,False,0.0,False,gasly,French,toro_rosso,17,16,29.0,0.0,15.0,33,,9,3.4000000000000057,22.0
14121,2018,21.0,yas_marina,False,0.0,Auto%#,0.0,False,vandoorne,,mclaren,18,14,12.0,0.0,16.0,,0,6,3.799999999999997,26.0
14122,2018,21.0,yas_marina,False,0.0,False,0.0,False,sirotkin,Russian,williams,19,15,1.0,0.0,20.0,7,0,10,3.799999999999997,23.0
14120,2018,21.0,yas_marina,False,0.0,False,0.0,False,,Canadian,williams,20,13,6.0,0.0,18.0,7,0,10,3.9000000000000057,
14129,2019,1.0,albert_park,False,0.0,False,0.0,False,hamilton,British,mercedes,1,2,0.0,0.0,0.0,0,0,0,0.0,34.0
14128,2019,1.0,albert_park,False,0.0,False,0.0,False,bottas,Finnish,mercedes,2,1,0.0,0.0,0.0,,0,0,0.0999999999999943,29.0
14131,,1.0,albert_park,False,0.0,Auto%#,0.0,False,vettel,German,ferrari,3,4,0.0,0.0,,0,0,0,0.7000000000000028,31.0
14130,2019,1.0,albert_park,False,0.0,False,0.0,False,max_verstappen,Dutch,red_bull,,3,0.0,0.0,0.0,0,0,0,0.7999999999999972,21.0
14132,2019,1.0,albert_park,False,0.0,False,0.0,False,leclerc,Monegasque,ferrari,5,5,0.0,0.0,0.0,,0,0,0.9000000000000057,21.0
14145,2019,1.0,albert_park,False,0.0,False,0.0,False,grosjean,French,haas,6,18,0.0,0.0,0.0,0,0,0,1.2999999999999972,32.0
14133,2019,1.0,albert_park,False,0.0,False,0.0,,kevin_magnussen,Danish,haas,7,6,0.0,0.0,0.0,0,0,0,1.5999999999999943,26.0
14139,2019,1.0,albert_park,False,0.0,False,0.0,False,norris,British,mclaren,8,12,0.0,0.0,0.0,0,0,0,1.7999999999999972,19.0
14135,2019,1.0,albert_park,False,0.0,False,0.0,False,raikkonen,Finnish,alfa,9,,0.0,0.0,0.0,0,0,0,1.7999999999999972,39.0
14140,2019,1.0,albert_park,False,0.0,False,0.0,False,perez,Mexican,racing_point,10,Auto%#,0.0,0.0,0.0,0,0,0,2.299999999999997,29.0
14134,2019,1.0,albert_park,False,0.0,False,0.0,False,hulkenberg,,renault,11,7,0.0,0.0,0.0,0,0,0,2.0999999999999943,31.0
14146,2019,1.0,albert_park,False,0.0,False,0.0,False,ricciardo,Australian,renault,12,19,0.0,0.0,0.0,0,0,0,2.0999999999999943,29.0
14141,2019,1.0,albert_park,False,0.0,False,0.0,,albon,Thai,toro_rosso,13,14,0.0,0.0,0.0,0,0,0,2.0999999999999943,22.0
14142,2019,1.0,albert_park,False,0.0,False,0.0,False,giovinazzi,Italian,alfa,14,15,0.0,0.0,0.0,0,0,0,2.200000000000003,25.0
14137,,1.0,albert_park,False,0.0,False,0.0,False,kvyat,Russian,toro_rosso,15,10,0.0,0.0,0.0,0,0,0,,24.0
14136,2019,1.0,albert_park,False,0.0,False,0.0,False,stroll,Canadian,racing_point,16,9,0.0,0.0,0.0,0,0,0,2.5,20.0
14138,2019,1.0,albert_park,False,0.0,False,0.0,False,gasly,French,red_bull,17,11,0.0,0.0,0.0,0,0,0,2.5,23.0
14147,2019,1.0,Auto%#,False,0.0,False,0.0,False,sainz,Spanish,mclaren,18,20,0.0,0.0,0.0,0,0,0,2.5999999999999943,24.0
14143,,1.0,albert_park,False,0.0,False,0.0,False,russell,British,williams,19,16,0.0,0.0,0.0,0,0,0,3.9000000000000057,21.0
14144,2019,1.0,albert_park,,0.0,False,0.0,False,kubica,Polish,williams,20,,0.0,0.0,0.0,0,0,0,5.599999999999994,34.0
14150,2019,2.0,bahrain,True,0.0,False,0.0,False,leclerc,Monegasque,ferrari,1,3,10.0,0.0,5.0,22,0,2,0.0,21.0
14152,2019,2.0,bahrain,True,0.0,False,0.0,False,vettel,German,ferrari,2,5,12.0,0.0,4.0,22,0,2,0.2999999999999971,31.0
14148,2019,2.0,bahrain,True,0.0,False,0.0,False,hamilton,British,mercedes,3,,18.0,0.0,2.0,44,1,1,0.2999999999999971,34.0
14149,2019,2.0,bahrain,,0.0,False,0.0,False,bottas,Finnish,mercedes,4,2,26.0,1.0,1.0,44,1,1,0.3999999999999915,29.0
14151,2019,2.0,bahrain,True,0.0,False,0.0,False,max_verstappen,Dutch,red_bull,5,,15.0,0.0,3.0,15,0,3,0.8999999999999915,21.0
14160,2019,2.0,bahrain,True,0.0,False,0.0,False,kevin_magnussen,Danish,haas,6,13,8.0,0.0,6.0,8,0,4,0.8999999999999915,26.0
14166,2019,2.0,bahrain,True,0.0,False,0.0,False,sainz,,mclaren,7,19,0.0,0.0,20.0,0,0,9,0.8999999999999915,24.0
14154,2019,2.0,bahrain,True,0.0,,0.0,False,raikkonen,Finnish,alfa,8,7,,0.0,8.0,4,0,6,1.0999999999999943,39.0
14153,2019,2.0,bahrain,True,0.0,False,0.0,False,norris,British,mclaren,9,6,0.0,0.0,12.0,0,0,9,1.0999999999999943,19.0
14165,2019,2.0,bahrain,True,0.0,False,0.0,False,ricciardo,Australian,renault,10,18,0.0,0.0,19.0,6,0,5,1.5999999999999943,29.0
14167,2019,2.0,bahrain,True,0.0,False,0.0,False,grosjean,French,haas,11,20,0.0,0.0,18.0,8,0,4,1.0999999999999943,32.0
14156,2019,2.0,bahrain,True,0.0,False,0.0,False,albon,Auto%#,toro_rosso,12,9,0.0,0.0,14.0,1,0,8,1.5999999999999943,23.0
14155,2019,2.0,bahrain,True,0.0,False,,False,gasly,French,red_bull,13,8,0.0,0.0,11.0,15,0,3,1.5999999999999943,23.0
14157,2019,2.0,bahrain,True,0.0,False,0.0,False,,Mexican,racing_point,14,10,0.0,0.0,13.0,2,0,7,1.8999999999999917,29.0
14159,2019,2.0,bahrain,True,0.0,False,0.0,False,kvyat,Russian,toro_rosso,15,12,1.0,,10.0,1,0,8,2.0,24.0
14158,2019,2.0,bahrain,True,0.0,False,0.0,False,giovinazzi,Italian,alfa,16,11,0.0,0.0,15.0,4,0,6,2.0999999999999943,25.0
14164,2019,2.0,bahrain,True,0.0,False,0.0,False,hulkenberg,German,renault,17,17,6.0,0.0,7.0,6,0,5,2.0999999999999943,31.0
14161,2019,2.0,bahrain,True,0.0,False,0.0,False,stroll,Canadian,racing_point,18,14,2.0,0.0,9.0,2,0,7,2.299999999999997,20.0
14162,2019,2.0,bahrain,True,0.0,False,0.0,False,russell,British,williams,19,15,0.0,0.0,16.0,0,0,10,3.899999999999992,21.0
14163,2019,2.0,bahrain,True,0.0,False,0.0,False,kubica,Polish,williams,20,16,0.0,0.0,17.0,0,0,10,3.899999999999992,34.0
14169,2019,3.0,shanghai,False,0.0,False,0.0,False,bottas,Finnish,mercedes,1,2,44.0,1.0,1.0,87,2,1,0.0,29.0
14168,2019,3.0,shanghai,False,0.0,False,0.0,False,hamilton,British,mercedes,2,1,43.0,1.0,2.0,87,2,1,0.0999999999999943,34.0
14170,2019,3.0,shanghai,False,0.0,False,0.0,False,vettel,German,ferrari,3,3,22.0,0.0,5.0,48,0,2,0.2999999999999971,31.0
14172,2019,3.0,shanghai,False,0.0,False,0.0,False,leclerc,Monegasque,ferrari,4,5,26.0,0.0,4.0,48,0,2,0.4000000000000057,21.0
14171,2019,3.0,shanghai,False,0.0,,0.0,False,max_verstappen,Dutch,red_bull,5,4,27.0,0.0,3.0,31,0,3,0.5999999999999943,21.0
,2019,3.0,shanghai,False,0.0,False,0.0,False,gasly,French,red_bull,6,6,4.0,0.0,10.0,31,0,3,1.4000000000000057,23.0
14174,2019,3.0,shanghai,False,0.0,False,0.0,False,ricciardo,Australian,renault,7,7,0.0,0.0,18.0,6,0,Auto%#,1.5,29.0
14186,2019,3.0,shanghai,False,0.0,False,0.0,False,hulkenberg,German,renault,8,20,6.0,0.0,9.0,6,0,7,1.5,31.0
14185,2019,3.0,shanghai,False,0.0,False,0.0,False,kvyat,Russian,toro_rosso,11,19,1.0,0.0,13.0,3,0,8,1.7000000000000028,24.0
14175,2019,3.0,shanghai,False,0.0,False,0.0,False,perez,Mexican,racing_point,12,8,1.0,0.0,14.0,3,0,,1.7999999999999972,29.0
14176,2019,3.0,shanghai,False,0.0,False,0.0,False,raikkonen,Finnish,alfa,13,9,10.0,0.0,6.0,10,0,4,1.9000000000000057,
14180,2019,3.0,shanghai,False,0.0,False,0.0,False,sainz,Spanish,mclaren,,14,0.0,0.0,20.0,8,0,5,2.0,24.0
14184,2019,3.0,shanghai,False,0.0,False,0.0,False,norris,British,mclaren,15,18,8.0,0.0,7.0,8,0,5,2.5,19.0
14178,2019,3.0,shanghai,False,,False,0.0,False,stroll,Canadian,racing_point,16,12,2.0,0.0,12.0,3,0,9,2.799999999999997,20.0
14182,2019,3.0,shanghai,False,0.0,False,0.0,False,russell,British,williams,17,16,0.0,0.0,16.0,0,0,10,3.799999999999997,21.0
14183,2019,3.0,shanghai,False,0.0,False,0.0,False,kubica,Polish,williams,18,17,0.0,0.0,17.0,0,0,10,3.799999999999997,34.0
14187,2019,4.0,BAK,False,0.0,False,0.0,False,bottas,Finnish,mercedes,1,1,,1.0,2.0,130,3,1,0.0,29.0
14188,2019,4.0,BAK,False,0.0,False,0.0,False,hamilton,British,,2,2,68.0,2.0,1.0,130,3,1,0.0999999999999943,34.0
14189,2019,4.0,BAK,False,0.0,False,0.0,False,vettel,German,ferrari,3,3,37.0,0.0,4.0,73,0,2,0.2999999999999971,31.0
14190,2019,4.0,BAK,False,0.0,False,0.0,False,max_verstappen,Dutch,red_bull,4,4,39.0,0.0,3.0,52,0,3,0.5999999999999943,21.0
14192,2019,4.0,BAK,False,0.0,False,0.0,False,perez,Mexican,racing_point,5,6,5.0,0.0,12.0,7,0,8,1.0999999999999943,29.0
14202,2019,4.0,BAK,False,0.0,False,0.0,False,kvyat,Russian,toro_rosso,6,19,1.0,0.0,15.0,4,0,9,1.2000000000000028,25.0
14194,,4.0,BAK,False,0.0,False,0.0,False,norris,,mclaren,7,8,8.0,0.0,8.0,8,0,7,1.4000000000000057,19.0
14193,2019,4.0,BAK,False,0.0,False,0.0,False,sainz,Spanish,mclaren,9,7,0.0,0.0,18.0,,0,7,1.9000000000000057,24.0
14203,2019,4.0,BAK,False,0.0,False,0.0,False,ricciardo,Australian,renault,10,20,6.0,,11.0,12,0,4,2.0,29.0
14196,2019,4.0,BAK,False,0.0,False,0.0,False,albon,Thai,toro_rosso,11,11,3.0,0.0,13.0,4,0,9,2.0,23.0
14198,2019,4.0,BAK,False,0.0,False,0.0,False,kevin_magnussen,Danish,haas,12,13,8.0,0.0,9.0,8,0,6,2.200000000000003,26.0
14195,2019,4.0,BAK,False,0.0,False,0.0,False,,Canadian,racing_point,13,9,2.0,0.0,14.0,7,0,8,2.0999999999999943,20.0
14201,2019,4.0,BAK,False,0.0,False,0.0,False,grosjean,French,haas,14,18,0.0,0.0,17.0,8,0,6,2.9000000000000057,33.0
14199,2019,4.0,BAK,False,0.0,False,0.0,False,hulkenberg,German,renault,15,14,6.0,0.0,10.0,12,0,4,2.9000000000000057,31.0
14200,,4.0,BAK,False,0.0,False,0.0,False,russell,British,williams,16,15,0.0,0.0,19.0,0,0,10,,21.0
14197,2019,4.0,BAK,False,0.0,False,0.0,False,giovinazzi,Italian,alfa,17,12,0.0,0.0,16.0,12,0,5,1.9000000000000057,25.0
14205,2019,5.0,Auto%#,False,0.0,False,0.0,False,bottas,Finnish,mercedes,1,2,87.0,2.0,1.0,173,4,1,0.0,29.0
14204,2019,5.0,catalunya,False,0.0,False,0.0,False,hamilton,British,mercedes,2,1,86.0,2.0,2.0,173,4,1,0.5999999999999943,34.0
14207,2019,5.0,catalunya,False,0.0,False,0.0,False,,German,ferrari,3,4,52.0,0.0,3.0,99,0,2,,31.0
14206,2019,5.0,Auto%#,False,0.0,False,0.0,False,max_verstappen,Dutch,red_bull,4,3,51.0,0.0,4.0,64,0,3,1.0,21.0
14208,2019,5.0,catalunya,False,0.0,False,0.0,False,,Monegasque,ferrari,,5,47.0,0.0,5.0,99,0,2,1.1999999999999886,21.0
14209,2019,5.0,catalunya,False,0.0,False,0.0,,gasly,French,red_bull,6,6,13.0,0.0,7.0,64,0,3,1.2999999999999972,23.0
14213,2019,5.0,catalunya,False,,False,0.0,False,grosjean,French,haas,7,10,0.0,0.0,18.0,8,0,8,,33.0
14210,2019,5.0,catalunya,False,0.0,False,0.0,False,kevin_magnussen,Danish,haas,8,7,8.0,0.0,10.0,8,0,8,1.5,26.0
14212,2019,5.0,catalunya,False,0.0,False,0.0,False,kvyat,Russian,toro_rosso,9,9,1.0,0.0,16.0,4,0,9,2.1999999999999886,25.0
14222,2019,5.0,catalunya,False,0.0,False,0.0,False,norris,British,mclaren,10,20,12.0,0.0,9.0,18,0,4,1.8999999999999917,19.0
14214,2019,5.0,catalunya,False,0.0,False,0.0,False,albon,Thai,toro_rosso,11,11,3.0,0.0,15.0,4,0,9,2.0,23.0
14211,2019,5.0,catalunya,False,0.0,False,0.0,False,sainz,Spanish,mclaren,12,8,6.0,0.0,12.0,18,0,4,2.1999999999999886,24.0
14215,2019,5.0,catalunya,False,0.0,False,0.0,False,ricciardo,Australian,renault,13,12,6.0,0.0,13.0,12,0,7,2.6999999999999886,29.0
14216,2019,5.0,catalunya,False,0.0,False,0.0,Auto%#,raikkonen,Finnish,alfa,14,14,13.0,0.0,8.0,,,6,2.3999999999999915,39.0
14217,2019,5.0,catalunya,False,0.0,False,0.0,False,perez,Mexican,racing_point,15,15,13.0,0.0,6.0,17,0,5,2.5,29.0
14221,2019,5.0,catalunya,False,0.0,False,0.0,False,stroll,Canadian,,16,19,4.0,0.0,14.0,17,0,5,3.0999999999999943,20.0
14220,2019,5.0,catalunya,False,,False,0.0,False,kubica,Polish,williams,17,18,0.0,0.0,20.0,0,0,10,4.899999999999992,34.0
14218,2019,5.0,catalunya,False,0.0,False,0.0,False,giovinazzi,Italian,alfa,18,16,0.0,0.0,17.0,13,0,6,3.299999999999997,25.0
14219,2019,5.0,catalunya,False,,False,,False,russell,British,williams,19,17,0.0,0.0,19.0,0,0,10,3.6999999999999886,21.0
14223,2019,6.0,monaco,False,0.0,False,0.0,True,hamilton,British,mercedes,1,1,112.0,3.0,1.0,217,5,1,0.0,34.0
,2019,6.0,monaco,,0.0,False,0.0,True,bottas,Finnish,mercedes,2,3,105.0,2.0,2.0,217,5,1,0.0999999999999943,29.0
14226,2019,6.0,Auto%#,False,0.0,False,0.0,True,max_verstappen,Dutch,red_bull,3,4,66.0,0.0,3.0,87,,3,,21.0
14224,2019,6.0,monaco,False,0.0,False,0.0,True,vettel,German,ferrari,4,2,64.0,0.0,4.0,121,0,2,0.7000000000000028,31.0
14236,2019,6.0,monaco,False,0.0,False,0.0,True,kevin_magnussen,Danish,haas,5,14,14.0,0.0,7.0,15,0,6,0.8999999999999915,26.0
14231,2019,6.0,monaco,False,0.0,False,0.0,True,ricciardo,Australian,renault,6,9,6.0,0.0,,12,0,8,1.0,29.0
14229,2019,6.0,monaco,False,0.0,False,0.0,True,kvyat,,toro_rosso,7,7,3.0,0.0,16.0,6,0,Auto%#,1.0999999999999943,25.0
14227,2019,6.0,monaco,False,,False,0.0,True,gasly,French,red_bull,8,5,21.0,0.0,6.0,87,0,3,0.7999999999999972,23.0
14228,2019,6.0,Auto%#,False,0.0,False,0.0,True,sainz,Spanish,mclaren,9,6,10.0,0.0,11.0,22,0,4,1.2000000000000028,24.0
14230,2019,6.0,monaco,False,0.0,False,0.0,True,albon,Thai,toro_rosso,10,8,3.0,0.0,15.0,6,0,,1.5,23.0
14235,2019,6.0,monaco,False,0.0,False,0.0,True,hulkenberg,German,renault,11,13,6.0,,13.0,12,0,8,1.5,31.0
14233,2019,6.0,monaco,False,0.0,False,0.0,True,norris,British,Auto%#,12,11,12.0,0.0,10.0,22,0,4,1.5,19.0
14232,2019,6.0,monaco,False,0.0,Auto%#,0.0,True,grosjean,French,,13,10,1.0,0.0,17.0,15,0,6,1.7999999999999972,33.0
14239,2019,6.0,monaco,False,0.0,False,0.0,True,raikkonen,Finnish,alfa,,17,13.0,0.0,9.0,13,0,7,1.8999999999999917,39.0
14242,2019,6.0,monaco,False,0.0,False,0.0,True,leclerc,Monegasque,ferrari,15,20,57.0,0.0,5.0,121,0,2,1.8999999999999917,21.0
14234,2019,6.0,monaco,False,0.0,False,0.0,True,perez,Mexican,racing_point,16,12,13.0,0.0,8.0,,0,5,2.0,29.0
14238,2019,6.0,monaco,False,0.0,False,0.0,True,stroll,Canadian,racing_point,17,16,4.0,0.0,14.0,17,0,5,2.5999999999999943,20.0
14241,2019,6.0,monaco,False,0.0,False,0.0,True,giovinazzi,Italian,alfa,,19,0.0,,18.0,13,0,7,2.0,25.0
14237,2019,6.0,monaco,False,0.0,False,0.0,True,russell,British,williams,19,15,0.0,0.0,19.0,0,0,10,3.299999999999997,21.0
14240,2019,6.0,monaco,False,0.0,False,0.0,True,kubica,Polish,williams,20,18,0.0,0.0,20.0,0,0,10,3.5999999999999943,34.0
14244,2019,7.0,villeneuve,False,0.0,False,0.0,False,vettel,German,ferrari,1,2,82.0,0.0,3.0,139,0,2,0.0,31.0
14243,2019,7.0,villeneuve,False,,,0.0,,hamilton,British,mercedes,2,1,137.0,4.0,1.0,257,6,1,0.2000000000000028,34.0
14245,2019,7.0,villeneuve,False,0.0,False,0.0,False,leclerc,Monegasque,ferrari,3,3,57.0,0.0,,139,0,2,0.7000000000000028,21.0
14248,2019,7.0,villeneuve,False,0.0,False,,False,ricciardo,Australian,renault,4,6,8.0,0.0,13.0,14,0,8,0.8999999999999915,29.0
14250,2019,7.0,villeneuve,False,0.0,False,0.0,False,gasly,French,red_bull,5,8,32.0,0.0,6.0,110,0,3,0.8999999999999915,23.0
14246,2019,7.0,villeneuve,False,0.0,False,0.0,False,bottas,Finnish,mercedes,6,4,120.0,2.0,,257,6,1,0.8999999999999915,29.0
14249,2019,7.0,villeneuve,False,0.0,False,0.0,False,hulkenberg,German,renault,7,7,,0.0,15.0,14,0,8,1.0999999999999943,31.0
14261,2019,7.0,villeneuve,,0.0,False,,False,norris,British,mclaren,8,Auto%#,12.0,0.0,11.0,30,0,4,1.7000000000000028,19.0
14247,2019,7.0,villeneuve,False,0.0,False,0.0,False,max_verstappen,Dutch,red_bull,9,5,78.0,0.0,4.0,110,0,3,1.5999999999999943,21.0
14252,2019,7.0,villeneuve,False,0.0,False,0.0,False,kvyat,Russian,toro_rosso,10,10,9.0,0.0,12.0,16,0,7,1.7000000000000028,25.0
14253,2019,7.0,villeneuve,False,0.0,False,0.0,False,sainz,Spanish,mclaren,11,11,18.0,0.0,7.0,30,0,4,3.799999999999997,24.0
14255,2019,,villeneuve,False,0.0,False,0.0,False,giovinazzi,Italian,alfa,12,13,0.0,0.0,18.0,13,0,9,1.8999999999999917,25.0
14260,2019,7.0,villeneuve,False,0.0,False,0.0,,albon,Thai,toro_rosso,13,19,7.0,0.0,14.0,16,0,7,2.0,23.0
,2019,,villeneuve,False,0.0,False,,False,perez,Mexican,racing_point,15,12,13.0,0.0,9.0,17,0,5,2.0,29.0
14257,2019,7.0,villeneuve,False,0.0,False,0.0,False,raikkonen,Finnish,alfa,Auto%#,15,13.0,0.0,10.0,13,0,9,2.0,39.0
14251,2019,7.0,villeneuve,False,0.0,Auto%#,0.0,False,stroll,Canadian,racing_point,17,9,4.0,0.0,16.0,17,0,5,2.0999999999999943,20.0
14258,2019,7.0,villeneuve,False,0.0,False,0.0,False,russell,British,williams,18,16,0.0,,,0,0,10,3.3999999999999915,21.0
14259,2019,7.0,villeneuve,False,0.0,False,0.0,False,kubica,Polish,,19,18,0.0,0.0,20.0,0,0,10,,34.0
14262,2019,8.0,ricard,True,0.0,False,0.0,False,hamilton,British,mercedes,1,1,162.0,5.0,1.0,295,7,1,0.0,34.0
14263,2019,8.0,ricard,True,0.0,False,0.0,False,bottas,Finnish,mercedes,2,2,133.0,2.0,2.0,295,7,1,0.2999999999999971,29.0
,2019,8.0,ricard,True,,False,0.0,False,leclerc,Monegasque,ferrari,3,3,72.0,0.0,5.0,172,0,2,0.7000000000000028,21.0
14265,2019,8.0,ricard,True,0.0,False,0.0,False,max_verstappen,Dutch,red_bull,4,4,88.0,0.0,4.0,124,0,3,1.1000000000000083,21.0
14270,2019,8.0,ricard,True,0.0,,0.0,,norris,British,mclaren,5,9,12.0,0.0,12.0,30,0,4,1.1000000000000083,19.0
14267,2019,8.0,ricard,True,0.0,Auto%#,0.0,False,sainz,Spanish,mclaren,6,6,18.0,0.0,7.0,30,0,4,1.2000000000000028,24.0
14266,2019,8.0,ricard,True,0.0,False,0.0,False,vettel,German,ferrari,7,5,100.0,0.0,3.0,,0,2,1.5,31.0
14272,2019,8.0,ricard,True,0.0,False,0.0,False,ricciardo,Australian,renault,8,11,16.0,0.0,8.0,28,,5,1.6000000000000083,29.0
14271,2019,8.0,ricard,True,0.0,False,0.0,,gasly,French,red_bull,9,10,36.0,0.0,6.0,124,0,3,1.9000000000000057,23.0
14277,2019,8.0,ricard,True,0.0,False,0.0,False,giovinazzi,Italian,alfa,10,16,0.0,0.0,18.0,13,0,Auto%#,5.1000000000000085,25.0
14276,2019,8.0,ricard,True,0.0,False,0.0,False,albon,Thai,toro_rosso,11,15,7.0,0.0,15.0,17,,7,2.200000000000003,23.0
14268,2019,8.0,ricard,True,0.0,False,0.0,False,raikkonen,Finnish,alfa,12,7,13.0,0.0,11.0,13,0,9,2.200000000000003,39.0
14269,2019,8.0,ricard,True,0.0,,0.0,False,hulkenberg,German,renault,13,8,12.0,0.0,13.0,28,0,5,2.200000000000003,31.0
14273,2019,8.0,ricard,True,0.0,False,,False,perez,Mexican,racing_point,14,Auto%#,13.0,0.0,10.0,19,0,,2.4000000000000057,29.0
14278,2019,8.0,ricard,True,0.0,False,0.0,False,kevin_magnussen,Auto%#,haas,15,17,14.0,0.0,9.0,16,0,8,3.1000000000000085,26.0
14281,2019,8.0,ricard,True,0.0,False,0.0,False,grosjean,French,haas,16,20,2.0,0.0,17.0,16,0,8,3.299999999999997,33.0
14274,2019,8.0,ricard,True,0.0,False,0.0,False,stroll,Canadian,racing_point,17,13,6.0,0.0,16.0,19,0,6,3.4000000000000057,20.0
,2019,8.0,ricard,True,0.0,False,0.0,False,kubica,Polish,williams,18,18,0.0,0.0,20.0,0,0,10,4.900000000000006,34.0
14275,2019,8.0,ricard,True,0.0,False,0.0,False,kvyat,Russian,toro_rosso,19,14,10.0,0.0,14.0,17,0,7,3.299999999999997,25.0
14280,2019,8.0,ricard,True,0.0,,0.0,False,russell,British,williams,20,19,0.0,0.0,19.0,0,0,10,4.5,21.0
14283,2019,9.0,red_bull_ring,False,0.0,False,0.0,False,leclerc,Monegasque,ferrari,1,2,87.0,0.0,5.0,198,,2,0.0,21.0
14282,2019,9.0,,False,0.0,False,0.0,False,max_verstappen,Dutch,red_bull,2,1,100.0,0.0,4.0,137,0,3,0.3999999999999986,21.0
14284,2019,9.0,red_bull_ring,False,0.0,False,0.0,,bottas,Finnish,mercedes,3,3,151.0,2.0,2.0,338,8,1,0.5,29.0
14286,2019,9.0,red_bull_ring,False,0.0,False,0.0,False,hamilton,British,mercedes,4,5,187.0,6.0,1.0,338,8,1,0.2999999999999971,34.0
14287,2019,9.0,red_bull_ring,False,0.0,False,0.0,False,norris,British,mclaren,5,6,14.0,0.0,12.0,40,0,4,1.0999999999999943,19.0
14290,2019,9.0,red_bull_ring,False,0.0,False,0.0,False,raikkonen,Finnish,alfa,6,9,19.0,0.0,8.0,19,0,7,1.2000000000000028,39.0
14291,2019,9.0,red_bull_ring,False,0.0,False,0.0,False,giovinazzi,Italian,alfa,7,10,0.0,0.0,18.0,19,0,7,1.2000000000000028,25.0
14288,2019,9.0,red_bull_ring,False,,False,0.0,False,gasly,French,red_bull,8,,37.0,0.0,6.0,137,0,Auto%#,1.2000000000000028,23.0
14299,2019,9.0,red_bull_ring,False,0.0,False,0.0,False,kevin_magnussen,Danish,haas,10,19,14.0,0.0,11.0,16,0,9,1.0999999999999943,26.0
14297,2019,9.0,red_bull_ring,False,0.0,False,0.0,False,grosjean,French,haas,11,16,2.0,0.0,17.0,16,0,9,1.5,33.0
14293,2019,9.0,red_bull_ring,False,,False,0.0,False,ricciardo,Australian,renault,12,12,16.0,0.0,9.0,32,0,5,1.7999999999999972,29.0
,2019,9.0,red_bull_ring,False,0.0,False,0.0,False,perez,Mexican,racing_point,13,11,13.0,0.0,13.0,19,0,6,1.7999999999999972,29.0
14295,2019,9.0,red_bull_ring,False,0.0,False,0.0,False,stroll,Canadian,racing_point,14,14,6.0,0.0,16.0,19,,6,1.7999999999999972,20.0
14294,2019,9.0,red_bull_ring,False,0.0,False,0.0,False,hulkenberg,German,renault,15,13,16.0,0.0,10.0,32,,5,1.5,31.0
14298,,9.0,red_bull_ring,False,,False,0.0,False,kvyat,Russian,toro_rosso,16,17,10.0,0.0,14.0,17,0,8,2.299999999999997,25.0
14300,2019,9.0,red_bull_ring,False,0.0,False,0.0,False,kubica,Polish,williams,17,,0.0,0.0,20.0,0,0,10,3.200000000000003,34.0
14296,2019,9.0,red_bull_ring,False,0.0,False,0.0,False,albon,Thai,toro_rosso,18,15,7.0,0.0,15.0,17,0,8,1.7000000000000028,23.0
14289,2019,9.0,red_bull_ring,False,0.0,False,0.0,False,sainz,Spanish,mclaren,19,Auto%#,26.0,,7.0,40,0,4,10.599999999999994,24.0
14302,2019,10.0,silverstone,False,0.0,False,0.0,True,bottas,Finnish,mercedes,1,2,166.0,2.0,2.0,363,8,1,0.0,29.0
14301,2019,10.0,silverstone,False,0.0,False,,True,hamilton,British,mercedes,2,1,197.0,6.0,1.0,363,8,1,0.0,34.0
14303,2019,10.0,silverstone,False,0.0,False,0.0,True,leclerc,Monegasque,ferrari,3,3,,0.0,5.0,228,0,2,0.1000000000000085,
14305,2019,10.0,silverstone,False,0.0,False,0.0,True,max_verstappen,Dutch,red_bull,4,5,126.0,1.0,3.0,169,1,3,0.2000000000000028,21.0
14304,2019,10.0,silverstone,False,0.0,False,0.0,True,gasly,French,red_bull,5,4,43.0,0.0,6.0,169,1,3,,23.0
14316,2019,10.0,silverstone,False,0.0,False,0.0,True,vettel,German,ferrari,6,16,123.0,0.0,4.0,228,0,,0.7000000000000028,32.0
14307,2019,10.0,silverstone,False,0.0,False,0.0,True,ricciardo,Australian,,7,7,16.0,0.0,10.0,32,0,5,1.1000000000000083,
14311,2019,10.0,silverstone,False,0.0,False,0.0,True,norris,British,mclaren,8,11,22.0,0.0,8.0,52,0,4,1.1000000000000083,19.0
14312,2019,10.0,silverstone,False,0.0,False,0.0,True,albon,Thai,toro_rosso,9,12,7.0,0.0,15.0,17,0,8,1.2000000000000028,23.0
14310,2019,10.0,silverstone,False,0.0,False,,True,hulkenberg,German,Auto%#,10,10,16.0,0.0,11.0,32,0,5,1.3000000000000114,31.0
14318,2019,10.0,silverstone,False,0.0,False,0.0,True,giovinazzi,Italian,alfa,11,18,1.0,0.0,18.0,22,0,6,1.4000000000000057,25.0
14308,2019,10.0,silverstone,False,0.0,False,0.0,True,raikkonen,Finnish,alfa,12,8,21.0,0.0,9.0,22,0,6,1.4000000000000057,39.0
14306,,10.0,silverstone,,0.0,False,0.0,True,sainz,Spanish,mclaren,13,6,30.0,0.0,7.0,52,0,4,1.5,24.0
14319,2019,10.0,silverstone,False,0.0,False,,True,grosjean,French,haas,14,19,2.0,0.0,17.0,16,0,,1.7000000000000028,33.0
14317,2019,10.0,silverstone,False,0.0,False,0.0,,perez,Mexican,racing_point,15,17,13.0,0.0,13.0,19,0,7,1.8000000000000114,29.0
14320,2019,10.0,silverstone,False,0.0,False,0.0,True,kevin_magnussen,Danish,haas,,20,14.0,0.0,12.0,16,0,9,1.6000000000000083,26.0
14309,2019,10.0,silverstone,False,0.0,False,0.0,True,kvyat,Russian,toro_rosso,17,9,10.0,0.0,14.0,17,0,8,1.6000000000000083,25.0
14313,2019,10.0,Auto%#,False,0.0,False,0.0,True,stroll,Canadian,racing_point,18,13,6.0,0.0,16.0,19,0,7,1.7000000000000028,20.0
14314,2019,10.0,silverstone,False,0.0,False,0.0,True,russell,British,williams,19,14,0.0,0.0,19.0,0,0,10,2.700000000000003,21.0
14315,2019,10.0,silverstone,False,0.0,False,0.0,True,kubica,Polish,williams,20,15,0.0,0.0,20.0,0,0,10,3.200000000000003,34.0
14329,2019,11.0,hockenheimring,False,0.0,,0.0,,hamilton,British,mercedes,1,9,223.0,7.0,1.0,407,,1,0.0,34.0
14321,2019,11.0,hockenheimring,False,0.0,False,0.0,True,max_verstappen,Dutch,red_bull,2,1,136.0,1.0,3.0,191,1,3,0.2999999999999971,21.0
14335,2019,11.0,hockenheimring,False,0.0,False,0.0,True,bottas,Finnish,mercedes,3,15,184.0,2.0,2.0,407,9,1,0.2999999999999971,29.0
14334,2019,11.0,,False,0.0,False,0.0,True,,French,red_bull,4,14,55.0,0.0,6.0,191,1,3,0.7000000000000028,23.0
14332,2019,11.0,hockenheimring,False,0.0,False,0.0,True,raikkonen,Finnish,alfa,5,12,25.0,0.0,8.0,26,0,6,0.7000000000000028,39.0
14327,2019,11.0,hockenheimring,False,0.0,False,0.0,True,grosjean,French,haas,6,7,2.0,0.0,17.0,16,0,9,1.1000000000000083,
14325,2019,11.0,Auto%#,False,0.0,False,0.0,True,sainz,Spanish,mclaren,7,,38.0,0.0,7.0,60,0,4,1.1000000000000083,24.0
14340,2019,11.0,hockenheimring,False,0.0,False,0.0,,perez,Mexican,racing_point,8,,13.0,0.0,13.0,19,0,7,1.2999999999999972,29.0
14336,2019,11.0,hockenheimring,False,,False,0.0,True,hulkenberg,German,renault,9,16,17.0,0.0,11.0,39,0,,1.2999999999999972,31.0
14333,2019,11.0,hockenheimring,False,0.0,False,,True,giovinazzi,Italian,alfa,11,13,1.0,0.0,18.0,26,0,6,1.0,25.0
14328,2019,11.0,hockenheimring,False,0.0,False,0.0,True,kevin_magnussen,Danish,haas,12,8,14.0,0.0,12.0,16,0,9,1.0,
14339,2019,11.0,hockenheimring,False,0.0,False,0.0,True,ricciardo,Australian,renault,13,19,22.0,0.0,10.0,39,0,5,1.0,30.0
14323,2019,11.0,hockenheimring,False,0.0,False,0.0,True,kvyat,Russian,toro_rosso,14,3,12.0,0.0,14.0,19,0,8,1.2999999999999972,25.0
14324,2019,11.0,hockenheimring,False,0.0,False,0.0,True,stroll,Canadian,racing_point,15,4,6.0,0.0,16.0,19,0,7,1.7000000000000028,20.0
14326,2019,11.0,hockenheimring,False,0.0,False,0.0,True,albon,Thai,toro_rosso,16,6,7.0,0.0,15.0,19,0,8,1.7000000000000028,23.0
14331,2019,11.0,hockenheimring,False,0.0,False,0.0,True,russell,British,williams,17,11,0.0,0.0,19.0,0,,10,2.9000000000000057,21.0
14330,2019,11.0,hockenheimring,False,0.0,False,,True,kubica,Polish,williams,18,10,0.0,0.0,20.0,0,0,10,3.0,34.0
14338,2019,11.0,hockenheimring,False,0.0,False,0.0,True,norris,British,mclaren,19,18,22.0,0.0,9.0,60,0,4,1.5,19.0
14342,2019,12.0,hungaroring,True,0.0,False,0.0,False,max_verstappen,Dutch,red_bull,1,Auto%#,162.0,2.0,3.0,217,2,3,,21.0
14348,2019,12.0,hungaroring,True,0.0,False,0.0,False,bottas,Finnish,mercedes,2,8,184.0,2.0,2.0,409,9,1,0.0,29.0
14341,2019,12.0,hungaroring,True,0.0,False,0.0,False,hamilton,British,mercedes,3,1,225.0,7.0,1.0,409,9,1,0.2000000000000028,34.0
14344,2019,12.0,hungaroring,True,0.0,False,0.0,False,leclerc,Monegasque,ferrari,4,4,120.0,0.0,5.0,261,0,2,,21.0
14343,2019,12.0,hungaroring,True,0.0,False,0.0,Auto%#,vettel,German,ferrari,5,3,141.0,0.0,4.0,261,0,2,0.5,32.0
14346,2019,12.0,hungaroring,True,0.0,False,0.0,False,gasly,French,red_bull,,6,55.0,0.0,6.0,217,2,3,0.9000000000000057,23.0
14349,2019,12.0,hungaroring,True,0.0,False,0.0,False,norris,British,mclaren,7,9,22.0,0.0,10.0,70,0,4,1.2000000000000028,19.0
14345,2019,12.0,hungaroring,True,0.0,False,0.0,False,sainz,Spanish,mclaren,8,5,48.0,0.0,7.0,70,0,4,1.3000000000000114,24.0
14360,2019,12.0,hungaroring,True,0.0,False,0.0,False,grosjean,French,haas,9,20,8.0,,17.0,26,0,8,1.4000000000000057,33.0
14347,2019,12.0,hungaroring,True,0.0,False,0.0,False,raikkonen,Finnish,alfa,10,7,25.0,0.0,9.0,26,0,9,1.4000000000000057,39.0
14352,2019,12.0,hungaroring,True,0.0,False,0.0,False,hulkenberg,German,renault,11,Auto%#,17.0,0.0,14.0,39,0,6,2.0,31.0
14350,2019,12.0,hungaroring,True,0.0,False,0.0,False,albon,Thai,Auto%#,12,10,15.0,0.0,15.0,42,0,5,2.1000000000000085,23.0
14355,2019,12.0,hungaroring,True,0.0,False,0.0,False,kvyat,Russian,toro_rosso,13,15,27.0,0.0,8.0,42,0,5,2.1000000000000085,25.0
14353,2019,12.0,Auto%#,True,0.0,False,0.0,False,kevin_magnussen,Danish,haas,14,13,18.0,0.0,13.0,26,0,8,2.5,26.0
,2019,12.0,hungaroring,True,0.0,False,0.0,False,russell,British,williams,15,16,0.0,0.0,20.0,1,0,10,2.4000000000000057,21.0
14351,2019,12.0,hungaroring,,0.0,False,0.0,False,perez,Mexican,racing_point,16,11,13.0,0.0,16.0,31,0,7,2.5,29.0
14358,2019,12.0,,,0.0,False,0.0,False,giovinazzi,Italian,alfa,17,18,1.0,0.0,,26,0,9,2.200000000000003,25.0
14357,2019,12.0,hungaroring,True,0.0,False,0.0,False,stroll,Canadian,racing_point,18,17,18.0,0.0,12.0,31,0,7,2.9000000000000057,20.0
14359,2019,12.0,hungaroring,True,0.0,False,0.0,False,kubica,Polish,williams,19,19,1.0,0.0,19.0,1,0,10,3.700000000000003,34.0
14354,2019,12.0,hungaroring,True,0.0,False,0.0,False,ricciardo,Australian,,20,14,22.0,0.0,11.0,39,0,6,2.700000000000003,30.0
14361,2019,13.0,spa,False,0.0,False,0.0,True,leclerc,Monegasque,ferrari,1,1,132.0,,5.0,288,0,2,0.0,21.0
14364,2019,13.0,spa,False,0.0,False,0.0,True,vettel,German,ferrari,2,4,156.0,0.0,,288,0,2,0.7999999999999972,
14362,2019,13.0,spa,False,,False,0.0,True,hamilton,British,mercedes,3,Auto%#,250.0,8.0,1.0,438,10,1,0.7999999999999972,34.0
14363,2019,13.0,spa,False,0.0,False,0.0,True,bottas,Finnish,mercedes,4,3,188.0,2.0,2.0,438,10,1,0.9000000000000057,30.0
14379,2019,13.0,spa,False,0.0,False,0.0,True,max_verstappen,Dutch,red_bull,5,20,181.0,2.0,3.0,244,2,3,1.2000000000000028,21.0
14376,,13.0,spa,False,0.0,,0.0,True,raikkonen,Finnish,alfa,6,16,31.0,0.0,8.0,,0,Auto%#,2.0999999999999943,39.0
14366,2019,13.0,spa,,0.0,False,0.0,True,perez,Mexican,racing_point,7,6,13.0,0.0,16.0,31,0,8,2.200000000000003,29.0
14372,2019,13.0,spa,False,0.0,,0.0,True,kevin_magnussen,Danish,haas,8,12,18.0,0.0,13.0,26,0,9,2.5999999999999943,26.0
14373,2019,13.0,spa,False,0.0,False,0.0,True,grosjean,French,haas,9,13,8.0,0.0,17.0,26,0,9,2.299999999999997,33.0
14374,2019,13.0,spa,False,0.0,False,0.0,True,ricciardo,Australian,renault,10,14,22.0,0.0,11.0,39,0,,1.7999999999999972,30.0
14371,2019,13.0,spa,False,0.0,False,0.0,True,norris,British,mclaren,11,11,24.0,0.0,10.0,82,0,4,2.299999999999997,19.0
14368,2019,13.0,spa,,0.0,False,0.0,True,hulkenberg,German,renault,12,8,17.0,0.0,14.0,39,0,6,2.0,32.0
14369,2019,13.0,spa,False,0.0,False,0.0,True,gasly,French,toro_rosso,13,9,63.0,0.0,6.0,43,0,5,3.9000000000000057,23.0
14375,2019,13.0,spa,False,0.0,False,0.0,True,russell,British,williams,14,15,0.0,0.0,20.0,1,0,10,5.0,21.0
14378,2019,13.0,spa,False,0.0,False,0.0,True,sainz,Spanish,mclaren,15,19,58.0,0.0,7.0,82,0,4,4.0,25.0
14370,2019,13.0,spa,False,0.0,,0.0,True,stroll,Canadian,racing_point,16,10,18.0,0.0,12.0,31,0,8,2.5,20.0
14365,2019,13.0,spa,False,0.0,,0.0,True,albon,Thai,red_bull,17,,16.0,0.0,,244,2,3,,23.0
14367,2019,13.0,spa,False,0.0,False,0.0,True,kvyat,Russian,,19,7,27.0,0.0,9.0,43,0,Auto%#,4.0,25.0
14380,2019,14.0,monza,False,0.0,False,0.0,True,leclerc,Monegasque,ferrari,1,1,157.0,1.0,5.0,,1,2,0.0,21.0
14382,2019,14.0,monza,False,0.0,False,0.0,True,hamilton,British,mercedes,2,3,268.0,8.0,1.0,471,10,1,0.0,34.0
,2019,14.0,monza,False,0.0,False,0.0,True,bottas,Finnish,mercedes,3,,203.0,2.0,2.0,471,10,1,0.1000000000000085,30.0
14392,,14.0,monza,False,0.0,,0.0,True,vettel,German,ferrari,4,13,169.0,0.0,4.0,326,1,2,0.2000000000000028,32.0
14383,2019,14.0,monza,False,0.0,False,0.0,True,ricciardo,Australian,renault,5,4,22.0,0.0,12.0,43,0,6,0.5,30.0
14384,2019,14.0,monza,False,0.0,False,0.0,True,,German,renault,6,5,21.0,0.0,14.0,43,0,6,0.7000000000000028,32.0
14398,2019,,Auto%#,False,0.0,False,0.0,True,,Spanish,mclaren,7,20,58.0,0.0,7.0,82,0,4,1.2000000000000028,25.0
14388,2019,14.0,monza,False,0.0,False,0.0,True,giovinazzi,Italian,alfa,10,9,1.0,0.0,18.0,32,0,Auto%#,1.2000000000000028,25.0
14396,2019,14.0,monza,False,0.0,False,0.0,True,kevin_magnussen,Danish,haas,11,18,18.0,0.0,,26,0,9,1.2999999999999972,26.0
14397,2019,14.0,monza,False,0.0,False,,True,kvyat,Russian,toro_rosso,12,19,33.0,0.0,8.0,51,0,5,1.2999999999999972,25.0
14394,2019,14.0,monza,False,0.0,,0.0,True,grosjean,French,haas,13,16,8.0,0.0,17.0,26,0,9,1.5,
14393,2019,14.0,monza,False,0.0,False,0.0,True,russell,Auto%#,williams,14,14,0.0,,20.0,1,0,10,2.5,21.0
14395,2019,14.0,monza,False,0.0,False,,True,kubica,Polish,williams,15,17,1.0,,19.0,1,0,10,3.1000000000000085,34.0
14389,2019,14.0,monza,False,0.0,False,0.0,True,norris,British,mclaren,16,10,24.0,0.0,11.0,82,0,4,1.7999999999999972,19.0
14390,2019,14.0,monza,False,0.0,False,,True,gasly,French,toro_rosso,17,11,65.0,0.0,6.0,51,0,5,1.7999999999999972,23.0
14386,2019,14.0,monza,False,0.0,False,0.0,True,perez,Mexican,racing_point,18,Auto%#,21.0,0.0,13.0,40,0,7,2.0,29.0
14400,2019,15.0,marina_bay,False,0.0,False,0.0,False,leclerc,Monegasque,ferrari,1,2,182.0,2.0,4.0,351,2,2,0.0,21.0
14402,2019,15.0,marina_bay,False,0.0,False,,False,hamilton,British,mercedes,2,4,284.0,8.0,1.0,505,10,1,0.2000000000000028,34.0
14399,2019,15.0,Auto%#,False,0.0,False,0.0,False,vettel,German,ferrari,3,1,169.0,0.0,5.0,351,2,2,0.2000000000000028,32.0
14401,2019,15.0,marina_bay,False,0.0,False,0.0,,max_verstappen,Dutch,red_bull,4,3,185.0,2.0,3.0,266,2,3,0.5999999999999943,21.0
14403,2019,15.0,marina_bay,False,0.0,False,0.0,False,bottas,Finnish,mercedes,5,5,221.0,2.0,2.0,505,10,1,0.8999999999999915,30.0
14404,2019,15.0,marina_bay,False,0.0,False,0.0,False,albon,Thai,red_bull,6,6,34.0,0.0,9.0,266,2,3,1.2000000000000028,23.0
14410,2019,15.0,marina_bay,,0.0,False,0.0,False,sainz,Spanish,mclaren,7,12,58.0,0.0,7.0,83,0,4,1.5999999999999943,25.0
14407,2019,15.0,marina_bay,False,0.0,False,0.0,False,hulkenberg,German,renault,8,,31.0,0.0,,65,0,5,2.0999999999999943,32.0
14405,2019,15.0,,False,0.0,False,0.0,False,norris,British,mclaren,9,7,,0.0,14.0,83,0,4,2.0999999999999943,19.0
,2019,15.0,marina_bay,False,0.0,False,0.0,False,giovinazzi,Italian,alfa,10,10,3.0,0.0,18.0,34,0,8,2.5,25.0
14406,2019,15.0,marina_bay,,0.0,False,0.0,False,gasly,French,toro_rosso,11,8,65.0,0.0,6.0,51,0,Auto%#,2.5,23.0
14416,2019,15.0,marina_bay,False,0.0,False,0.0,False,raikkonen,Finnish,alfa,12,18,31.0,0.0,12.0,34,0,8,2.700000000000003,39.0
14415,2019,15.0,marina_bay,False,0.0,False,0.0,False,kevin_magnussen,Danish,haas,13,17,18.0,,16.0,26,0,9,3.3999999999999915,26.0
14413,2019,15.0,marina_bay,False,0.0,False,0.0,False,kvyat,Russian,toro_rosso,14,,33.0,0.0,10.0,51,0,6,3.799999999999997,25.0
14417,2019,15.0,marina_bay,False,0.0,False,0.0,False,perez,Mexican,racing_point,15,19,,0.0,13.0,46,0,7,2.3999999999999915,29.0
14411,2019,15.0,marina_bay,False,0.0,False,0.0,,stroll,Canadian,racing_point,16,13,19.0,0.0,15.0,46,0,7,3.799999999999997,20.0
14409,2019,15.0,marina_bay,False,0.0,False,0.0,,grosjean,French,haas,17,11,8.0,0.0,17.0,26,0,9,4.099999999999994,33.0
14418,,15.0,marina_bay,False,0.0,,0.0,False,russell,British,williams,18,20,0.0,0.0,20.0,1,0,10,4.700000000000003,21.0
14414,,15.0,marina_bay,False,0.0,False,0.0,False,,Polish,williams,19,16,1.0,0.0,19.0,1,,10,5.0,34.0
14421,2019,16.0,sochi,False,0.0,False,0.0,True,leclerc,Monegasque,ferrari,,3,200.0,2.0,3.0,394,3,2,0.0,21.0
14419,2019,16.0,sochi,False,0.0,False,0.0,True,hamilton,British,mercedes,2,1,296.0,8.0,,527,10,1,0.4000000000000057,34.0
14435,2019,16.0,sochi,False,0.0,False,0.0,True,vettel,German,ferrari,3,18,194.0,1.0,5.0,394,3,2,0.5,32.0
14420,2019,16.0,sochi,False,0.0,False,0.0,True,bottas,Finnish,mercedes,4,2,231.0,2.0,2.0,527,10,1,1.0,30.0
14423,2019,16.0,sochi,False,0.0,False,0.0,True,sainz,Spanish,mclaren,5,6,58.0,0.0,7.0,89,0,4,1.6000000000000083,25.0
14427,2019,16.0,sochi,False,0.0,False,0.0,True,hulkenberg,German,Auto%#,6,10,33.0,0.0,11.0,67,0,Auto%#,1.7000000000000028,32.0
14425,2019,16.0,sochi,False,0.0,False,0.0,True,norris,British,mclaren,7,8,31.0,0.0,12.0,89,0,4,1.7000000000000028,19.0
14437,2019,16.0,sochi,False,0.0,False,0.0,True,grosjean,French,haas,8,20,8.0,0.0,17.0,26,0,9,1.9000000000000057,33.0
14422,2019,16.0,sochi,False,0.0,False,0.0,,max_verstappen,Dutch,red_bull,9,4,200.0,2.0,4.0,289,2,3,0.7000000000000028,21.0
14436,2019,16.0,sochi,False,0.0,False,0.0,True,ricciardo,Australian,renault,10,19,34.0,0.0,9.0,67,0,5,2.1000000000000085,
14424,2019,16.0,sochi,False,0.0,False,0.0,True,perez,Mexican,racing_point,11,7,27.0,0.0,14.0,46,0,7,2.4000000000000057,29.0
14432,2019,16.0,sochi,False,0.0,False,0.0,True,,Italian,alfa,12,15,4.0,0.0,18.0,35,0,8,2.4000000000000057,25.0
14426,2019,16.0,sochi,False,0.0,False,0.0,True,kevin_magnussen,Danish,haas,13,,18.0,0.0,16.0,26,0,9,2.5,26.0
14428,2019,16.0,sochi,False,0.0,False,0.0,True,stroll,Canadian,racing_point,14,11,19.0,0.0,15.0,46,0,7,2.6000000000000085,20.0
14430,2019,16.0,sochi,False,0.0,False,0.0,True,raikkonen,Finnish,alfa,15,13,31.0,0.0,,35,0,8,3.200000000000003,39.0
14431,2019,16.0,sochi,False,0.0,False,0.0,True,gasly,French,toro_rosso,16,14,69.0,0.0,6.0,55,0,6,2.4000000000000057,23.0
14434,2019,16.0,sochi,False,0.0,False,0.0,,russell,Auto%#,williams,17,17,0.0,0.0,20.0,1,0,10,3.8000000000000114,21.0
14433,2019,16.0,sochi,False,0.0,False,0.0,True,kubica,Polish,williams,Auto%#,16,1.0,0.0,19.0,1,,10,4.900000000000006,34.0
14439,2019,17.0,suzuka,True,0.0,False,0.0,False,vettel,German,ferrari,,2,194.0,1.0,5.0,409,3,2,0.0,32.0
14443,2019,17.0,suzuka,True,0.0,False,0.0,False,leclerc,Monegasque,ferrari,2,6,215.0,2.0,3.0,409,3,2,0.2000000000000028,21.0
14438,2019,17.0,suzuka,True,0.0,False,0.0,False,bottas,Finnish,mercedes,3,1,249.0,2.0,2.0,571,11,1,0.2000000000000028,30.0
14440,2019,17.0,suzuka,True,,False,0.0,False,hamilton,British,mercedes,4,3,322.0,,1.0,571,11,1,0.2000000000000028,
14454,2019,17.0,,True,0.0,False,0.0,False,max_verstappen,Dutch,red_bull,5,18,212.0,2.0,4.0,311,2,3,0.8000000000000114,22.0
14441,2019,17.0,suzuka,True,0.0,False,0.0,False,albon,Thai,,6,4,52.0,,8.0,311,2,3,0.8000000000000114,23.0
14442,2019,17.0,suzuka,True,0.0,False,0.0,False,sainz,Spanish,mclaren,7,5,66.0,0.0,7.0,101,0,4,1.2000000000000028,25.0
14448,2019,17.0,suzuka,True,0.0,False,0.0,False,norris,British,mclaren,8,11,35.0,0.0,9.0,101,0,4,1.4000000000000057,19.0
14444,2019,17.0,suzuka,True,0.0,False,0.0,False,gasly,French,toro_rosso,9,7,69.0,0.0,6.0,55,0,6,1.7000000000000028,23.0
14450,,17.0,suzuka,True,0.0,False,0.0,False,grosjean,French,haas,10,13,8.0,0.0,17.0,28,0,Auto%#,2.200000000000003,33.0
14451,2019,17.0,suzuka,True,0.0,False,0.0,False,giovinazzi,Italian,alfa,11,14,4.0,0.0,18.0,35,0,8,2.200000000000003,25.0
14446,2019,17.0,suzuka,True,0.0,False,0.0,False,stroll,Canadian,racing_point,12,9,,0.0,16.0,,0,7,2.200000000000003,20.0
14449,,17.0,suzuka,True,0.0,False,0.0,False,raikkonen,Finnish,alfa,13,12,31.0,0.0,14.0,35,0,8,2.300000000000012,39.0
14447,2019,17.0,suzuka,True,0.0,False,0.0,False,kvyat,Russian,toro_rosso,14,10,33.0,0.0,12.0,55,0,6,2.5,25.0
14456,2019,17.0,suzuka,True,0.0,False,0.0,False,hulkenberg,German,Auto%#,15,,34.0,0.0,,68,0,5,3.0,32.0
14455,2019,17.0,suzuka,True,0.0,False,0.0,False,ricciardo,Australian,renault,16,19,34.0,0.0,10.0,68,0,5,2.700000000000003,30.0
14445,2019,17.0,suzuka,True,,False,0.0,False,perez,Mexican,racing_point,17,8,33.0,0.0,13.0,52,0,7,3.200000000000003,29.0
14453,2019,17.0,suzuka,True,0.0,False,0.0,False,russell,British,williams,18,16,0.0,0.0,20.0,1,0,10,3.300000000000012,21.0
14460,2019,18.0,rodriguez,False,,False,0.0,True,leclerc,Monegasque,ferrari,1,4,223.0,2.0,3.0,,3,2,0.0,22.0
14458,2019,18.0,rodriguez,False,0.0,Auto%#,0.0,True,,German,ferrari,2,2,212.0,1.0,5.0,435,3,2,0.2000000000000028,32.0
14457,2019,18.0,rodriguez,False,0.0,False,0.0,True,hamilton,British,mercedes,3,1,338.0,9.0,1.0,612,12,1,0.2999999999999971,34.0
14462,2019,18.0,rodriguez,False,0.0,False,0.0,True,max_verstappen,Dutch,red_bull,4,6,212.0,2.0,4.0,323,2,3,-0.2000000000000028,22.0
14461,2019,18.0,rodriguez,False,0.0,False,,True,albon,Thai,red_bull,5,5,64.0,0.0,8.0,323,2,3,0.2999999999999971,23.0
14459,2019,18.0,rodriguez,False,0.0,False,0.0,True,bottas,Finnish,mercedes,6,3,274.0,3.0,2.0,612,12,1,0.2999999999999971,30.0
14469,2019,18.0,rodriguez,False,0.0,False,0.0,True,sainz,Spanish,mclaren,7,13,76.0,0.0,6.0,111,0,4,1.0,25.0
14476,2019,18.0,rodriguez,False,0.0,False,0.0,True,norris,British,mclaren,8,20,35.0,0.0,10.0,111,0,4,1.2999999999999972,19.0
14467,2019,18.0,rodriguez,False,0.0,False,0.0,True,kvyat,Russian,toro_rosso,9,11,34.0,0.0,11.0,62,0,6,1.5,25.0
14465,2019,18.0,rodriguez,False,0.0,False,0.0,True,gasly,French,toro_rosso,10,9,75.0,,,62,,6,1.5999999999999943,23.0
14463,2019,18.0,rodriguez,False,0.0,False,0.0,True,perez,Mexican,racing_point,11,7,37.0,,9.0,58,0,7,1.7000000000000028,29.0
14466,2019,18.0,rodriguez,False,0.0,False,0.0,True,hulkenberg,German,renault,12,10,,0.0,13.0,68,0,5,1.9000000000000057,
14464,2019,18.0,rodriguez,False,0.0,False,0.0,True,ricciardo,Australian,renault,13,Auto%#,34.0,0.0,12.0,68,0,5,1.9000000000000057,30.0
14475,2019,18.0,rodriguez,,0.0,False,0.0,True,raikkonen,Finnish,alfa,14,19,31.0,0.0,14.0,35,0,8,2.0,40.0
14470,2019,18.0,rodriguez,False,0.0,False,0.0,True,giovinazzi,Italian,alfa,15,14,4.0,0.0,18.0,35,0,8,2.299999999999997,25.0
14468,2019,18.0,rodriguez,False,0.0,False,0.0,True,stroll,Canadian,Auto%#,16,12,21.0,0.0,15.0,58,0,7,3.0999999999999943,20.0
14471,2019,18.0,rodriguez,False,0.0,False,0.0,True,kevin_magnussen,Danish,haas,Auto%#,15,20.0,0.0,16.0,28,0,9,,27.0
14473,2019,18.0,rodriguez,False,0.0,False,0.0,True,grosjean,French,haas,18,17,8.0,0.0,,28,0,9,3.5999999999999943,33.0
14472,2019,18.0,rodriguez,False,0.0,False,0.0,True,russell,British,williams,19,16,0.0,0.0,20.0,1,0,10,3.799999999999997,21.0
14474,2019,18.0,rodriguez,,0.0,False,0.0,True,kubica,Polish,williams,20,18,1.0,0.0,19.0,1,0,10,5.200000000000003,34.0
14477,2019,19.0,americas,True,0.0,False,0.0,False,bottas,Finnish,mercedes,1,1,289.0,3.0,2.0,652,13,1,0.0,30.0
14495,2019,19.0,americas,True,0.0,False,0.0,False,vettel,German,ferrari,Auto%#,Auto%#,230.0,1.0,4.0,466,3,2,0.0,32.0
14479,2019,19.0,americas,True,0.0,False,0.0,False,max_verstappen,Auto%#,red_bull,3,3,220.0,2.0,5.0,341,2,3,0.0999999999999943,22.0
14480,2019,19.0,americas,True,0.0,False,0.0,False,leclerc,Monegasque,ferrari,4,4,236.0,2.0,3.0,466,3,2,0.0999999999999943,22.0
14478,2019,19.0,americas,True,0.0,False,0.0,False,hamilton,British,mercedes,5,2,363.0,10.0,1.0,652,13,1,0.2999999999999971,34.0
14481,2019,19.0,americas,True,,False,0.0,False,albon,Thai,red_bull,6,5,74.0,0.0,8.0,341,2,3,0.5,23.0
14484,2019,19.0,americas,True,0.0,False,0.0,False,sainz,Spanish,mclaren,Auto%#,8,76.0,0.0,7.0,111,0,4,0.7999999999999972,25.0
14483,2019,19.0,americas,True,0.0,False,0.0,False,norris,British,mclaren,8,7,35.0,0.0,12.0,111,0,4,1.2000000000000028,19.0
14482,2019,19.0,americas,True,0.0,False,0.0,False,ricciardo,Australian,renault,9,6,38.0,0.0,10.0,73,0,5,1.5,30.0
14491,2019,19.0,americas,True,0.0,False,0.0,False,gasly,French,toro_rosso,10,16,77.0,,6.0,64,0,6,1.5999999999999943,23.0
14485,2019,19.0,americas,True,0.0,False,0.0,False,hulkenberg,Auto%#,renault,,9,35.0,0.0,11.0,73,0,5,1.7999999999999972,32.0
14493,2019,19.0,,True,0.0,False,0.0,False,kevin_magnussen,Danish,haas,12,,20.0,0.0,16.0,28,0,9,2.0,27.0
14487,2019,19.0,americas,True,0.0,False,0.0,False,kvyat,Russian,toro_rosso,13,Auto%#,34.0,0.0,13.0,64,0,6,2.0,25.0
14488,,19.0,americas,True,0.0,False,0.0,False,stroll,Canadian,racing_point,14,13,21.0,0.0,15.0,64,0,7,2.0999999999999943,21.0
14490,2019,19.0,americas,True,0.0,False,,False,grosjean,French,haas,15,15,8.0,0.0,17.0,28,0,9,2.200000000000003,33.0
14489,2019,19.0,americas,True,0.0,False,0.0,False,giovinazzi,Italian,alfa,16,14,4.0,0.0,18.0,35,0,8,2.200000000000003,25.0
14486,2019,19.0,americas,True,0.0,False,0.0,False,raikkonen,Finnish,alfa,17,11,31.0,0.0,14.0,35,0,8,2.4000000000000057,40.0
14492,2019,19.0,americas,True,,False,0.0,False,russell,British,williams,18,17,0.0,0.0,20.0,1,0,10,3.4000000000000057,21.0
14494,2019,19.0,americas,True,0.0,False,0.0,False,kubica,Polish,williams,19,19,1.0,0.0,19.0,1,0,10,3.9000000000000057,34.0
14496,2019,20.0,interlagos,True,0.0,False,0.0,False,max_verstappen,Dutch,red_bull,1,1,235.0,2.0,4.0,366,2,,0.0,22.0
14512,2019,20.0,interlagos,True,0.0,False,0.0,False,vettel,German,ferrari,2,17,230.0,1.0,5.0,479,3,2,0.0999999999999943,32.0
14502,2019,20.0,interlagos,True,0.0,False,0.0,False,hamilton,British,mercedes,3,7,381.0,10.0,1.0,695,14,1,0.2000000000000028,34.0
14515,2019,20.0,interlagos,True,0.0,False,0.0,False,bottas,Finnish,mercedes,,20,314.0,4.0,2.0,695,14,,0.4000000000000057,30.0
14509,2019,20.0,interlagos,True,0.0,False,0.0,False,albon,Thai,red_bull,5,14,84.0,0.0,,366,2,3,0.4000000000000057,23.0
14497,2019,20.0,interlagos,True,0.0,False,0.0,False,gasly,French,toro_rosso,6,2,77.0,0.0,8.0,64,0,7,1.2999999999999972,23.0
14508,2019,20.0,interlagos,True,0.0,False,0.0,False,grosjean,French,haas,7,13,8.0,0.0,17.0,28,0,9,1.4000000000000057,33.0
14499,2019,20.0,interlagos,True,0.0,,0.0,Auto%#,raikkonen,Finnish,alfa,8,4,31.0,0.0,14.0,35,0,8,1.5,40.0
14506,2019,20.0,interlagos,True,0.0,False,0.0,False,kevin_magnussen,Danish,haas,9,11,20.0,0.0,16.0,28,0,9,1.5,27.0
14503,2019,20.0,interlagos,True,0.0,False,0.0,False,norris,British,mclaren,10,8,41.0,0.0,11.0,121,0,4,1.4000000000000057,20.0
14501,2019,20.0,interlagos,True,0.0,False,,False,ricciardo,Australian,renault,11,6,46.0,0.0,9.0,83,0,5,1.4000000000000057,30.0
14500,2019,20.0,interlagos,True,0.0,False,0.0,False,giovinazzi,Italian,alfa,12,5,4.0,0.0,18.0,35,0,8,1.4000000000000057,25.0
14510,2019,20.0,interlagos,,0.0,False,0.0,False,hulkenberg,German,renault,13,15,37.0,0.0,12.0,83,0,5,1.4000000000000057,32.0
14513,2019,20.0,interlagos,True,0.0,False,0.0,False,leclerc,Monegasque,ferrari,14,18,249.0,2.0,3.0,479,3,2,0.2000000000000028,22.0
14504,2019,20.0,interlagos,True,,False,0.0,False,perez,Mexican,racing_point,15,9,44.0,0.0,10.0,65,0,,1.5,29.0
14505,2019,20.0,interlagos,True,0.0,False,0.0,False,kvyat,Russian,toro_rosso,16,10,34.0,0.0,13.0,64,0,7,1.7999999999999972,25.0
14514,2019,20.0,interlagos,True,0.0,False,0.0,False,stroll,Canadian,racing_point,17,19,21.0,0.0,,65,0,6,2.0,
14507,2019,20.0,interlagos,True,0.0,False,0.0,False,russell,British,williams,18,12,,0.0,,1,0,10,2.5999999999999943,21.0
14511,2019,20.0,interlagos,True,0.0,False,,False,kubica,Polish,williams,19,16,1.0,0.0,19.0,,0,10,3.0999999999999943,34.0
14516,2019,21.0,yas_marina,True,0.0,False,0.0,False,hamilton,British,mercedes,1,1,387.0,10.0,1.0,701,14,1,0.0,34.0
14517,2019,21.0,yas_marina,True,0.0,False,0.0,False,max_verstappen,,red_bull,2,2,260.0,,3.0,391,3,3,0.2999999999999971,22.0
14518,2019,21.0,yas_marina,True,0.0,False,0.0,False,leclerc,Monegasque,ferrari,3,3,249.0,2.0,4.0,479,3,2,0.4000000000000057,22.0
14520,2019,21.0,yas_marina,,0.0,False,0.0,False,vettel,German,ferrari,4,5,230.0,1.0,,479,3,2,0.5,32.0
14521,,21.0,yas_marina,True,0.0,False,0.0,False,albon,Thai,red_bull,5,6,84.0,0.0,8.0,391,3,3,0.9000000000000057,23.0
14523,2019,21.0,yas_marina,True,0.0,False,0.0,False,norris,British,mclaren,6,8,45.0,0.0,11.0,140,0,4,1.6000000000000083,20.0
14526,2019,21.0,yas_marina,True,0.0,False,0.0,False,ricciardo,Australian,renault,7,11,54.0,0.0,9.0,91,0,5,1.7000000000000028,30.0
14525,2019,21.0,yas_marina,True,0.0,False,0.0,False,sainz,Spanish,mclaren,8,10,95.0,0.0,7.0,140,0,4,1.7000000000000028,25.0
14527,2019,21.0,yas_marina,True,0.0,False,0.0,False,,German,renault,9,12,37.0,0.0,13.0,91,0,5,1.9000000000000057,32.0
14522,2019,21.0,yas_marina,True,0.0,False,0.0,False,perez,Mexican,racing_point,10,7,46.0,0.0,10.0,67,0,7,2.299999999999997,
14533,2019,21.0,yas_marina,,0.0,False,0.0,False,gasly,French,toro_rosso,11,18,95.0,0.0,6.0,,0,6,2.299999999999997,23.0
14535,2019,,yas_marina,True,0.0,False,0.0,False,stroll,Canadian,,12,20,21.0,,15.0,67,0,7,2.299999999999997,21.0
14524,2019,21.0,yas_marina,True,0.0,False,0.0,False,kvyat,Russian,toro_rosso,13,9,35.0,0.0,14.0,83,0,6,2.299999999999997,25.0
14529,2019,21.0,yas_marina,True,0.0,False,0.0,False,kevin_magnussen,Danish,haas,14,14,20.0,0.0,16.0,28,0,9,2.5,27.0
14530,2019,21.0,,True,0.0,False,0.0,False,grosjean,French,,15,15,8.0,0.0,18.0,28,0,9,3.299999999999997,33.0
14531,2019,21.0,yas_marina,True,0.0,False,0.0,False,giovinazzi,Italian,alfa,16,16,14.0,0.0,17.0,57,0,8,3.299999999999997,25.0
14528,2019,21.0,yas_marina,True,0.0,False,0.0,False,raikkonen,Finnish,alfa,17,13,43.0,0.0,12.0,57,0,8,3.6000000000000085,40.0
14532,2019,21.0,yas_marina,True,0.0,False,0.0,False,russell,British,williams,Auto%#,17,0.0,0.0,20.0,1,0,10,3.9000000000000057,
14534,2019,21.0,yas_marina,True,0.0,False,0.0,False,kubica,Polish,williams,19,19,1.0,0.0,19.0,1,0,10,4.400000000000006,34.0
14519,2019,21.0,yas_marina,True,0.0,False,0.0,False,bottas,Finnish,mercedes,20,4,314.0,4.0,2.0,701,14,1,0.2000000000000028,30.0
14536,2020,1.0,red_bull_ring,True,0.0,False,0.0,False,bottas,Finnish,mercedes,1,1,0.0,0.0,0.0,0,0,0,0.0,30.0
14555,2020,1.0,red_bull_ring,True,0.0,False,0.0,False,max_verstappen,Dutch,Auto%#,2,20,0.0,0.0,0.0,0,0,0,0.6000000000000014,22.0
14538,2020,1.0,red_bull_ring,True,0.0,False,0.0,False,norris,British,mclaren,3,3,0.0,0.0,0.0,0,0,0,0.7000000000000028,20.0
14548,2020,1.0,red_bull_ring,True,0.0,False,0.0,False,albon,Thai,red_bull,4,13,0.0,0.0,,0,,0,1.0,24.0
14539,2020,1.0,red_bull_ring,True,0.0,False,0.0,False,hamilton,British,mercedes,5,4,0.0,0.0,0.0,0,0,0,,35.0
14541,2020,1.0,red_bull_ring,True,0.0,False,,False,perez,Mexican,racing_point,6,6,0.0,0.0,0.0,0,0,0,1.0,30.0
14537,2020,1.0,red_bull_ring,True,0.0,False,0.0,False,leclerc,Monegasque,ferrari,7,2,0.0,0.0,0.0,0,0,0,1.0,22.0
14540,2020,1.0,red_bull_ring,True,,False,0.0,False,sainz,Spanish,mclaren,8,5,0.0,0.0,0.0,0,0,0,1.1000000000000014,25.0
14553,2020,1.0,,True,0.0,False,0.0,False,stroll,Canadian,racing_point,9,18,0.0,0.0,0.0,0,0,0,1.1000000000000014,21.0
14554,2020,1.0,red_bull_ring,True,0.0,False,0.0,False,ricciardo,Australian,renault,10,19,0.0,0.0,0.0,0,0,0,1.3000000000000045,31.0
14545,2020,1.0,red_bull_ring,True,0.0,False,0.0,False,vettel,German,ferrari,11,10,0.0,0.0,0.0,0,0,0,1.3000000000000045,33.0
14542,2020,1.0,red_bull_ring,True,0.0,False,0.0,False,gasly,French,alphatauri,12,7,0.0,0.0,0.0,,0,0,1.3999999999999986,24.0
14547,2020,1.0,red_bull_ring,True,0.0,False,0.0,False,kvyat,Russian,alphatauri,13,12,0.0,0.0,0.0,0,0,0,1.500000000000007,26.0
14543,2020,1.0,red_bull_ring,True,0.0,False,0.0,False,ocon,French,renault,14,8,0.0,0.0,0.0,0,0,0,1.6999999999999955,23.0
14551,2020,1.0,red_bull_ring,True,0.0,False,0.0,False,grosjean,French,haas,15,16,0.0,0.0,0.0,0,0,0,1.8000000000000045,34.0
14552,2020,1.0,,True,0.0,False,0.0,False,kevin_magnussen,Danish,haas,16,17,0.0,0.0,0.0,0,0,0,2.3000000000000043,27.0
14550,2020,1.0,red_bull_ring,True,0.0,False,0.0,False,russell,British,williams,17,Auto%#,0.0,0.0,0.0,0,0,0,2.3000000000000043,
14544,2020,1.0,red_bull_ring,True,0.0,False,0.0,False,giovinazzi,Auto%#,alfa,18,9,0.0,0.0,0.0,0,0,Auto%#,2.3000000000000043,26.0
14549,2020,1.0,red_bull_ring,True,0.0,False,0.0,,raikkonen,Finnish,alfa,19,14,0.0,0.0,0.0,0,0,0,2.3000000000000043,40.0
14546,2020,1.0,red_bull_ring,True,0.0,False,0.0,False,latifi,Auto%#,williams,20,11,0.0,0.0,0.0,0,0,0,2.8999999999999986,25.0
14556,2020,2.0,red_bull_ring,True,0.0,False,0.0,False,hamilton,British,mercedes,1,1,12.0,0.0,4.0,37,1,1,0.0,35.0
14558,2020,2.0,red_bull_ring,True,0.0,False,0.0,False,max_verstappen,,red_bull,2,3,0.0,0.0,20.0,0,0,9,1.2000000000000028,22.0
14564,2020,2.0,red_bull_ring,True,0.0,False,0.0,Auto%#,sainz,Spanish,mclaren,3,Auto%#,10.0,0.0,5.0,26,0,,1.4000000000000057,25.0
,2020,2.0,red_bull_ring,True,,False,0.0,False,bottas,Finnish,mercedes,4,2,25.0,1.0,1.0,37,1,1,1.4000000000000057,30.0
14572,2020,2.0,red_bull_ring,True,0.0,False,0.0,False,ocon,French,renault,5,18,4.0,0.0,8.0,4,0,6,1.6000000000000083,23.0
14559,2020,2.0,red_bull_ring,True,0.0,False,0.0,False,albon,Thai,red_bull,6,4,0.0,0.0,13.0,0,0,9,1.7000000000000028,24.0
14569,2020,2.0,red_bull_ring,,0.0,False,0.0,False,gasly,French,alphatauri,7,15,6.0,0.0,7.0,6,0,5,1.7000000000000028,24.0
14563,,2.0,red_bull_ring,True,0.0,False,0.0,False,ricciardo,Australian,renault,8,8,0.0,0.0,19.0,4,0,6,1.9000000000000057,31.0
14560,2020,2.0,red_bull_ring,True,0.0,False,0.0,False,norris,British,mclaren,9,5,16.0,0.0,3.0,26,0,2,1.6000000000000083,20.0
14574,2020,2.0,red_bull_ring,True,0.0,False,0.0,False,vettel,German,ferrari,10,,1.0,0.0,10.0,19,0,3,2.4000000000000057,33.0
14570,2020,2.0,red_bull_ring,True,0.0,False,0.0,False,russell,British,williams,11,16,0.0,0.0,15.0,0,0,8,0.2999999999999971,22.0
14562,2020,2.0,red_bull_ring,True,0.0,False,0.0,False,stroll,Canadian,racing_point,12,7,0.0,0.0,18.0,8,0,4,0.2999999999999971,21.0
14565,2020,2.0,,True,0.0,False,,False,kvyat,Russian,alphatauri,13,10,0.0,0.0,12.0,6,0,5,0.4000000000000057,26.0
14573,2020,2.0,,True,0.0,False,0.0,False,leclerc,Monegasque,Auto%#,14,19,18.0,0.0,,19,0,3,0.2999999999999971,22.0
14567,2020,2.0,red_bull_ring,True,0.0,False,0.0,False,kevin_magnussen,Danish,haas,15,12,0.0,0.0,17.0,0,0,10,0.9000000000000057,27.0
14566,2020,2.0,red_bull_ring,True,0.0,False,0.0,False,raikkonen,Finnish,alfa,16,11,0.0,0.0,14.0,2,0,7,2.1000000000000085,40.0
14561,,2.0,red_bull_ring,True,0.0,False,0.0,False,perez,Mexican,racing_point,17,6,8.0,0.0,6.0,8,0,4,2.299999999999997,30.0
14571,2020,2.0,red_bull_ring,True,0.0,False,0.0,False,latifi,Canadian,williams,18,17,0.0,0.0,11.0,0,0,,2.5,25.0
14568,2020,2.0,red_bull_ring,True,0.0,False,0.0,False,giovinazzi,Italian,alfa,19,14,2.0,0.0,9.0,,0,7,2.5,26.0
14575,2020,3.0,hungaroring,False,0.0,False,1.0,True,hamilton,British,mercedes,1,1,37.0,,2.0,80,2,1,0.0,35.0
,2020,3.0,hungaroring,False,0.0,False,1.0,True,bottas,Finnish,mercedes,,3,43.0,1.0,1.0,80,2,1,0.1999999999999886,30.0
14578,2020,3.0,hungaroring,False,0.0,False,1.0,True,stroll,Canadian,racing_point,3,4,6.0,0.0,10.0,22,0,4,1.0,21.0
14581,2020,3.0,,False,,False,1.0,True,perez,Mexican,racing_point,4,7,16.0,0.0,5.0,22,0,4,1.0999999999999943,30.0
14580,2020,3.0,hungaroring,False,0.0,False,1.0,True,vettel,German,,5,6,1.0,0.0,15.0,19,0,5,1.3999999999999917,33.0
14584,2020,3.0,hungaroring,False,0.0,False,1.0,True,leclerc,Auto%#,ferrari,6,11,18.0,0.0,4.0,19,0,5,1.3999999999999917,22.0
14576,2020,3.0,hungaroring,False,0.0,False,1.0,,max_verstappen,Dutch,red_bull,7,2,15.0,0.0,6.0,27,,3,1.3999999999999917,22.0
14586,2020,3.0,hungaroring,False,0.0,False,1.0,True,norris,British,,Auto%#,13,26.0,0.0,3.0,39,0,2,1.5999999999999943,20.0
14583,2020,,hungaroring,False,0.0,False,1.0,True,sainz,Spanish,mclaren,9,9,13.0,0.0,7.0,39,0,2,1.5999999999999943,25.0
14582,2020,3.0,hungaroring,False,0.0,False,1.0,True,ricciardo,Australian,renault,11,8,4.0,0.0,12.0,8,0,6,2.299999999999997,31.0
14590,2020,3.0,hungaroring,False,0.0,False,1.0,True,russell,British,williams,12,18,0.0,0.0,20.0,0,0,9,2.299999999999997,22.0
14579,2020,3.0,hungaroring,,0.0,False,1.0,True,albon,Thai,red_bull,13,5,12.0,0.0,8.0,27,0,3,2.299999999999997,24.0
14587,2020,3.0,hungaroring,False,0.0,False,1.0,True,ocon,French,renault,14,14,4.0,0.0,11.0,8,0,6,2.299999999999997,23.0
14591,2020,3.0,hungaroring,False,0.0,False,1.0,True,latifi,Canadian,williams,15,19,0.0,0.0,16.0,0,0,9,3.0999999999999943,25.0
14585,2020,,hungaroring,False,0.0,Auto%#,1.0,True,kvyat,Russian,alphatauri,17,12,1.0,0.0,14.0,7,0,7,2.799999999999997,26.0
14589,,3.0,hungaroring,False,0.0,False,1.0,True,giovinazzi,Italian,alfa,19,17,2.0,0.0,13.0,2,0,8,3.0999999999999943,26.0
14588,2020,3.0,hungaroring,False,0.0,False,1.0,True,raikkonen,Finnish,alfa,20,15,0.0,0.0,17.0,2,0,8,3.1999999999999886,40.0
14593,2020,4.0,silverstone,False,0.0,False,0.0,True,hamilton,British,,1,1,63.0,2.0,1.0,121,3,1,0.0,35.0
14603,2020,4.0,silverstone,False,0.0,False,0.0,True,bottas,Finnish,mercedes,2,11,58.0,1.0,2.0,121,3,1,0.2999999999999971,30.0
14594,2020,4.0,silverstone,False,0.0,False,0.0,True,max_verstappen,Dutch,red_bull,3,2,33.0,0.0,3.0,55,0,2,1.0,
14595,2020,4.0,silverstone,False,0.0,Auto%#,0.0,True,leclerc,Monegasque,ferrari,4,3,18.0,0.0,7.0,27,0,5,1.1000000000000083,22.0
14597,2020,4.0,silverstone,False,0.0,False,0.0,True,norris,British,mclaren,5,5,26.0,0.0,4.0,41,0,3,1.5,20.0
14601,2020,4.0,silverstone,False,0.0,False,0.0,True,stroll,Canadian,racing_point,6,9,18.0,0.0,8.0,40,0,4,1.5,21.0
14605,2020,4.0,silverstone,False,0.0,False,0.0,True,sainz,Spanish,mclaren,7,13,15.0,0.0,9.0,41,0,3,1.7000000000000028,25.0
14596,2020,4.0,silverstone,False,0.0,False,0.0,True,ricciardo,Australian,renault,8,4,8.0,0.0,11.0,12,0,6,1.7000000000000028,31.0
14598,2020,,silverstone,False,0.0,False,0.0,True,ocon,French,renault,9,6,4.0,0.0,13.0,12,0,6,1.9000000000000057,23.0
14602,2020,4.0,silverstone,False,0.0,False,0.0,True,,German,ferrari,10,10,9.0,0.0,10.0,27,0,5,2.0,
14599,2020,4.0,silverstone,False,0.0,False,0.0,True,gasly,French,alphatauri,11,7,6.0,0.0,12.0,,0,7,2.200000000000003,24.0
14600,2020,4.0,silverstone,False,0.0,False,0.0,True,albon,Thai,red_bull,12,8,22.0,0.0,5.0,55,0,2,2.200000000000003,24.0
14612,2020,4.0,silverstone,False,0.0,False,0.0,True,hulkenberg,German,racing_point,13,20,0.0,,,40,0,4,2.299999999999997,32.0
14611,2020,4.0,silverstone,,,False,0.0,True,kevin_magnussen,Danish,haas,14,19,1.0,0.0,16.0,1,0,9,2.9000000000000057,27.0
,2020,4.0,silverstone,False,0.0,False,0.0,True,giovinazzi,Italian,alfa,15,14,2.0,0.0,14.0,2,0,8,2.9000000000000057,26.0
14609,2020,4.0,silverstone,False,0.0,False,0.0,Auto%#,raikkonen,Finnish,alfa,16,17,0.0,0.0,17.0,2,0,8,3.1000000000000085,40.0
14608,2020,4.0,silverstone,False,0.0,False,0.0,True,grosjean,French,haas,17,16,0.0,0.0,19.0,1,0,9,3.299999999999997,34.0
14607,2020,4.0,silverstone,False,0.0,False,0.0,True,latifi,Canadian,williams,18,15,0.0,0.0,18.0,0,0,10,3.4000000000000057,25.0
14610,2020,4.0,silverstone,False,0.0,False,0.0,True,kvyat,Russian,alphatauri,19,18,1.0,0.0,15.0,7,0,7,2.4000000000000057,26.0
14604,2020,4.0,silverstone,False,,False,0.0,True,russell,British,williams,20,12,0.0,0.0,20.0,0,0,10,2.799999999999997,22.0
14615,2020,5.0,silverstone,True,0.0,False,0.0,False,bottas,Finnish,mercedes,1,3,58.0,1.0,2.0,146,4,,0.0,30.0
14614,2020,5.0,silverstone,True,0.0,False,0.0,False,hamilton,British,mercedes,2,2,88.0,3.0,,146,4,1,0.0,35.0
14619,2020,5.0,silverstone,True,0.0,False,0.0,False,hulkenberg,German,racing_point,3,Auto%#,0.0,0.0,21.0,42,0,5,0.8999999999999915,32.0
14613,2020,5.0,silverstone,True,0.0,False,0.0,False,max_verstappen,Dutch,red_bull,4,1,52.0,0.0,3.0,78,0,2,1.0,22.0
14626,2020,5.0,silverstone,True,,False,0.0,False,ricciardo,Australian,renault,5,14,20.0,0.0,9.0,32,0,6,1.0999999999999943,31.0
14618,2020,,silverstone,True,0.0,False,0.0,False,stroll,Canadian,racing_point,6,6,,0.0,8.0,42,0,5,1.2000000000000028,21.0
14623,2020,5.0,silverstone,True,0.0,False,0.0,False,gasly,Auto%#,alphatauri,7,11,12.0,0.0,12.0,13,0,7,1.2999999999999972,24.0
14616,2020,5.0,silverstone,True,0.0,Auto%#,0.0,False,leclerc,Monegasque,ferrari,8,4,33.0,0.0,5.0,43,,4,1.3999999999999917,22.0
14617,2020,5.0,silverstone,True,0.0,False,0.0,False,albon,Thai,red_bull,9,5,26.0,0.0,6.0,78,0,2,1.5,24.0
14621,2020,5.0,silverstone,True,,False,0.0,False,norris,British,mclaren,10,9,36.0,0.0,4.0,51,0,3,1.5999999999999943,20.0
14624,2020,5.0,silverstone,True,0.0,False,0.0,False,vettel,German,ferrari,11,12,10.0,0.0,13.0,43,0,4,1.8999999999999917,33.0
14625,2020,5.0,silverstone,True,0.0,False,0.0,False,sainz,Spanish,mclaren,12,13,15.0,0.0,10.0,51,0,3,1.8999999999999917,25.0
14628,2020,5.0,silverstone,True,0.0,False,0.0,False,grosjean,French,haas,13,16,0.0,0.0,20.0,1,0,9,2.0999999999999943,34.0
14620,2020,5.0,silverstone,True,0.0,False,0.0,False,ocon,French,renault,14,8,12.0,0.0,11.0,32,0,6,1.7999999999999972,
,2020,5.0,silverstone,True,0.0,False,0.0,False,russell,British,williams,15,18,0.0,0.0,19.0,0,0,10,2.299999999999997,22.0
14622,2020,5.0,silverstone,True,0.0,False,0.0,False,kvyat,Russian,alphatauri,,10,1.0,0.0,15.0,13,0,7,2.700000000000003,26.0
14632,2020,5.0,silverstone,True,0.0,False,,False,kevin_magnussen,Danish,haas,17,20,1.0,0.0,16.0,1,0,9,3.0,27.0
14631,2020,5.0,silverstone,True,0.0,False,0.0,False,latifi,Canadian,williams,18,19,0.0,0.0,17.0,0,0,10,3.200000000000003,25.0
14629,2020,5.0,silverstone,True,0.0,,0.0,False,giovinazzi,Italian,alfa,19,17,2.0,0.0,14.0,2,0,8,3.200000000000003,26.0
14627,2020,5.0,silverstone,True,0.0,False,0.0,False,raikkonen,Finnish,alfa,20,15,0.0,0.0,18.0,2,0,8,3.299999999999997,40.0
14633,2020,6.0,catalunya,False,0.0,False,0.0,True,hamilton,British,mercedes,1,1,107.0,3.0,1.0,180,4,,0.0,35.0
14635,,6.0,catalunya,False,0.0,False,0.0,True,bottas,Finnish,mercedes,2,3,73.0,1.0,3.0,180,4,1,0.0,30.0
14634,2020,6.0,catalunya,False,0.0,False,0.0,True,max_verstappen,Dutch,red_bull,3,2,77.0,1.0,2.0,113,1,2,0.7000000000000028,22.0
14637,2020,6.0,catalunya,False,0.0,False,0.0,True,perez,Mexican,racing_point,4,5,22.0,0.0,8.0,41,0,5,0.9000000000000057,30.0
14636,2020,6.0,catalunya,False,0.0,False,0.0,True,stroll,Canadian,racing_point,5,4,28.0,0.0,7.0,41,0,5,1.0,21.0
,2020,6.0,catalunya,False,0.0,False,0.0,True,albon,Thai,red_bull,6,8,36.0,0.0,6.0,113,1,2,1.4000000000000057,24.0
14638,2020,6.0,catalunya,False,0.0,False,0.0,True,sainz,Spanish,mclaren,7,6,15.0,0.0,11.0,53,0,4,1.4000000000000057,25.0
14642,2020,6.0,catalunya,False,0.0,False,0.0,True,norris,British,mclaren,8,10,38.0,0.0,5.0,53,,4,1.5,20.0
14652,2020,6.0,catalunya,False,0.0,False,0.0,True,leclerc,Monegasque,ferrari,9,20,45.0,,4.0,55,0,3,1.5,22.0
14641,2020,6.0,catalunya,False,0.0,False,0.0,True,gasly,Auto%#,alphatauri,10,9,12.0,0.0,12.0,14,0,7,1.5,24.0
14639,2020,6.0,catalunya,False,0.0,False,0.0,True,vettel,German,ferrari,11,7,10.0,0.0,13.0,55,0,3,1.6000000000000083,33.0
14644,2020,6.0,catalunya,False,0.0,False,0.0,Auto%#,kvyat,Russian,alphatauri,12,12,2.0,0.0,16.0,14,0,7,1.6000000000000083,26.0
14643,2020,6.0,catalunya,False,0.0,False,0.0,True,ricciardo,Australian,renault,13,11,20.0,,,36,0,6,1.6000000000000083,31.0
,2020,6.0,catalunya,False,0.0,False,0.0,True,raikkonen,Finnish,,14,14,0.0,0.0,18.0,2,0,8,1.8000000000000114,40.0
14645,2020,6.0,catalunya,False,0.0,Auto%#,0.0,True,ocon,French,renault,15,13,16.0,0.0,10.0,36,0,6,2.0,23.0
14647,2020,6.0,,False,0.0,False,0.0,True,kevin_magnussen,Danish,haas,Auto%#,15,,0.0,17.0,1,0,Auto%#,2.300000000000012,27.0
14651,2020,,catalunya,False,0.0,False,0.0,True,grosjean,French,,17,19,0.0,0.0,21.0,1,0,9,2.5,34.0
14649,2020,6.0,catalunya,False,0.0,False,0.0,True,russell,British,williams,18,17,0.0,0.0,,0,0,10,2.5,22.0
14650,2020,6.0,catalunya,False,0.0,False,0.0,True,latifi,Canadian,williams,19,18,0.0,0.0,19.0,0,0,10,2.9000000000000057,25.0
14648,2020,6.0,catalunya,False,0.0,False,0.0,True,giovinazzi,,alfa,20,16,2.0,0.0,,2,0,8,3.1000000000000085,26.0
14653,2020,7.0,spa,False,0.0,False,0.0,True,hamilton,British,mercedes,1,1,132.0,4.0,1.0,221,5,1,0.0,35.0
14654,2020,7.0,spa,False,0.0,False,0.0,True,bottas,Finnish,mercedes,2,2,89.0,1.0,3.0,221,5,1,0.5,31.0
14655,2020,7.0,spa,,0.0,False,0.0,True,max_verstappen,Dutch,Auto%#,3,3,95.0,1.0,2.0,135,1,2,0.5,22.0
14656,2020,7.0,spa,False,0.0,False,,True,ricciardo,Australian,renault,4,4,20.0,0.0,10.0,36,0,6,0.7999999999999972,31.0
14658,2020,7.0,spa,False,0.0,False,0.0,True,albon,Thai,red_bull,5,6,40.0,0.0,6.0,135,1,2,1.0,24.0
14657,2020,7.0,spa,False,0.0,False,0.0,True,ocon,French,renault,6,5,16.0,0.0,12.0,36,0,6,1.1000000000000083,23.0
14672,2020,7.0,spa,False,0.0,False,0.0,True,sainz,Spanish,mclaren,7,20,23.0,0.0,9.0,62,0,4,1.1000000000000083,25.0
14662,2020,7.0,spa,False,0.0,False,0.0,True,perez,Mexican,racing_point,8,10,32.0,0.0,8.0,63,0,3,1.2000000000000028,30.0
14661,2020,7.0,spa,False,0.0,False,0.0,True,stroll,Canadian,racing_point,9,9,40.0,0.0,5.0,,0,3,1.2999999999999972,21.0
14659,2020,,spa,False,0.0,False,0.0,True,norris,British,mclaren,10,7,39.0,0.0,7.0,62,0,4,1.4000000000000057,20.0
14663,2020,7.0,spa,False,0.0,False,0.0,True,kvyat,Russian,alphatauri,11,11,2.0,0.0,16.0,16,,7,1.4000000000000057,26.0
14660,,7.0,spa,False,0.0,False,0.0,True,gasly,French,alphatauri,12,8,14.0,0.0,13.0,16,0,7,1.4000000000000057,24.0
14666,2020,7.0,spa,False,0.0,False,0.0,True,leclerc,Monegasque,ferrari,13,14,45.0,0.0,4.0,61,0,5,1.7000000000000028,22.0
14665,2020,7.0,spa,False,0.0,False,0.0,True,vettel,German,ferrari,14,13,16.0,0.0,11.0,61,0,5,2.0,33.0
14671,2020,7.0,spa,False,0.0,False,0.0,True,russell,British,williams,15,19,0.0,0.0,20.0,0,0,10,2.200000000000003,22.0
14664,2020,7.0,spa,False,0.0,False,0.0,True,raikkonen,Finnish,alfa,16,12,0.0,0.0,18.0,2,0,8,2.4000000000000057,40.0
14667,2020,7.0,spa,False,0.0,False,0.0,True,grosjean,French,haas,17,15,0.0,0.0,21.0,1,0,9,2.5,34.0
14670,2020,7.0,spa,False,0.0,Auto%#,0.0,True,giovinazzi,Italian,alfa,18,18,2.0,0.0,15.0,2,0,8,2.700000000000003,26.0
14668,2020,7.0,spa,False,0.0,False,0.0,True,latifi,Canadian,williams,19,16,0.0,0.0,19.0,0,0,10,2.799999999999997,25.0
14669,2020,7.0,spa,False,0.0,False,0.0,,kevin_magnussen,Danish,,20,17,1.0,0.0,17.0,1,0,9,3.0,27.0
14679,2020,8.0,monza,True,0.0,False,0.0,False,hamilton,British,Auto%#,1,7,157.0,5.0,1.0,264,6,1,0.0,35.0
14677,2020,8.0,monza,True,0.0,False,0.0,False,bottas,Finnish,mercedes,2,5,107.0,1.0,3.0,264,6,1,0.0999999999999943,31.0
14674,2020,8.0,monza,True,0.0,False,0.0,False,sainz,Spanish,mclaren,3,2,23.0,0.0,11.0,68,0,3,0.7999999999999972,26.0
14682,2020,,monza,True,0.0,False,0.0,False,perez,Mexican,racing_point,4,10,33.0,0.0,9.0,66,0,4,0.7999999999999972,30.0
14689,2020,8.0,monza,True,0.0,False,0.0,False,max_verstappen,Dutch,red_bull,5,17,110.0,1.0,2.0,158,1,2,0.8999999999999915,22.0
14676,2020,8.0,monza,True,0.0,False,0.0,False,,British,mclaren,6,4,45.0,0.0,6.0,68,0,3,0.8999999999999915,20.0
14678,2020,8.0,monza,True,0.0,False,0.0,False,ricciardo,Australian,renault,7,6,33.0,0.0,8.0,59,0,6,1.0,31.0
14675,2020,8.0,monza,True,0.0,False,0.0,False,stroll,Canadian,racing_point,8,3,42.0,0.0,7.0,66,0,4,1.0999999999999943,21.0
14687,2020,8.0,monza,True,0.0,False,0.0,False,albon,,red_bull,Auto%#,15,48.0,0.0,4.0,158,1,2,1.1999999999999886,24.0
14673,2020,8.0,Auto%#,True,0.0,False,0.0,False,gasly,French,alphatauri,10,Auto%#,18.0,0.0,12.0,20,0,7,,24.0
,2020,8.0,monza,True,0.0,False,0.0,False,kvyat,Russian,alphatauri,,9,2.0,0.0,16.0,20,0,7,1.2999999999999972,26.0
14680,2020,8.0,monza,True,0.0,False,0.0,False,ocon,French,renault,12,8,26.0,0.0,10.0,59,0,6,1.2999999999999972,23.0
14690,2020,8.0,monza,True,0.0,False,0.0,False,leclerc,Monegasque,ferrari,13,18,45.0,0.0,5.0,61,0,5,1.3999999999999917,22.0
14685,2020,8.0,monza,True,0.0,False,0.0,False,,Finnish,alfa,,13,0.0,0.0,18.0,2,0,8,2.0,40.0
14691,2020,8.0,monza,True,0.0,False,0.0,False,kevin_magnussen,Danish,haas,15,19,1.0,0.0,17.0,1,0,9,2.6999999999999886,27.0
14684,2020,8.0,monza,True,0.0,False,0.0,False,grosjean,French,haas,16,12,0.0,0.0,21.0,1,0,9,2.1999999999999886,34.0
,2020,8.0,,True,0.0,False,0.0,,vettel,Auto%#,ferrari,17,20,16.0,0.0,13.0,61,0,5,2.299999999999997,33.0
14688,,8.0,monza,True,0.0,False,0.0,False,giovinazzi,Italian,alfa,18,16,2.0,0.0,15.0,2,0,8,2.299999999999997,26.0
14686,2020,8.0,monza,True,0.0,False,0.0,False,russell,British,williams,19,,0.0,0.0,20.0,,0,10,2.6999999999999886,22.0
14683,2020,8.0,monza,True,0.0,False,0.0,False,latifi,Canadian,williams,20,Auto%#,0.0,0.0,19.0,0,0,10,2.799999999999997,25.0
14693,2020,9.0,mugello,True,0.0,False,0.0,False,hamilton,British,,1,1,164.0,5.0,1.0,281,6,1,0.0,35.0
14694,2020,9.0,mugello,True,0.0,Auto%#,0.0,False,bottas,Finnish,mercedes,2,2,117.0,1.0,2.0,281,6,1,0.1000000000000085,31.0
14711,2020,9.0,mugello,True,0.0,False,0.0,False,max_verstappen,Dutch,red_bull,3,19,110.0,1.0,3.0,158,1,2,0.4000000000000057,22.0
14695,2020,9.0,mugello,True,0.0,False,0.0,False,albon,Thai,red_bull,4,3,48.0,0.0,6.0,158,1,2,0.9000000000000057,24.0
14700,,9.0,mugello,True,0.0,False,0.0,False,leclerc,Monegasque,ferrari,5,8,45.0,0.0,7.0,61,0,6,1.2000000000000028,22.0
14705,2020,9.0,Auto%#,True,0.0,False,0.0,False,stroll,Canadian,racing_point,6,13,57.0,,4.0,82,0,4,1.3000000000000114,21.0
14697,2020,9.0,mugello,True,0.0,False,0.0,False,perez,Mexican,racing_point,7,5,34.0,0.0,11.0,82,,4,1.2000000000000028,30.0
14696,2020,9.0,mugello,True,0.0,False,0.0,False,ricciardo,Australian,renault,8,4,41.0,0.0,10.0,71,0,5,1.4000000000000057,31.0
14710,2020,9.0,mugello,True,0.0,False,0.0,False,sainz,Spanish,mclaren,9,18,41.0,0.0,9.0,98,0,3,2.800000000000012,26.0
14698,2020,9.0,mugello,True,0.0,False,0.0,False,norris,British,mclaren,11,6,57.0,0.0,5.0,98,0,3,1.5,
14699,2020,9.0,mugello,True,0.0,False,0.0,False,kvyat,Russian,alphatauri,12,7,4.0,0.0,15.0,47,1,7,1.8000000000000114,26.0
14701,2020,9.0,mugello,True,0.0,False,0.0,False,raikkonen,Finnish,alfa,13,9,0.0,0.0,19.0,2,0,8,,40.0
14702,2020,9.0,mugello,True,0.0,False,,False,vettel,German,ferrari,14,10,16.0,0.0,13.0,61,0,6,1.8000000000000114,33.0
14704,2020,9.0,mugello,True,0.0,False,,False,grosjean,French,haas,15,12,0.0,0.0,20.0,1,0,9,2.200000000000003,34.0
14712,2020,9.0,mugello,True,0.0,False,0.0,False,gasly,French,alphatauri,16,20,43.0,1.0,8.0,47,1,7,2.0,24.0
14709,2020,9.0,mugello,True,0.0,False,0.0,False,giovinazzi,Italian,Auto%#,17,17,2.0,0.0,16.0,2,0,8,2.1000000000000085,26.0
14703,2020,9.0,mugello,True,0.0,False,0.0,False,russell,British,,18,11,0.0,0.0,21.0,0,,10,2.1000000000000085,22.0
14707,2020,9.0,mugello,True,0.0,False,0.0,False,latifi,Canadian,williams,19,15,0.0,0.0,,0,0,10,2.200000000000003,25.0
14708,2020,9.0,mugello,True,0.0,False,0.0,False,kevin_magnussen,Danish,haas,20,16,1.0,0.0,17.0,1,0,9,2.200000000000003,27.0
14715,2020,10.0,sochi,True,0.0,False,0.0,False,hamilton,,mercedes,1,3,190.0,6.0,1.0,325,7,1,,35.0
14714,2020,10.0,sochi,True,0.0,False,0.0,False,max_verstappen,Dutch,red_bull,2,2,110.0,1.0,3.0,173,1,2,0.6000000000000085,
14713,2020,10.0,sochi,True,0.0,False,0.0,False,bottas,Finnish,mercedes,3,1,135.0,1.0,2.0,325,,1,0.7000000000000028,31.0
14716,2020,10.0,sochi,True,0.0,False,0.0,False,perez,,racing_point,4,4,44.0,0.0,9.0,92,0,4,1.0,30.0
14717,2020,10.0,sochi,True,0.0,False,,False,ricciardo,Australian,Auto%#,5,,53.0,0.0,7.0,83,0,5,1.1000000000000083,31.0
14731,2020,10.0,sochi,True,0.0,False,0.0,False,sainz,Spanish,mclaren,6,19,41.0,0.0,11.0,106,0,3,1.2999999999999972,26.0
14719,2020,10.0,sochi,True,0.0,False,0.0,False,ocon,French,renault,7,,30.0,0.0,12.0,83,0,5,,24.0
14727,2020,10.0,sochi,True,0.0,False,,False,norris,British,mclaren,8,15,65.0,0.0,4.0,106,0,3,1.5,20.0
14721,2020,10.0,sochi,True,0.0,False,0.0,False,gasly,French,alphatauri,9,9,43.0,1.0,,53,1,7,1.7000000000000028,24.0
14718,2020,10.0,sochi,True,0.0,False,0.0,False,,Monegasque,ferrari,10,6,49.0,0.0,8.0,66,0,6,1.9000000000000057,22.0
14720,2020,10.0,sochi,True,0.0,False,0.0,False,kvyat,Russian,alphatauri,11,8,10.0,0.0,14.0,53,1,7,1.9000000000000057,26.0
14732,,10.0,sochi,True,,False,0.0,False,stroll,Canadian,racing_point,12,,57.0,0.0,6.0,92,0,4,2.1000000000000085,21.0
14730,2020,10.0,sochi,True,0.0,False,,False,russell,British,williams,13,18,0.0,0.0,20.0,0,0,10,2.299999999999997,22.0
14725,2020,10.0,sochi,True,0.0,False,0.0,False,vettel,German,ferrari,14,13,,0.0,13.0,66,0,6,2.299999999999997,33.0
14722,2020,10.0,sochi,True,0.0,False,0.0,False,albon,Thai,red_bull,15,10,63.0,0.0,5.0,173,1,2,1.7000000000000028,24.0
14729,2020,10.0,sochi,True,0.0,False,0.0,False,grosjean,French,haas,16,17,0.0,0.0,21.0,1,0,9,3.299999999999997,34.0
14723,2020,10.0,sochi,True,0.0,False,0.0,False,giovinazzi,Italian,alfa,17,11,2.0,0.0,17.0,4,0,8,3.299999999999997,26.0
14724,2020,10.0,sochi,True,0.0,False,,False,kevin_magnussen,Danish,haas,18,12,1.0,0.0,18.0,1,0,9,3.4000000000000057,27.0
14726,2020,10.0,sochi,True,0.0,False,0.0,False,raikkonen,Finnish,alfa,19,14,2.0,0.0,,4,0,8,4.0,40.0
14728,2020,10.0,sochi,True,0.0,False,0.0,False,latifi,Canadian,williams,20,16,0.0,0.0,19.0,0,0,10,3.799999999999997,25.0
14751,2020,11.0,,False,0.0,False,0.0,False,bottas,Finnish,mercedes,1,19,161.0,2.0,2.0,366,8,1,0.0,31.0
14733,2020,11.0,nurburgring,False,0.0,False,0.0,False,hamilton,British,mercedes,2,1,205.0,6.0,1.0,366,8,1,0.2000000000000028,35.0
14734,2020,11.0,nurburgring,False,,False,,False,max_verstappen,Dutch,red_bull,3,2,128.0,1.0,3.0,192,,2,0.2999999999999971,23.0
14739,2020,11.0,nurburgring,False,0.0,False,0.0,False,leclerc,Monegasque,ferrari,4,7,57.0,0.0,7.0,74,0,6,0.7000000000000028,22.0
14749,2020,11.0,nurburgring,False,0.0,False,0.0,False,albon,Thai,red_bull,5,17,64.0,0.0,5.0,192,1,2,0.7000000000000028,24.0
14735,2020,11.0,nurburgring,False,,False,0.0,False,ricciardo,Australian,renault,6,3,,0.0,6.0,99,0,5,0.9000000000000057,31.0
14750,2020,11.0,nurburgring,False,0.0,False,0.0,False,ocon,,renault,7,18,36.0,0.0,12.0,99,0,5,0.9000000000000057,
14748,2020,11.0,nurburgring,False,0.0,False,0.0,False,norris,British,mclaren,8,16,65.0,0.0,,,0,3,1.2000000000000028,20.0
14736,2020,11.0,nurburgring,False,0.0,False,0.0,,perez,Mexican,racing_point,9,4,56.0,0.0,9.0,104,0,4,1.4000000000000057,30.0
14737,2020,11.0,nurburgring,False,0.0,False,0.0,False,sainz,Spanish,mclaren,10,5,41.0,0.0,11.0,106,0,3,1.4000000000000057,26.0
14743,2020,11.0,nurburgring,False,0.0,False,0.0,False,vettel,German,ferrari,11,11,17.0,0.0,13.0,,0,6,1.4000000000000057,33.0
14738,2020,11.0,nurburgring,False,0.0,False,0.0,False,gasly,French,alphatauri,12,6,45.0,1.0,10.0,59,1,7,1.5,24.0
14747,2020,11.0,nurburgring,False,,False,0.0,False,kvyat,Auto%#,alphatauri,13,15,14.0,0.0,14.0,59,1,,1.5,26.0
14742,2020,11.0,nurburgring,False,0.0,False,0.0,False,giovinazzi,Italian,alfa,14,10,2.0,0.0,17.0,4,0,8,1.6000000000000083,26.0
14745,2020,11.0,nurburgring,False,0.0,Auto%#,,False,kevin_magnussen,Danish,haas,15,13,1.0,0.0,18.0,1,0,9,1.7999999999999972,28.0
14741,2020,11.0,nurburgring,False,0.0,False,0.0,False,grosjean,French,haas,16,9,0.0,0.0,21.0,1,0,9,2.299999999999997,34.0
14752,2020,11.0,nurburgring,False,0.0,False,0.0,False,russell,British,williams,17,20,0.0,0.0,20.0,0,0,10,2.299999999999997,22.0
14746,2020,11.0,nurburgring,False,0.0,False,0.0,False,latifi,Canadian,williams,18,14,0.0,0.0,19.0,0,0,10,2.5,25.0
14744,2020,11.0,nurburgring,False,0.0,False,0.0,False,raikkonen,,alfa,19,12,2.0,0.0,16.0,4,0,8,2.5,40.0
14740,2020,11.0,nurburgring,False,0.0,,0.0,False,hulkenberg,German,racing_point,20,8,6.0,0.0,15.0,104,0,4,2.700000000000003,33.0
14753,2020,12.0,portimao,False,0.0,False,0.0,True,hamilton,British,mercedes,1,1,230.0,7.0,1.0,391,9,1,0.0,35.0
14754,2020,12.0,portimao,False,0.0,False,0.0,True,bottas,Finnish,mercedes,2,2,161.0,2.0,2.0,391,9,1,0.0999999999999943,31.0
14755,2020,12.0,portimao,False,0.0,False,0.0,True,max_verstappen,Dutch,red_bull,3,3,147.0,1.0,3.0,211,1,2,0.2000000000000028,23.0
14756,2020,12.0,,False,0.0,False,,True,leclerc,Monegasque,,4,4,63.0,0.0,8.0,80,0,6,0.3999999999999915,23.0
14759,2020,12.0,portimao,False,0.0,False,0.0,,perez,Mexican,racing_point,5,7,68.0,0.0,5.0,120,0,3,0.5,30.0
14764,2020,12.0,portimao,False,0.0,False,0.0,True,albon,Thai,red_bull,6,12,64.0,,7.0,211,1,2,0.7000000000000028,24.0
14758,2020,12.0,portimao,False,0.0,False,0.0,True,sainz,Spanish,mclaren,7,6,51.0,0.0,11.0,116,0,4,0.7999999999999972,26.0
14765,2020,12.0,portimao,False,0.0,False,0.0,True,norris,British,mclaren,8,13,65.0,0.0,6.0,116,0,4,,20.0
14757,2020,12.0,portimao,False,0.0,False,0.0,True,gasly,French,alphatauri,9,5,53.0,1.0,,67,1,7,1.0999999999999943,24.0
14760,2020,12.0,portimao,False,0.0,False,0.0,True,ocon,French,renault,11,8,36.0,0.0,12.0,114,0,5,0.8999999999999915,24.0
14772,2020,12.0,portimao,,0.0,False,0.0,True,stroll,Canadian,racing_point,12,20,57.0,0.0,9.0,120,0,3,0.8999999999999915,21.0
14771,2020,12.0,portimao,False,0.0,False,0.0,True,kvyat,Russian,alphatauri,13,19,14.0,0.0,14.0,67,1,7,1.0,26.0
14766,2020,12.0,portimao,False,0.0,False,0.0,True,russell,British,williams,14,14,0.0,0.0,21.0,0,0,10,1.0999999999999943,22.0
14762,2020,12.0,Auto%#,False,0.0,False,0.0,True,vettel,German,ferrari,15,10,17.0,0.0,13.0,80,0,6,1.2000000000000028,33.0
14763,2020,12.0,portimao,False,0.0,False,0.0,True,raikkonen,Auto%#,alfa,16,11,2.0,0.0,17.0,5,0,8,1.5,41.0
14767,2020,12.0,portimao,False,0.0,False,0.0,True,giovinazzi,Italian,alfa,17,15,3.0,,16.0,5,0,8,1.5999999999999943,26.0
14769,2020,12.0,portimao,False,0.0,False,0.0,True,grosjean,French,haas,18,17,2.0,0.0,18.0,3,0,9,1.7000000000000028,34.0
14768,2020,12.0,portimao,False,0.0,Auto%#,0.0,True,kevin_magnussen,Danish,haas,19,16,1.0,0.0,19.0,3,0,9,1.7999999999999972,28.0
14770,2020,12.0,portimao,False,0.0,False,0.0,True,latifi,Canadian,williams,20,18,0.0,0.0,20.0,0,0,10,2.0999999999999943,25.0
14774,2020,13.0,imola,False,0.0,False,,True,bottas,Finnish,mercedes,1,2,179.0,2.0,2.0,435,10,1,0.0,31.0
14773,2020,13.0,imola,False,0.0,False,0.0,True,hamilton,British,mercedes,2,1,256.0,8.0,1.0,435,,1,0.1000000000000085,35.0
,2020,13.0,imola,False,0.0,False,0.0,,max_verstappen,Dutch,red_bull,3,17,162.0,1.0,3.0,226,1,Auto%#,0.6000000000000085,23.0
14792,2020,13.0,imola,False,0.0,False,0.0,True,gasly,French,alphatauri,4,20,63.0,1.0,9.0,77,1,7,0.9000000000000057,24.0
14775,2020,13.0,imola,False,0.0,False,,True,ricciardo,Australian,renault,5,,80.0,0.0,4.0,120,0,5,0.9000000000000057,31.0
14787,2020,13.0,imola,False,0.0,False,0.0,True,albon,Thai,red_bull,6,15,64.0,0.0,8.0,226,1,2,1.0,24.0
14777,2020,13.0,imola,False,0.0,False,0.0,True,leclerc,Monegasque,ferrari,,5,75.0,0.0,,93,0,6,1.0,23.0
14776,2020,13.0,imola,False,0.0,False,0.0,True,kvyat,Russian,alphatauri,8,4,14.0,0.0,14.0,77,1,Auto%#,1.1000000000000083,
14780,2020,13.0,imola,False,0.0,False,0.0,True,norris,British,mclaren,9,8,65.0,0.0,7.0,124,0,4,1.2000000000000028,20.0
14779,2020,13.0,imola,False,0.0,False,,True,sainz,Spanish,mclaren,10,7,59.0,0.0,10.0,124,0,4,1.3000000000000114,26.0
14778,2020,13.0,imola,False,0.0,False,0.0,True,perez,Mexican,racing_point,11,6,74.0,0.0,6.0,126,0,3,1.5,30.0
14791,2020,13.0,imola,False,0.0,False,0.0,True,ocon,French,renault,,19,40.0,0.0,12.0,120,0,5,1.6000000000000083,24.0
14788,2020,13.0,imola,False,0.0,False,0.0,True,russell,British,williams,13,16,0.0,0.0,21.0,0,0,10,1.7000000000000028,22.0
14784,2020,13.0,imola,False,0.0,False,0.0,True,vettel,German,ferrari,14,12,18.0,0.0,13.0,93,0,6,1.8000000000000114,33.0
14785,2020,13.0,imola,False,0.0,False,0.0,True,stroll,Canadian,racing_point,15,13,57.0,0.0,11.0,126,0,3,1.9000000000000057,22.0
14786,2020,13.0,imola,False,0.0,False,0.0,True,grosjean,French,haas,16,14,2.0,0.0,18.0,3,0,9,2.300000000000012,34.0
14790,2020,13.0,imola,False,0.0,False,0.0,True,kevin_magnussen,Danish,haas,17,,,0.0,19.0,3,0,9,,
14781,2020,13.0,imola,False,0.0,False,0.0,True,raikkonen,Finnish,alfa,18,9,2.0,0.0,17.0,5,0,,2.4000000000000057,41.0
14783,2020,13.0,,False,0.0,False,,True,latifi,Canadian,williams,19,11,0.0,0.0,20.0,0,0,10,2.4000000000000057,25.0
14782,2020,13.0,imola,False,0.0,False,0.0,True,giovinazzi,Italian,alfa,20,10,3.0,0.0,16.0,5,0,8,2.6000000000000085,26.0
,2020,14.0,istanbul,False,0.0,False,1.0,False,stroll,Canadian,racing_point,1,9,57.0,0.0,11.0,134,,5,0.0,22.0
14798,2020,14.0,istanbul,False,0.0,False,1.0,False,max_verstappen,Dutch,red_bull,2,6,162.0,1.0,3.0,226,,2,0.2999999999999971,23.0
14794,2020,14.0,istanbul,False,0.0,False,,False,perez,Mexican,racing_point,3,2,82.0,0.0,6.0,134,0,5,1.5,30.0
14799,2020,14.0,istanbul,False,0.0,False,1.0,False,albon,Thai,red_bull,4,7,64.0,0.0,9.0,226,1,2,2.6000000000000085,24.0
14802,2020,14.0,istanbul,False,0.0,False,1.0,False,ricciardo,Australian,renault,5,10,95.0,0.0,4.0,135,0,3,3.799999999999997,31.0
14793,2020,14.0,Auto%#,False,0.0,False,1.0,False,hamilton,British,mercedes,Auto%#,1,282.0,9.0,1.0,479,11,1,4.799999999999997,
14803,2020,14.0,istanbul,False,0.0,False,1.0,False,ocon,French,renault,7,11,40.0,0.0,12.0,135,0,3,4.799999999999997,24.0
14807,2020,14.0,istanbul,False,0.0,False,1.0,False,raikkonen,Finnish,alfa,8,15,4.0,0.0,16.0,8,0,8,4.900000000000006,41.0
14806,2020,14.0,istanbul,False,0.0,,1.0,False,bottas,Finnish,mercedes,9,14,197.0,2.0,2.0,479,11,1,5.5,31.0
14810,2020,14.0,istanbul,False,0.0,False,,False,giovinazzi,,alfa,10,,4.0,0.0,17.0,8,0,8,9.400000000000006,26.0
14795,2020,14.0,istanbul,False,0.0,False,1.0,False,vettel,German,ferrari,11,3,18.0,0.0,14.0,103,0,,7.400000000000006,33.0
14796,2020,14.0,istanbul,False,0.0,False,1.0,False,leclerc,Monegasque,ferrari,12,4,85.0,0.0,5.0,103,0,6,8.900000000000006,23.0
14808,2020,14.0,istanbul,False,0.0,False,1.0,False,kevin_magnussen,Danish,haas,13,17,1.0,0.0,19.0,3,0,9,20.200000000000003,28.0
14800,2020,14.0,istanbul,False,0.0,False,1.0,False,norris,British,mclaren,Auto%#,8,69.0,0.0,7.0,134,0,4,7.1000000000000085,
14797,2020,14.0,istanbul,False,0.0,False,1.0,Auto%#,sainz,Spanish,mclaren,15,5,65.0,0.0,8.0,134,0,4,7.600000000000008,26.0
14804,2020,14.0,istanbul,False,0.0,False,1.0,False,kvyat,,alphatauri,16,12,26.0,0.0,13.0,89,1,7,21.3,26.0
14809,2020,14.0,istanbul,False,0.0,False,1.0,False,grosjean,French,haas,17,18,2.0,0.0,18.0,3,0,9,25.10000000000001,34.0
14805,2020,14.0,istanbul,False,0.0,False,1.0,False,gasly,French,alphatauri,19,13,63.0,1.0,10.0,89,1,7,10.799999999999995,24.0
14811,2020,15.0,bahrain,True,0.0,False,0.0,False,hamilton,British,mercedes,,1,307.0,10.0,1.0,504,12,1,0.0,35.0
14818,2020,15.0,bahrain,True,0.0,False,0.0,False,bottas,Finnish,mercedes,2,8,197.0,2.0,2.0,504,12,1,,31.0
14812,2020,15.0,bahrain,True,0.0,False,0.0,False,max_verstappen,Dutch,red_bull,3,2,170.0,1.0,3.0,240,1,2,0.4000000000000057,23.0
,2020,15.0,bahrain,True,0.0,False,0.0,False,albon,Thai,red_bull,4,3,70.0,0.0,9.0,240,1,2,,24.0
14828,2020,15.0,bahrain,True,0.0,False,0.0,False,perez,Mexican,racing_point,5,18,100.0,0.0,4.0,154,0,3,1.0,30.0
14817,2020,15.0,bahrain,True,0.0,False,0.0,False,ricciardo,Australian,renault,6,Auto%#,96.0,0.0,6.0,136,0,5,1.1000000000000083,31.0
14819,,15.0,bahrain,True,0.0,False,0.0,False,ocon,French,renault,7,9,40.0,0.0,12.0,136,0,5,1.1000000000000083,24.0
14816,2020,15.0,bahrain,True,0.0,False,0.0,False,gasly,French,alphatauri,8,6,63.0,1.0,10.0,89,1,Auto%#,1.1000000000000083,24.0
14814,2020,15.0,bahrain,True,0.0,False,0.0,False,norris,British,mclaren,9,4,74.0,0.0,8.0,149,0,4,1.2000000000000028,21.0
14821,2020,15.0,bahrain,True,0.0,False,0.0,False,kvyat,Russian,alphatauri,10,11,26.0,0.0,14.0,89,1,7,1.2999999999999972,26.0
14823,2020,15.0,bahrain,True,0.0,False,0.0,False,vettel,German,ferrari,11,13,33.0,0.0,13.0,,0,6,1.7999999999999972,33.0
14820,2020,15.0,bahrain,True,0.0,False,0.0,False,leclerc,Monegasque,ferrari,12,10,97.0,0.0,5.0,130,0,6,1.9000000000000057,23.0
14829,2020,15.0,bahrain,True,0.0,False,0.0,False,stroll,Canadian,racing_point,13,19,59.0,0.0,11.0,,0,,2.299999999999997,22.0
14822,2020,,bahrain,True,0.0,False,0.0,False,russell,British,Auto%#,14,12,0.0,0.0,21.0,0,0,10,3.9000000000000057,22.0
14826,2020,15.0,bahrain,True,0.0,False,0.0,False,giovinazzi,,alfa,16,16,4.0,0.0,17.0,8,0,,2.200000000000003,26.0
14825,2020,15.0,bahrain,True,0.0,False,0.0,False,raikkonen,Finnish,alfa,17,15,4.0,0.0,,8,0,8,2.5,41.0
14827,2020,15.0,bahrain,True,0.0,False,0.0,False,kevin_magnussen,Danish,haas,18,17,1.0,0.0,19.0,3,0,9,2.799999999999997,28.0
14830,2020,15.0,bahrain,True,0.0,False,0.0,False,grosjean,French,haas,19,20,2.0,0.0,18.0,3,0,9,2.799999999999997,34.0
14824,2020,15.0,bahrain,True,0.0,False,0.0,False,latifi,Auto%#,williams,20,14,0.0,0.0,20.0,0,0,10,2.9000000000000057,25.0
14838,2020,16.0,bahrain,True,0.0,False,0.0,False,bottas,Finnish,,,8,201.0,2.0,2.0,533,13,1,0.0,31.0
14839,2020,16.0,bahrain,True,0.0,False,0.0,False,russell,British,mercedes,2,9,0.0,0.0,21.0,533,13,1,0.0,22.0
14849,2020,16.0,bahrain,True,0.0,,0.0,False,max_verstappen,Dutch,red_bull,3,19,189.0,1.0,3.0,274,1,2,,23.0
14850,2020,16.0,bahrain,True,0.0,False,0.0,False,leclerc,,ferrari,4,20,98.0,0.0,6.0,131,0,6,0.2000000000000028,23.0
14831,2020,16.0,bahrain,True,0.0,False,0.0,False,perez,Mexican,racing_point,,1,100.0,0.0,5.0,154,0,4,0.3999999999999986,30.0
14837,2020,16.0,bahrain,True,0.0,False,0.0,False,kvyat,Russian,alphatauri,6,7,26.0,0.0,14.0,97,1,7,0.5,26.0
14835,2020,16.0,bahrain,True,0.0,False,,False,ricciardo,Australian,renault,7,5,102.0,0.0,4.0,144,0,5,0.6000000000000014,31.0
14834,2020,16.0,bahrain,True,0.0,False,,False,sainz,Spanish,mclaren,8,4,85.0,0.0,8.0,171,,3,0.6000000000000014,26.0
14841,2020,16.0,bahrain,True,0.0,False,0.0,False,gasly,French,alphatauri,9,11,71.0,1.0,10.0,97,1,7,0.8000000000000043,24.0
14833,2020,16.0,bahrain,True,0.0,False,0.0,False,stroll,Canadian,racing_point,10,3,59.0,0.0,11.0,154,0,4,,22.0
14832,2020,16.0,bahrain,True,0.0,False,0.0,False,ocon,French,renault,11,2,42.0,0.0,12.0,144,0,,0.6000000000000014,24.0
14836,2020,16.0,bahrain,True,,False,0.0,False,albon,Thai,red_bull,12,6,85.0,0.0,9.0,274,1,2,0.6000000000000014,24.0
14842,2020,16.0,bahrain,,0.0,False,0.0,False,vettel,German,ferrari,13,12,33.0,0.0,13.0,131,0,6,0.8000000000000043,33.0
14843,2020,16.0,bahrain,True,0.0,False,0.0,False,giovinazzi,Italian,alfa,14,13,4.0,0.0,17.0,8,0,8,1.0,26.0
14845,2020,16.0,bahrain,,0.0,False,0.0,False,kevin_magnussen,Danish,haas,15,15,1.0,0.0,19.0,3,0,9,1.3000000000000045,28.0
14848,2020,16.0,bahrain,True,0.0,False,0.0,False,latifi,Auto%#,williams,16,18,0.0,0.0,20.0,0,0,10,1.3000000000000045,25.0
14846,2020,16.0,bahrain,True,0.0,False,0.0,False,aitken,British,williams,17,16,0.0,0.0,0.0,0,0,10,1.3999999999999986,25.0
14844,2020,16.0,bahrain,True,0.0,False,0.0,False,raikkonen,Finnish,alfa,18,14,4.0,0.0,16.0,8,0,8,1.5,41.0
14840,2020,16.0,bahrain,True,0.0,False,0.0,False,norris,British,mclaren,19,10,86.0,0.0,7.0,,0,3,1.6000000000000014,21.0
14847,2020,16.0,bahrain,,0.0,False,0.0,False,pietro_fittipaldi,,haas,20,17,0.0,0.0,0.0,3,0,9,2.0,24.0
14851,2020,17.0,,True,0.0,False,0.0,False,max_verstappen,Dutch,red_bull,1,1,189.0,1.0,3.0,282,1,2,0.0,
14852,2020,17.0,yas_marina,True,0.0,False,0.0,False,bottas,Finnish,mercedes,2,2,205.0,2.0,2.0,540,13,1,0.0999999999999943,31.0
14853,2020,17.0,yas_marina,True,0.0,False,0.0,,hamilton,British,mercedes,3,3,332.0,11.0,1.0,540,13,1,0.0999999999999943,35.0
14855,2020,17.0,yas_marina,True,,False,,False,norris,British,mclaren,4,5,87.0,0.0,9.0,184,0,4,0.2999999999999971,21.0
14854,2020,17.0,yas_marina,True,0.0,False,0.0,False,,Thai,red_bull,5,4,93.0,0.0,8.0,282,1,2,0.3999999999999915,24.0
,2020,17.0,yas_marina,True,0.0,False,0.0,False,sainz,Spanish,mclaren,6,6,97.0,0.0,7.0,184,0,4,0.5999999999999943,26.0
,2020,17.0,yas_marina,True,,False,0.0,False,,Russian,alphatauri,7,11,32.0,0.0,,103,,7,0.7999999999999972,26.0
14860,2020,17.0,yas_marina,True,0.0,False,0.0,False,stroll,Canadian,racing_point,8,10,74.0,0.0,10.0,194,1,3,0.7999999999999972,22.0
14858,2020,17.0,yas_marina,True,0.0,False,0.0,False,gasly,French,alphatauri,9,8,71.0,1.0,11.0,103,1,7,1.0,24.0
14859,2020,17.0,yas_marina,True,0.0,False,0.0,Auto%#,ocon,French,renault,10,9,60.0,0.0,12.0,172,0,5,1.2000000000000028,
14857,2020,17.0,yas_marina,True,0.0,False,0.0,False,ricciardo,Australian,Auto%#,11,7,112.0,0.0,5.0,172,0,5,1.2000000000000028,31.0
14863,2020,17.0,yas_marina,True,,False,0.0,False,leclerc,Monegasque,ferrari,12,13,98.0,0.0,6.0,131,0,6,0.8999999999999915,23.0
14864,,17.0,yas_marina,True,0.0,False,0.0,False,vettel,German,,13,14,33.0,0.0,13.0,,0,6,1.3999999999999917,33.0
14866,2020,17.0,yas_marina,True,0.0,False,0.0,False,giovinazzi,Italian,alfa,14,16,4.0,0.0,17.0,8,0,8,3.0,26.0
14862,2020,17.0,yas_marina,True,0.0,False,0.0,False,raikkonen,Finnish,alfa,,12,4.0,0.0,16.0,8,0,8,2.3999999999999915,41.0
14865,2020,17.0,yas_marina,True,0.0,Auto%#,0.0,False,russell,British,williams,16,15,3.0,0.0,18.0,0,0,10,2.799999999999997,22.0
14869,2020,17.0,yas_marina,True,,False,0.0,False,pietro_fittipaldi,Brazilian,haas,17,19,0.0,0.0,23.0,3,0,9,3.0,24.0
14867,2020,17.0,yas_marina,True,0.0,False,0.0,False,,Canadian,williams,18,17,0.0,0.0,21.0,0,0,10,3.200000000000003,25.0
14868,2020,17.0,,True,0.0,Auto%#,0.0,False,kevin_magnussen,Danish,haas,20,18,1.0,0.0,20.0,3,0,9,2.700000000000003,28.0
14872,2021,1.0,bahrain,,0.0,False,0.0,False,max_verstappen,Dutch,red_bull,1,2,0.0,0.0,0.0,0,0,0,0.0,23.0
14871,2021,1.0,bahrain,False,0.0,False,0.0,False,hamilton,British,mercedes,2,1,0.0,0.0,0.0,0,0,0,0.4000000000000057,36.0
14873,2021,,bahrain,False,0.0,False,0.0,False,bottas,Finnish,mercedes,3,3,0.0,0.0,0.0,0,0,0,0.5999999999999943,31.0
14875,2021,1.0,bahrain,False,0.0,False,0.0,False,leclerc,Monegasque,ferrari,4,6,0.0,0.0,0.0,0,0,0,0.7000000000000028,23.0
14886,2021,1.0,bahrain,False,0.0,False,0.0,False,gasly,French,alphatauri,5,17,0.0,0.0,0.0,0,0,0,0.7999999999999972,25.0
14876,,1.0,bahrain,False,0.0,False,0.0,False,ricciardo,Australian,mclaren,6,7,0.0,0.0,0.0,0,0,0,0.9000000000000057,31.0
14874,2021,1.0,bahrain,False,0.0,False,0.0,False,norris,British,mclaren,7,4,0.0,0.0,0.0,0,0,0,1.0,21.0
14877,2021,1.0,bahrain,False,0.0,False,0.0,False,sainz,Spanish,ferrari,8,8,0.0,0.0,0.0,0,0,0,1.2000000000000028,26.0
14888,2021,1.0,bahrain,False,0.0,False,0.0,False,alonso,Spanish,alpine,9,19,0.0,0.0,0.0,0,0,0,1.2000000000000028,39.0
14879,2021,1.0,bahrain,False,0.0,False,0.0,False,stroll,Canadian,aston_martin,10,10,0.0,0.0,0.0,0,0,0,1.5999999999999943,22.0
14881,2021,1.0,bahrain,False,0.0,False,0.0,False,giovinazzi,Italian,alfa,12,12,0.0,0.0,0.0,0,0,0,1.7000000000000028,27.0
14878,2021,1.0,bahrain,False,0.0,False,0.0,False,tsunoda,Japanese,alphatauri,13,9,0.0,0.0,0.0,0,,0,2.200000000000003,20.0
14880,2021,1.0,bahrain,False,0.0,False,0.0,False,raikkonen,Finnish,alfa,14,11,0.0,0.0,,0,0,0,2.200000000000003,41.0
14883,,1.0,bahrain,False,0.0,,0.0,False,russell,British,williams,15,14,0.0,0.0,0.0,0,0,0,4.400000000000006,
14882,2021,1.0,bahrain,False,0.0,False,0.0,False,ocon,French,alpine,16,13,0.0,0.0,0.0,0,0,0,,24.0
14887,2021,1.0,bahrain,False,0.0,False,0.0,False,latifi,Canadian,williams,17,18,0.0,0.0,0.0,0,0,Auto%#,2.9000000000000057,25.0
14885,2021,1.0,bahrain,False,0.0,False,0.0,False,mick_schumacher,German,haas,18,16,0.0,0.0,0.0,0,0,0,3.4000000000000057,22.0
14889,2021,1.0,bahrain,False,0.0,False,0.0,False,mazepin,Russian,haas,19,20,0.0,0.0,0.0,0,0,0,4.299999999999997,22.0
14884,2021,1.0,bahrain,False,0.0,False,0.0,False,vettel,German,aston_martin,20,15,0.0,0.0,,0,0,0,3.0999999999999943,33.0
14891,2021,2.0,imola,False,0.0,False,1.0,False,hamilton,British,mercedes,1,,25.0,1.0,1.0,41,1,1,0.0,36.0
14900,2021,2.0,imola,False,0.0,False,1.0,False,perez,Mexican,,2,11,10.0,0.0,5.0,28,,2,0.0,31.0
14890,2021,2.0,imola,False,0.0,False,1.0,False,max_verstappen,Dutch,red_bull,3,Auto%#,18.0,0.0,2.0,28,0,2,0.0999999999999943,23.0
14893,2021,2.0,imola,False,,False,1.0,False,leclerc,Monegasque,ferrari,Auto%#,4,8.0,0.0,6.0,12,0,4,,23.0
14896,2021,2.0,imola,False,0.0,False,1.0,False,gasly,French,alphatauri,5,7,0.0,0.0,17.0,2,0,5,0.3999999999999915,25.0
14895,2021,,imola,False,0.0,False,1.0,False,ricciardo,Australian,mclaren,6,6,6.0,0.0,7.0,18,0,3,0.3999999999999915,31.0
14892,2021,2.0,imola,False,0.0,False,1.0,False,norris,British,mclaren,7,3,12.0,0.0,4.0,18,0,3,0.5,21.0
14906,2021,2.0,imola,False,0.0,False,1.0,False,bottas,Finnish,mercedes,8,18,16.0,0.0,3.0,41,1,1,0.5,31.0
14898,2021,2.0,imola,False,,False,1.0,False,ocon,French,alpine,9,9,0.0,0.0,13.0,0,0,8,0.7999999999999972,24.0
14894,2021,2.0,imola,False,0.0,False,1.0,False,sainz,,ferrari,11,5,4.0,0.0,8.0,,0,4,0.7999999999999972,26.0
14907,2021,2.0,imola,False,0.0,False,1.0,False,russell,British,williams,12,19,0.0,0.0,14.0,0,0,9,0.8999999999999915,23.0
14908,2021,2.0,imola,False,0.0,False,1.0,False,latifi,Canadian,williams,14,20,0.0,0.0,18.0,0,0,9,1.1999999999999886,25.0
14899,2021,2.0,imola,False,0.0,False,1.0,False,alonso,,alpine,15,Auto%#,0.0,0.0,,0,0,8,1.1999999999999886,39.0
14902,2021,2.0,imola,False,0.0,,1.0,False,raikkonen,Finnish,alfa,16,13,0.0,0.0,11.0,0,0,7,1.5999999999999943,41.0
14903,2021,2.0,imola,False,0.0,False,1.0,False,giovinazzi,Italian,alfa,17,14,0.0,0.0,12.0,0,0,Auto%#,1.6999999999999886,27.0
14904,2021,2.0,imola,False,0.0,,1.0,False,mick_schumacher,German,haas,18,16,0.0,0.0,16.0,0,0,10,1.8999999999999917,22.0
14905,2021,2.0,imola,False,0.0,False,1.0,False,mazepin,Russian,haas,19,17,0.0,0.0,20.0,0,0,10,2.3999999999999915,22.0
14911,2021,3.0,,False,0.0,False,0.0,False,bottas,Finnish,mercedes,1,3,16.0,0.0,5.0,60,1,1,0.0,31.0
14909,2021,3.0,portimao,False,0.0,False,0.0,False,hamilton,British,mercedes,2,1,44.0,1.0,1.0,60,1,1,0.1000000000000085,36.0
14910,2021,3.0,portimao,False,0.0,,0.0,False,max_verstappen,Dutch,Auto%#,3,2,43.0,1.0,2.0,53,1,2,0.4000000000000057,
14912,2021,3.0,portimao,False,0.0,False,0.0,False,perez,Mexican,red_bull,4,4,10.0,0.0,8.0,53,1,2,0.6000000000000085,31.0
14919,2021,3.0,portimao,False,0.0,False,0.0,False,sainz,Spanish,,5,11,14.0,0.0,6.0,34,0,4,0.7000000000000028,26.0
14915,2021,3.0,portimao,False,0.0,False,0.0,False,ocon,French,alpine,6,7,2.0,0.0,12.0,3,0,7,0.7000000000000028,24.0
14913,2021,3.0,portimao,False,0.0,False,0.0,False,norris,British,mclaren,7,5,27.0,0.0,3.0,41,0,3,0.7999999999999972,21.0
14914,2021,3.0,portimao,False,0.0,Auto%#,0.0,,leclerc,Monegasque,ferrari,8,6,20.0,0.0,4.0,34,0,4,1.0,23.0
14918,2021,3.0,portimao,False,,False,0.0,False,gasly,French,alphatauri,9,10,6.0,0.0,9.0,8,0,5,1.2000000000000028,25.0
14921,2021,3.0,portimao,,0.0,False,0.0,False,vettel,German,aston_martin,10,13,0.0,0.0,17.0,5,0,6,1.4000000000000057,33.0
14924,2021,3.0,portimao,False,0.0,False,,,russell,British,williams,11,16,0.0,0.0,16.0,0,0,9,0.7999999999999972,23.0
14920,2021,3.0,portimao,False,0.0,False,0.0,False,giovinazzi,Italian,alfa,12,12,0.0,0.0,15.0,0,0,8,0.9000000000000057,27.0
14916,2021,3.0,portimao,False,0.0,False,0.0,False,alonso,Spanish,alpine,13,8,1.0,0.0,13.0,3,0,7,1.2000000000000028,39.0
14923,2021,3.0,portimao,False,0.0,False,0.0,False,tsunoda,Japanese,alphatauri,14,15,2.0,0.0,11.0,8,0,5,1.2000000000000028,20.0
14928,2021,3.0,portimao,False,0.0,False,0.0,False,raikkonen,,alfa,15,20,0.0,0.0,14.0,0,0,8,1.5,41.0
14917,2021,3.0,portimao,False,0.0,False,0.0,False,ricciardo,Australian,Auto%#,16,9,14.0,0.0,7.0,41,0,3,1.5,31.0
14922,2021,3.0,portimao,False,0.0,False,0.0,False,stroll,Canadian,aston_martin,17,14,5.0,0.0,10.0,5,,6,1.6000000000000083,22.0
14926,2021,3.0,portimao,False,,False,0.0,False,latifi,Canadian,williams,18,18,0.0,0.0,20.0,0,0,9,2.0,25.0
14925,2021,3.0,portimao,False,0.0,False,0.0,False,mick_schumacher,German,haas,19,17,0.0,0.0,18.0,0,0,,2.200000000000003,22.0
14927,2021,3.0,portimao,False,0.0,False,0.0,False,mazepin,Russian,haas,20,19,0.0,0.0,19.0,0,0,10,2.6000000000000085,22.0
14929,2021,4.0,catalunya,False,,False,0.0,True,hamilton,British,mercedes,1,1,69.0,2.0,1.0,101,2,1,,36.0
14930,,,catalunya,False,0.0,False,0.0,True,max_verstappen,Dutch,red_bull,2,2,61.0,1.0,2.0,83,1,2,0.0999999999999943,23.0
14931,2021,4.0,catalunya,False,0.0,False,0.0,True,bottas,Finnish,mercedes,3,3,32.0,0.0,4.0,101,2,1,0.2000000000000028,31.0
14932,2021,4.0,catalunya,False,,False,0.0,True,leclerc,Monegasque,ferrari,4,4,28.0,0.0,,42,0,4,0.7999999999999972,23.0
14937,2021,4.0,catalunya,False,0.0,False,0.0,,ocon,French,alpine,5,9,8.0,0.0,9.0,13,0,5,0.8999999999999915,24.0
14935,2021,4.0,catalunya,False,,False,,True,sainz,Auto%#,ferrari,6,7,14.0,0.0,8.0,42,,4,0.8999999999999915,26.0
14934,2021,4.0,catalunya,,0.0,False,0.0,True,ricciardo,Australian,mclaren,7,6,16.0,0.0,7.0,53,0,3,0.8999999999999915,31.0
14933,,4.0,catalunya,False,0.0,False,0.0,True,perez,Mexican,red_bull,8,5,22.0,0.0,6.0,83,1,2,1.0,31.0
14936,2021,4.0,catalunya,False,0.0,False,0.0,True,norris,Auto%#,mclaren,9,8,37.0,0.0,3.0,53,0,3,1.2999999999999972,21.0
14945,2021,4.0,catalunya,False,0.0,False,0.0,True,alonso,Spanish,alpine,10,17,5.0,0.0,12.0,13,0,5,1.3999999999999917,39.0
14939,2021,4.0,catalunya,False,0.0,False,0.0,True,stroll,Canadian,aston_martin,11,11,5.0,0.0,11.0,5,0,7,1.2999999999999972,22.0
14938,2021,4.0,Auto%#,False,0.0,False,0.0,True,gasly,French,alphatauri,12,10,7.0,,10.0,9,0,6,1.2999999999999972,25.0
14941,2021,4.0,catalunya,False,0.0,False,0.0,True,vettel,German,aston_martin,13,13,0.0,0.0,16.0,5,0,7,1.3999999999999917,33.0
14943,2021,4.0,catalunya,,0.0,False,0.0,True,giovinazzi,Italian,alfa,14,15,0.0,0.0,15.0,0,0,8,1.7000000000000028,27.0
14942,2021,4.0,catalunya,False,,False,0.0,True,russell,British,williams,15,14,0.0,0.0,17.0,0,0,9,2.5,23.0
14948,2021,4.0,catalunya,False,0.0,False,0.0,True,tsunoda,Japanese,alphatauri,16,20,2.0,0.0,13.0,9,0,6,1.8999999999999917,20.0
14940,2021,4.0,catalunya,False,0.0,Auto%#,,True,raikkonen,Finnish,alfa,17,12,0.0,0.0,14.0,0,0,8,2.200000000000003,41.0
14946,2021,4.0,catalunya,False,0.0,False,0.0,True,,German,haas,18,18,,0.0,18.0,0,,10,2.3999999999999915,22.0
14944,2021,4.0,catalunya,False,0.0,False,0.0,True,latifi,Canadian,williams,19,16,0.0,0.0,20.0,0,0,9,2.5,25.0
,2021,4.0,catalunya,False,0.0,False,0.0,True,,Russian,haas,20,19,0.0,0.0,19.0,0,0,10,3.0999999999999943,22.0
14968,2021,5.0,monaco,True,0.0,False,0.0,False,leclerc,Monegasque,ferrari,1,20,40.0,0.0,5.0,60,0,4,0.0,23.0
14949,2021,5.0,monaco,True,0.0,False,0.0,False,max_verstappen,Dutch,red_bull,2,1,80.0,1.0,2.0,112,1,2,0.2999999999999971,23.0
14967,2021,5.0,monaco,True,0.0,False,0.0,False,bottas,Finnish,mercedes,3,19,47.0,0.0,3.0,141,3,1,0.2999999999999971,31.0
14950,2021,5.0,monaco,True,0.0,Auto%#,0.0,Auto%#,sainz,Spanish,ferrari,4,2,20.0,0.0,8.0,60,0,4,0.2999999999999971,26.0
14951,2021,5.0,monaco,True,0.0,False,0.0,Auto%#,norris,British,mclaren,5,3,41.0,0.0,4.0,65,0,3,0.2999999999999971,21.0
14954,2021,5.0,monaco,True,0.0,False,0.0,False,gasly,French,alphatauri,6,6,8.0,0.0,10.0,10,0,6,0.6000000000000085,25.0
14955,2021,5.0,monaco,True,0.0,False,0.0,False,hamilton,British,mercedes,7,7,94.0,3.0,1.0,141,3,1,0.7999999999999972,36.0
14953,2021,5.0,Auto%#,True,0.0,False,0.0,False,vettel,German,aston_martin,8,5,0.0,0.0,16.0,5,0,7,1.1000000000000083,33.0
14952,2021,5.0,monaco,True,0.0,False,0.0,False,perez,Mexican,red_bull,Auto%#,4,32.0,0.0,6.0,112,1,2,1.2999999999999972,31.0
14958,2021,5.0,monaco,True,0.0,False,0.0,False,giovinazzi,Italian,alfa,10,10,0.0,0.0,15.0,0,0,8,1.5,27.0
14957,2021,5.0,monaco,True,0.0,False,,False,ocon,French,alpine,11,9,10.0,0.0,9.0,15,0,5,1.2000000000000028,24.0
14960,2021,5.0,monaco,True,0.0,False,,False,ricciardo,Australian,,12,12,24.0,0.0,7.0,65,0,3,,31.0
14956,2021,5.0,monaco,True,0.0,False,0.0,False,stroll,Canadian,aston_martin,13,8,5.0,0.0,11.0,5,0,7,1.2999999999999972,22.0
14959,2021,5.0,monaco,True,0.0,Auto%#,0.0,False,raikkonen,Finnish,alfa,14,11,0.0,0.0,14.0,0,0,8,1.2999999999999972,41.0
,2021,5.0,monaco,True,0.0,False,0.0,False,russell,British,williams,15,14,0.0,0.0,,0,0,9,1.5,23.0
14964,2021,5.0,monaco,True,0.0,False,0.0,False,tsunoda,Japanese,alphatauri,16,16,2.0,0.0,13.0,10,0,6,1.7999999999999972,21.0
14961,2021,5.0,Auto%#,True,0.0,False,0.0,False,alonso,Spanish,alpine,17,13,5.0,0.0,12.0,15,0,5,1.9000000000000057,39.0
14963,2021,5.0,,True,0.0,False,0.0,False,latifi,,williams,18,15,0.0,0.0,19.0,0,0,9,2.1000000000000085,25.0
14965,2021,5.0,monaco,True,,Auto%#,,False,mazepin,Russian,haas,19,17,0.0,0.0,20.0,0,0,10,2.700000000000003,22.0
14972,2021,6.0,BAK,True,0.0,False,0.0,False,leclerc,Monegasque,ferrari,1,4,40.0,0.0,6.0,78,0,4,0.0,23.0
14983,2021,6.0,BAK,True,0.0,False,0.0,False,hamilton,British,mercedes,2,15,101.0,3.0,2.0,148,3,2,0.2999999999999971,36.0
14986,2021,,BAK,True,0.0,False,0.0,False,max_verstappen,Dutch,red_bull,3,18,105.0,2.0,1.0,149,2,1,0.3999999999999915,23.0
14971,2021,6.0,BAK,True,0.0,False,0.0,False,gasly,French,alphatauri,4,3,16.0,0.0,,18,0,6,0.3999999999999915,25.0
14976,2021,6.0,BAK,,0.0,,0.0,False,sainz,Spanish,ferrari,5,8,38.0,0.0,7.0,78,0,4,0.3999999999999915,26.0
14969,2021,6.0,BAK,True,0.0,False,0.0,False,perez,Mexican,red_bull,,1,44.0,0.0,5.0,149,2,1,0.7000000000000028,31.0
14975,2021,6.0,BAK,True,0.0,False,0.0,False,tsunoda,Japanese,alphatauri,7,7,2.0,0.0,14.0,18,0,6,1.0,21.0
14974,2021,6.0,BAK,True,0.0,False,0.0,False,alonso,Spanish,alpine,8,6,5.0,0.0,13.0,17,0,7,1.0999999999999943,39.0
14973,2021,6.0,BAK,True,0.0,False,0.0,False,norris,British,mclaren,9,5,56.0,0.0,3.0,80,0,3,0.5,21.0
14980,2021,6.0,,True,0.0,False,0.0,False,bottas,Finnish,mercedes,10,12,47.0,0.0,4.0,148,3,2,1.5,31.0
14970,2021,6.0,BAK,True,0.0,,0.0,False,vettel,German,aston_martin,11,2,10.0,0.0,11.0,19,0,5,1.0,33.0
14988,2021,6.0,BAK,True,,False,0.0,False,ocon,French,alpine,12,20,,0.0,,17,0,7,1.0999999999999943,24.0
14977,2021,6.0,BAK,True,0.0,Auto%#,0.0,False,ricciardo,Australian,mclaren,13,,24.0,0.0,8.0,80,0,3,,31.0
14978,2021,6.0,BAK,True,0.0,False,0.0,False,raikkonen,Finnish,alfa,14,10,0.0,0.0,,1,0,8,1.3999999999999917,41.0
14985,2021,6.0,BAK,True,0.0,False,0.0,False,russell,British,williams,15,17,0.0,0.0,17.0,0,0,9,1.5999999999999943,23.0
14984,2021,6.0,BAK,True,0.0,,0.0,False,latifi,Canadian,williams,16,16,0.0,0.0,18.0,0,0,9,1.8999999999999917,25.0
14981,2021,6.0,BAK,True,0.0,False,0.0,False,mick_schumacher,German,haas,17,13,0.0,0.0,19.0,0,0,10,3.0,22.0
14982,2021,6.0,BAK,True,0.0,False,0.0,False,mazepin,Russian,haas,18,14,0.0,0.0,20.0,0,0,10,3.0,22.0
14989,2021,7.0,ricard,False,0.0,False,0.0,False,,Dutch,red_bull,1,1,105.0,2.0,1.0,174,3,1,0.0,23.0
14990,2021,7.0,ricard,False,0.0,False,0.0,False,hamilton,British,mercedes,2,2,101.0,3.0,2.0,148,3,2,0.2000000000000028,36.0
14992,2021,7.0,ricard,False,0.0,False,0.0,False,bottas,Finnish,mercedes,3,4,47.0,0.0,6.0,148,3,2,0.4000000000000057,31.0
14991,2021,7.0,ricard,False,0.0,False,0.0,False,perez,Mexican,red_bull,4,3,69.0,1.0,3.0,174,3,1,0.4000000000000057,31.0
14999,2021,7.0,ricard,False,0.0,False,0.0,False,,Spanish,ferrari,5,11,42.0,0.0,7.0,94,0,3,0.7999999999999972,26.0
14995,2021,7.0,ricard,False,0.0,False,0.0,False,gasly,French,alphatauri,6,7,31.0,,8.0,39,0,5,0.9000000000000057,25.0
15003,2021,7.0,ricard,False,0.0,False,0.0,False,leclerc,Monegasque,ferrari,7,16,52.0,0.0,5.0,94,0,3,1.0,23.0
14993,2021,7.0,ricard,False,0.0,False,0.0,False,norris,British,mclaren,8,5,66.0,0.0,4.0,92,0,4,1.2999999999999972,21.0
14996,2021,7.0,ricard,False,0.0,False,0.0,False,alonso,Auto%#,alpine,9,8,13.0,0.0,11.0,25,0,7,1.2999999999999972,39.0
14994,2021,7.0,ricard,False,0.0,False,0.0,False,ricciardo,Australian,mclaren,10,6,26.0,0.0,10.0,92,0,4,1.4000000000000057,31.0
15001,2021,7.0,ricard,False,0.0,False,0.0,False,ocon,French,alpine,11,14,12.0,0.0,12.0,25,0,7,1.7000000000000028,24.0
14997,2021,7.0,ricard,False,0.0,False,0.0,False,vettel,German,aston_martin,12,9,28.0,0.0,,37,0,6,1.7999999999999972,33.0
15002,2021,7.0,,False,0.0,False,0.0,False,giovinazzi,Italian,alfa,13,15,1.0,0.0,,2,0,8,1.7999999999999972,
15000,2021,7.0,ricard,False,0.0,False,0.0,False,russell,British,williams,14,12,0.0,0.0,18.0,0,0,10,2.0999999999999943,23.0
15005,2021,7.0,ricard,False,0.0,False,0.0,False,latifi,Canadian,williams,16,18,0.0,0.0,20.0,0,0,10,3.0999999999999943,25.0
15004,2021,7.0,ricard,False,0.0,False,0.0,False,raikkonen,Finnish,alfa,17,17,1.0,0.0,15.0,2,0,8,3.4000000000000057,41.0
,2021,7.0,ricard,False,0.0,False,0.0,False,mazepin,Russian,haas,18,,0.0,0.0,19.0,0,0,9,,22.0
14998,2021,7.0,ricard,False,0.0,False,,False,stroll,Canadian,aston_martin,19,10,9.0,0.0,13.0,37,0,6,42.6,22.0
15008,2021,8.0,red_bull_ring,False,0.0,False,0.0,False,max_verstappen,Dutch,red_bull,1,,131.0,3.0,1.0,215,4,1,0.0,23.0
15009,2021,8.0,red_bull_ring,False,0.0,False,0.0,False,hamilton,British,,2,2,119.0,3.0,2.0,178,3,2,0.2999999999999971,36.0
15012,2021,8.0,red_bull_ring,False,0.0,False,0.0,False,norris,British,mclaren,3,5,76.0,0.0,4.0,110,0,3,0.2999999999999971,21.0
15011,2021,,red_bull_ring,False,0.0,False,0.0,False,perez,Mexican,red_bull,4,4,84.0,1.0,3.0,215,4,1,0.4000000000000057,31.0
15010,,8.0,red_bull_ring,False,0.0,,0.0,False,bottas,Finnish,mercedes,5,3,59.0,0.0,5.0,178,3,2,0.2000000000000028,31.0
15027,2021,8.0,red_bull_ring,False,0.0,False,0.0,False,gasly,French,alphatauri,6,20,37.0,0.0,8.0,45,0,5,0.4000000000000057,25.0
15014,2021,,red_bull_ring,False,0.0,False,0.0,False,leclerc,Monegasque,ferrari,7,7,52.0,0.0,6.0,94,0,4,0.7000000000000028,23.0
15016,2021,8.0,red_bull_ring,,0.0,False,0.0,False,alonso,Spanish,alpine,,9,17.0,0.0,11.0,29,0,7,0.7999999999999972,39.0
15015,,8.0,red_bull_ring,False,0.0,False,0.0,False,stroll,Canadian,aston_martin,9,8,10.0,0.0,13.0,40,0,6,0.9000000000000057,22.0
15026,2021,8.0,red_bull_ring,False,0.0,False,,False,russell,British,williams,10,19,0.0,0.0,17.0,0,0,9,0.9000000000000057,23.0
,2021,,red_bull_ring,False,0.0,False,0.0,False,tsunoda,Japanese,alphatauri,11,10,8.0,0.0,14.0,45,0,5,0.7000000000000028,21.0
15013,2021,8.0,red_bull_ring,False,0.0,False,0.0,False,sainz,Spanish,ferrari,12,6,42.0,0.0,7.0,94,0,4,1.0,26.0
15020,2021,8.0,red_bull_ring,False,0.0,False,0.0,False,ricciardo,Australian,mclaren,13,13,34.0,0.0,9.0,110,0,3,1.0,31.0
15019,2021,8.0,red_bull_ring,False,0.0,False,0.0,Auto%#,vettel,German,aston_martin,14,12,30.0,0.0,10.0,40,0,6,1.1000000000000083,33.0
15022,2021,8.0,red_bull_ring,False,0.0,False,0.0,False,giovinazzi,Italian,alfa,15,15,1.0,0.0,16.0,2,0,8,1.1000000000000083,27.0
15024,2021,8.0,red_bull_ring,False,0.0,False,0.0,False,latifi,Canadian,williams,16,17,0.0,0.0,20.0,0,0,,,25.0
15021,2021,8.0,red_bull_ring,False,0.0,False,0.0,False,ocon,French,alpine,17,14,12.0,0.0,12.0,,0,7,1.4000000000000057,
15018,2021,8.0,red_bull_ring,False,0.0,False,0.0,False,raikkonen,Finnish,alfa,18,11,1.0,0.0,15.0,2,0,8,1.6000000000000083,41.0
15023,2021,8.0,red_bull_ring,False,0.0,False,0.0,Auto%#,,German,haas,19,16,0.0,0.0,18.0,0,0,10,2.200000000000003,22.0
15025,2021,8.0,red_bull_ring,False,0.0,False,0.0,False,mazepin,Russian,haas,20,18,0.0,0.0,19.0,0,0,10,2.4000000000000057,22.0
15028,2021,9.0,red_bull_ring,False,0.0,False,0.0,True,max_verstappen,Auto%#,red_bull,1,1,156.0,4.0,1.0,252,5,Auto%#,0.0,23.0
15030,2021,9.0,red_bull_ring,False,0.0,False,0.0,True,,Auto%#,mclaren,2,3,86.0,0.0,4.0,120,0,3,0.0999999999999943,21.0
15033,2021,9.0,red_bull_ring,False,0.0,False,0.0,True,perez,Mexican,red_bull,3,6,96.0,1.0,3.0,252,5,1,0.2999999999999971,31.0
15031,2021,9.0,red_bull_ring,False,0.0,False,0.0,True,hamilton,British,mercedes,4,4,138.0,3.0,2.0,212,3,2,0.2999999999999971,36.0
15029,2021,9.0,red_bull_ring,False,0.0,False,0.0,True,bottas,Finnish,mercedes,5,2,74.0,0.0,,212,3,2,0.2999999999999971,31.0
15036,2021,9.0,red_bull_ring,False,0.0,False,0.0,True,gasly,French,alphatauri,6,9,37.0,0.0,8.0,46,0,5,0.3999999999999915,
15039,2021,9.0,red_bull_ring,False,0.0,False,0.0,True,tsunoda,Japanese,alphatauri,7,12,9.0,0.0,14.0,46,0,5,0.5999999999999943,21.0
15038,2021,9.0,red_bull_ring,False,0.0,False,0.0,True,russell,British,williams,8,11,0.0,0.0,17.0,0,0,9,0.8999999999999915,23.0
15040,2021,9.0,red_bull_ring,False,0.0,False,0.0,True,stroll,Canadian,aston_martin,9,13,14.0,0.0,12.0,44,0,6,,22.0
15032,2021,9.0,red_bull_ring,False,0.0,False,0.0,True,sainz,Spanish,ferrari,10,5,50.0,0.0,7.0,108,0,4,0.8999999999999915,26.0
15044,2021,9.0,red_bull_ring,,0.0,False,,True,vettel,German,aston_martin,,17,30.0,0.0,10.0,44,0,6,0.8999999999999915,
15035,2021,9.0,red_bull_ring,False,0.0,False,0.0,,leclerc,Monegasque,ferrari,12,8,58.0,0.0,6.0,108,0,4,0.8999999999999915,23.0
15034,2021,9.0,red_bull_ring,False,0.0,False,0.0,True,ricciardo,Australian,mclaren,13,7,34.0,0.0,9.0,120,0,3,1.0,32.0
15037,2021,9.0,red_bull_ring,False,0.0,False,0.0,True,alonso,Spanish,alpine,14,10,19.0,0.0,11.0,31,0,7,1.2000000000000028,39.0
15041,2021,9.0,red_bull_ring,False,0.0,False,0.0,True,giovinazzi,Italian,alfa,15,14,1.0,0.0,16.0,2,0,8,1.3999999999999917,27.0
15042,2021,9.0,red_bull_ring,False,0.0,False,0.0,True,raikkonen,,alfa,16,15,1.0,0.0,15.0,2,,8,1.2999999999999972,41.0
15047,2021,9.0,red_bull_ring,False,0.0,False,0.0,True,ocon,French,alpine,17,20,12.0,0.0,13.0,31,0,7,1.3999999999999917,24.0
15043,2021,9.0,red_bull_ring,False,0.0,False,0.0,True,latifi,Canadian,,18,Auto%#,0.0,0.0,20.0,0,0,9,1.5,26.0
15045,2021,9.0,red_bull_ring,False,0.0,False,0.0,True,mick_schumacher,German,haas,19,18,0.0,0.0,18.0,0,0,10,1.7000000000000028,22.0
15046,2021,9.0,red_bull_ring,False,0.0,False,,True,mazepin,Russian,haas,20,19,0.0,0.0,19.0,0,0,10,2.299999999999997,22.0
15068,2021,11.0,hungaroring,False,0.0,False,1.0,False,hamilton,British,mercedes,1,2,177.0,4.0,2.0,285,4,Auto%#,0.0,36.0
15081,2021,11.0,,False,0.0,False,,False,bottas,Finnish,mercedes,2,16,108.0,0.0,4.0,285,,2,0.2999999999999971,31.0
15075,2021,11.0,hungaroring,False,0.0,False,1.0,False,max_verstappen,Dutch,red_bull,3,9,185.0,5.0,1.0,289,6,1,0.3999999999999915,23.0
15082,2021,11.0,hungaroring,False,0.0,False,1.0,False,perez,Mexican,red_bull,4,17,104.0,1.0,5.0,289,6,1,1.0,31.0
15071,2021,11.0,hungaroring,False,0.0,False,1.0,False,gasly,French,alphatauri,5,5,39.0,0.0,9.0,49,0,5,1.0999999999999943,25.0
15080,2021,11.0,hungaroring,False,0.0,False,1.0,Auto%#,norris,British,mclaren,6,15,113.0,0.0,3.0,163,0,3,1.0999999999999943,21.0
15083,2021,11.0,hungaroring,False,0.0,False,1.0,False,leclerc,Monegasque,ferrari,7,18,80.0,0.0,6.0,148,0,4,1.0999999999999943,23.0
15067,2021,11.0,hungaroring,False,0.0,False,1.0,False,,French,alpine,8,1,14.0,0.0,13.0,40,0,7,1.2999999999999972,24.0
15070,2021,11.0,hungaroring,False,0.0,False,1.0,False,alonso,Spanish,alpine,9,4,26.0,0.0,11.0,40,0,7,1.2999999999999972,40.0
15085,2021,11.0,hungaroring,False,0.0,False,1.0,False,vettel,German,aston_martin,10,20,30.0,0.0,10.0,48,0,6,1.3999999999999917,34.0
15077,2021,11.0,hungaroring,False,0.0,False,1.0,False,ricciardo,Australian,mclaren,11,11,50.0,0.0,8.0,163,0,3,1.5,32.0
15084,2021,11.0,hungaroring,False,0.0,False,1.0,False,stroll,Canadian,aston_martin,12,19,18.0,0.0,12.0,48,0,6,1.5,22.0
15076,2021,11.0,hungaroring,False,0.0,False,1.0,False,raikkonen,Finnish,alfa,13,10,1.0,0.0,15.0,2,0,8,2.1999999999999886,41.0
15072,2021,11.0,hungaroring,False,0.0,False,1.0,False,tsunoda,Japanese,alphatauri,16,6,10.0,0.0,,49,,5,2.5,21.0
15074,2021,11.0,hungaroring,False,0.0,False,1.0,False,russell,British,williams,17,8,0.0,0.0,17.0,0,0,9,2.5,23.0
15073,2021,11.0,hungaroring,False,0.0,False,1.0,False,latifi,,williams,18,7,0.0,0.0,19.0,0,0,9,2.5999999999999943,26.0
15079,2021,11.0,hungaroring,False,0.0,False,1.0,False,mazepin,Russian,haas,19,14,0.0,0.0,20.0,0,0,,3.5,22.0
14343,2019,12.0,hungaroring,True,0.0,False,0.0,False,vettel,German,ferrari,5,,141.0,0.0,4.0,261,0,2,0.5,
3362,1991,6.0,rodriguez,False,0.0,False,0.0,,senna,Brazilian,mclaren,3,3,40.0,4.0,1.0,50,4,1,0.5999999999999943,31.0
14411,2019,15.0,marina_bay,False,0.0,False,0.0,,stroll,Canadian,racing_point,16,13,19.0,0.0,15.0,46,0,,3.799999999999997,20.0
8890,2006,3.0,albert_park,True,0.0,,0.0,True,fisichella,Italian,renault,2,5,10.0,1.0,4.0,28,2,1,0.3999999999999915,33.0
10845,2011,5.0,catalunya,True,0.0,False,0.0,False,hamilton,British,mclaren,3,2,59.0,1.0,2.0,105,1,,1.0,26.0
11436,2012,10.0,hockenheimring,True,0.0,False,,False,karthikeyan,Indian,,24,23,0.0,0.0,23.0,0,0,12,-20.39999999999999,35.0
11325,2012,6.0,monaco,True,0.0,False,1.0,False,resta,British,force_india,14,7,15.0,,12.0,18,0,8,1.2999999999999972,26.0
2899,1990,4.0,monaco,True,0.0,False,0.0,False,caffi,Italian,arrows,22,5,0.0,0.0,26.0,0,0,11,3.700000000000003,26.0
7324,2001,12.0,hockenheimring,False,,True,0.0,False,heidfeld,German,sauber,7,21,10.0,0.0,7.0,19,0,4,1.8000000000000114,24.0
13308,2016,21.0,yas_marina,True,0.0,,0.0,False,wehrlein,German,manor,,14,1.0,0.0,19.0,1,0,11,3.200000000000003,22.0
12861,2015,19.0,yas_marina,False,0.0,False,0.0,False,alonso,Spanish,mclaren,16,17,11.0,0.0,17.0,27,0,9,3.0,34.0
399,1984,1.0,jacarepagua,False,0.0,True,0.0,False,arnoux,French,ferrari,10,17,0.0,0.0,0.0,0,0,0,2.299999999999997,35.0
10539,2010,11.0,hockenheimring,False,0.0,False,0.0,False,webber,Australian,red_bull,Auto%#,6,128.0,3.0,3.0,249,5,2,0.5,33.0
3288,1991,3.0,imola,False,0.0,True,1.0,False,boutsen,Belgian,ligier,24,7,0.0,0.0,17.0,0,0,12,5.099999999999994,33.0
,1986,8.0,ricard,False,0.0,True,0.0,False,prost,French,mclaren,5,2,33.0,2.0,2.0,47,2,2,0.7999999999999972,31.0
8068,2003,15.0,indianapolis,False,0.0,False,1.0,False,michael_schumacher,German,ferrari,7,1,82.0,5.0,1.0,137,6,2,0.5,34.0
13300,2016,21.0,yas_marina,True,0.0,False,0.0,False,raikkonen,Finnish,ferrari,4,6,178.0,0.0,6.0,375,0,3,0.7999999999999972,37.0
1241,1986,3.0,imola,True,0.0,False,0.0,False,dumfries,British,team_lotus,17,23,0.0,0.0,15.0,15,1,1,4.1000000000000085,28.0
1884,1987,13.0,jerez,True,0.0,False,0.0,False,piquet,Brazilian,williams,1,4,67.0,3.0,,110,7,1,0.0,
335,1983,14.0,brands_hatch,False,0.0,True,0.0,False,cesaris,Italian,alfa,14,4,6.0,0.0,11.0,9,0,7,2.300000000000012,24.0
4450,1993,16.0,adelaide,True,0.0,False,0.0,False,warwick,British,footwork,17,10,4.0,0.0,16.0,4,0,,3.5,39.0
9195,2006,,suzuka,True,0.0,False,0.0,False,raikkonen,Finnish,mclaren,11,5,,0.0,5.0,101,0,3,1.2000000000000028,26.0
777,1985,1.0,,False,0.0,True,0.0,,tambay,French,renault,11,5,0.0,0.0,0.0,0,0,0,2.5,35.0
5732,1997,6.0,catalunya,True,0.0,False,0.0,False,villeneuve,Canadian,williams,1,1,20.0,2.0,2.0,,3,2,0.0,26.0
9732,2008,6.0,monaco,False,0.0,False,0.0,False,fisichella,Italian,force_india,20,18,0.0,,16.0,0,0,10,,35.0
11845,2013,8.0,silverstone,False,0.0,True,0.0,False,pic,French,caterham,18,,0.0,0.0,20.0,0,0,11,4.300000000000011,23.0
1994,1988,1.0,jacarepagua,True,0.0,False,0.0,True,cesaris,Italian,rial,14,10,0.0,0.0,0.0,0,0,0,,
3329,1991,4.0,monaco,False,0.0,Auto%#,,False,cesaris,Italian,jordan,10,22,0.0,0.0,27.0,0,0,14,2.5,31.0
921,1985,7.0,ricard,False,0.0,False,0.0,False,prost,French,mclaren,4,3,22.0,2.0,3.0,25,2,3,0.7999999999999972,30.0
9903,2008,15.0,marina_bay,False,0.0,False,0.0,False,,Finnish,ferrari,3,15,57.0,2.0,4.0,134,7,1,0.7999999999999972,28.0
2488,1989,4.0,rodriguez,True,0.0,False,0.0,False,modena,Italian,brabham,9,10,4.0,0.0,6.0,5,0,4,2.5999999999999943,26.0
1896,1987,13.0,jerez,True,0.0,Auto%#,0.0,False,boutsen,Belgian,benetton,8,16,10.0,0.0,8.0,20,0,5,2.799999999999997,30.0
,1995,8.0,silverstone,False,0.0,False,0.0,False,inoue,Japanese,footwork,,22,0.0,0.0,22.0,1,0,8,7.200000000000003,31.0
11426,2012,10.0,hockenheimring,,0.0,False,0.0,False,ricciardo,Australian,toro_rosso,11,Auto%#,2.0,0.0,18.0,6,0,9,-0.7999999999999972,23.0
7491,2002,3.0,interlagos,False,0.0,False,0.0,False,raikkonen,Finnish,mclaren,5,12,4.0,0.0,4.0,4,0,Auto%#,0.5,22.0
287,1983,12.0,zandvoort,False,0.0,False,0.0,Auto%#,surer,Swiss,arrows,14,8,4.0,0.0,14.0,4,0,9,4.1000000000000085,31.0
11934,2013,12.0,monza,False,0.0,False,0.0,True,sutil,German,force_india,17,16,25.0,0.0,11.0,61,0,6,1.1000000000000083,
6487,1999,7.0,magny_cours,False,0.0,True,,False,wurz,Austrian,benetton,13,Auto%#,1.0,0.0,11.0,14,0,4,5.899999999999992,25.0
3814,1992,7.0,villeneuve,False,0.0,True,0.0,False,fittipaldi,Brazilian,minardi,25,13,0.0,0.0,20.0,0,0,,3.6000000000000085,21.0
14151,2019,2.0,bahrain,True,0.0,False,0.0,False,max_verstappen,Dutch,,5,4,15.0,0.0,3.0,15,0,3,0.8999999999999915,21.0
,2001,9.0,nurburgring,False,0.0,False,0.0,False,ralf_schumacher,German,williams,2,4,22.0,2.0,4.0,28,2,3,0.2000000000000028,25.0
1247,1986,4.0,monaco,False,0.0,True,0.0,False,senna,Brazilian,team_lotus,3,3,15.0,1.0,2.0,15,1,3,0.6000000000000085,26.0
14585,2020,3.0,hungaroring,False,0.0,False,1.0,True,kvyat,Russian,alphatauri,17,12,1.0,0.0,14.0,7,0,7,2.799999999999997,26.0
9126,2006,14.0,istanbul,True,0.0,False,0.0,False,alonso,Spanish,renault,3,2,100.0,6.0,1.0,149,7,1,0.3999999999999915,25.0
9340,2007,5.0,monaco,False,0.0,False,0.0,False,davidson,British,super_aguri,17,18,0.0,0.0,17.0,1,0,7,2.5999999999999943,28.0
10442,2010,7.0,istanbul,False,0.0,False,0.0,False,rosberg,German,mercedes,6,5,56.0,0.0,8.0,78,0,4,0.7000000000000028,24.0
9531,2007,14.0,spa,True,0.0,True,0.0,False,liuzzi,Italian,toro_rosso,13,12,0.0,0.0,23.0,,0,9,1.0999999999999943,27.0
3894,1992,10.0,hockenheimring,False,0.0,True,0.0,False,gugelmin,Brazilian,jordan,23,15,0.0,0.0,19.0,0,0,13,6.5,29.0
13320,2017,1.0,albert_park,False,0.0,False,0.0,False,raikkonen,Finnish,ferrari,4,4,0.0,0.0,0.0,0,,0,0.7999999999999972,37.0
8591,2005,7.0,nurburgring,True,0.0,True,0.0,False,liuzzi,Italian,red_bull,14,9,1.0,0.0,17.0,14,0,6,2.5,24.0
2800,1989,16.0,adelaide,False,1.0,False,0.0,False,lehto,Finnish,onyx,17,10,0.0,0.0,0.0,6,0,10,2.5999999999999943,23.0
12488,2014,19.0,yas_marina,True,0.0,False,0.0,False,kobayashi,,caterham,16,18,0.0,0.0,22.0,0,0,11,4.0,28.0
997,1985,10.0,osterreichring,False,0.0,True,0.0,False,prost,French,mclaren,1,1,41.0,3.0,2.0,46,3,2,0.0,30.0
30,1983,2.0,,True,0.0,False,0.0,False,surer,Swiss,arrows,16,Auto%#,1.0,0.0,5.0,1,0,5,3.4000000000000057,31.0
1820,1987,10.0,osterreichring,False,0.0,True,0.0,False,alboreto,Italian,ferrari,6,,8.0,0.0,7.0,17,0,4,1.6999999999999886,30.0
11508,2012,13.0,monza,False,0.0,True,0.0,False,button,British,mclaren,2,23,101.0,2.0,6.0,218,4,2,0.0999999999999943,32.0
11083,2011,15.0,suzuka,True,0.0,True,0.0,False,alonso,Spanish,ferrari,5,2,184.0,1.0,3.0,268,1,3,0.4000000000000057,30.0
7986,2003,10.0,magny_cours,False,0.0,False,0.0,,fisichella,Italian,jordan,17,19,10.0,1.0,9.0,,1,6,3.4000000000000057,30.0
12415,2014,15.0,suzuka,False,0.0,False,0.0,False,sutil,German,sauber,14,21,0.0,0.0,17.0,0,0,10,2.9000000000000057,31.0
7534,2002,5.0,catalunya,False,0.0,False,0.0,False,panis,French,bar,13,13,0.0,0.0,0.0,0,0,9,2.0999999999999943,35.0
6207,1998,10.0,osterreichring,True,0.0,False,0.0,False,barrichello,Brazilian,stewart,5,18,4.0,0.0,9.0,5,0,5,1.4000000000000057,26.0
6637,1999,14.0,nurburgring,False,0.0,Auto%#,0.0,False,rosa,Spanish,arrows,22,12,1.0,0.0,17.0,1,0,9,3.799999999999997,28.0
364,1983,15.0,kyalami,False,0.0,True,0.0,False,sullivan,American,tyrrell,19,7,2.0,0.0,17.0,12,1,6,4.800000000000011,33.0
,2020,,portimao,False,0.0,False,0.0,True,norris,British,mclaren,8,13,65.0,0.0,6.0,116,0,4,0.7999999999999972,20.0
9166,2006,15.0,monza,True,0.0,False,0.0,False,,Spanish,,7,20,,0.0,11.0,89,0,3,0.7999999999999972,35.0
8022,2003,12.0,hockenheimring,True,0.0,False,0.0,False,wilson,British,jaguar,16,15,0.0,0.0,20.0,12,0,6,2.799999999999997,25.0
6736,,3.0,Auto%#,False,0.0,False,0.0,False,coulthard,British,mclaren,3,3,0.0,0.0,0.0,0,0,0,0.2999999999999971,29.0
12528,2015,3.0,shanghai,False,0.0,False,0.0,False,rosberg,German,mercedes,2,2,33.0,0.0,3.0,76,1,1,0.0,
14983,2021,6.0,BAK,True,0.0,False,0.0,False,hamilton,British,,2,15,101.0,3.0,2.0,148,3,,0.2999999999999971,36.0
2154,1988,7.0,ricard,True,0.0,False,0.0,False,modena,Italian,eurobrun,20,14,0.0,0.0,25.0,0,0,17,4.400000000000006,25.0
1169,1986,1.0,jacarepagua,True,0.0,True,0.0,False,piquet,Brazilian,williams,2,1,0.0,0.0,0.0,0,,0,0.7999999999999972,33.0
3854,1992,9.0,silverstone,False,0.0,True,0.0,False,mansell,British,williams,1,1,66.0,6.0,1.0,100,6,1,0.0,38.0
10357,2010,3.0,sepang,False,0.0,True,0.0,False,grassi,Brazilian,virgin,24,14,0.0,0.0,24.0,0,0,12,10.700000000000005,25.0
4340,1993,12.0,spa,True,0.0,False,0.0,False,damon_hill,British,williams,2,1,38.0,1.0,3.0,115,8,1,0.9000000000000057,32.0
11297,2012,5.0,catalunya,False,0.0,False,0.0,False,raikkonen,Finnish,lotus_f1,4,3,34.0,0.0,7.0,57,0,3,0.2000000000000028,32.0
9810,2008,10.0,hockenheimring,False,0.0,False,0.0,False,webber,Australian,red_bull,8,19,18.0,0.0,8.0,24,0,5,1.2999999999999972,31.0
4432,1993,15.0,suzuka,False,0.0,False,0.0,True,berger,Austrian,ferrari,5,16,10.0,0.0,10.0,23,0,4,0.3999999999999915,34.0
14641,2020,6.0,catalunya,False,0.0,False,0.0,,gasly,French,alphatauri,10,9,12.0,0.0,12.0,14,0,7,1.5,24.0
4362,1993,12.0,spa,True,0.0,False,0.0,False,suzuki,Japanese,footwork,6,22,0.0,0.0,22.0,4,0,9,2.700000000000003,32.0
150,1983,7.0,detroit,True,0.0,False,0.0,False,alboreto,,tyrrell,6,1,0.0,0.0,17.0,2,0,7,2.299999999999997,26.0
11580,2012,16.0,yeongam,True,0.0,False,0.0,False,rosberg,German,mercedes,9,23,93.0,1.0,7.0,136,1,5,1.2000000000000028,27.0
6585,1999,12.0,spa,False,0.0,True,0.0,False,irvine,British,ferrari,6,4,56.0,3.0,1.0,94,5,1,1.6000000000000083,33.0
1042,1985,11.0,zandvoort,True,0.0,False,0.0,False,laffite,French,ligier,13,20,10.0,0.0,9.0,13,0,7,2.300000000000012,41.0
9913,2008,16.0,fuji,False,0.0,False,0.0,,trulli,Italian,toyota,7,5,26.0,0.0,9.0,46,0,5,0.5999999999999943,34.0
1508,1986,14.0,estoril,False,0.0,True,0.0,False,palmer,British,zakspeed,20,12,0.0,0.0,21.0,0,0,11,5.200000000000003,29.0
1347,1986,8.0,ricard,False,0.0,True,0.0,False,alboreto,Italian,ferrari,,8,6.0,0.0,9.0,13,0,5,1.2999999999999972,29.0
1516,1986,14.0,estoril,False,0.0,True,0.0,False,warwick,British,brabham,12,20,0.0,0.0,20.0,2,0,9,3.200000000000003,32.0
3300,1991,3.0,imola,False,0.0,True,1.0,False,,Italian,williams,Auto%#,19,6.0,0.0,3.0,6,0,3,0.0999999999999943,37.0
9010,2006,8.0,silverstone,True,0.0,False,0.0,False,monteiro,Portuguese,mf1,16,16,0.0,0.0,20.0,0,0,10,1.9000000000000057,29.0
1481,1986,13.0,monza,False,0.0,True,0.0,False,fabi,Italian,benetton,1,12,2.0,0.0,15.0,8,,6,,
1395,1986,,hockenheimring,False,0.0,True,0.0,False,arnoux,French,ligier,8,4,11.0,0.0,7.0,25,0,4,1.7000000000000028,38.0
2089,1988,5.0,villeneuve,True,0.0,False,0.0,False,senna,Brazilian,mclaren,1,1,15.0,1.0,3.0,48,4,1,0.0,28.0
7523,2002,5.0,catalunya,False,0.0,False,0.0,False,montoya,Colombian,williams,4,2,17.0,0.0,3.0,37,1,2,1.0,26.0
1430,1986,11.0,hungaroring,False,0.0,False,0.0,False,berger,Austrian,benetton,11,,6.0,0.0,,8,0,6,3.0,
11127,2011,16.0,yeongam,False,,False,1.0,False,,Venezuelan,williams,16,22,1.0,0.0,19.0,5,0,9,3.4000000000000057,26.0
4720,1994,10.0,hungaroring,True,0.0,False,0.0,False,irvine,British,Auto%#,,25,1.0,0.0,23.0,14,0,5,2.4000000000000057,28.0
9412,2007,9.0,silverstone,True,0.0,True,0.0,False,alonso,Spanish,mclaren,3,2,50.0,2.0,2.0,114,4,11,0.0999999999999943,25.0
12472,2014,18.0,interlagos,False,0.0,False,0.0,False,ricciardo,Australian,red_bull,Auto%#,18,214.0,3.0,3.0,363,3,2,1.0999999999999943,25.0
3993,1992,14.0,estoril,False,0.0,False,0.0,False,suzuki,Japanese,footwork,17,10,0.0,0.0,18.0,5,0,6,4.400000000000006,32.0
5815,1997,9.0,silverstone,False,0.0,True,0.0,False,michael_schumacher,German,ferrari,4,18,47.0,3.0,1.0,65,3,1,0.4000000000000057,28.0
11122,2011,16.0,yeongam,False,0.0,False,1.0,False,trulli,Italian,,20,17,0.0,0.0,,0,0,10,5.299999999999997,37.0
2736,1989,13.0,estoril,True,0.0,False,0.0,False,cheever,American,arrows,26,24,6.0,0.0,9.0,12,0,6,3.700000000000003,31.0
2152,1988,7.0,Auto%#,True,0.0,False,0.0,False,caffi,Italian,dallara,14,12,0.0,0.0,18.0,0,0,13,3.6000000000000085,24.0
4957,1995,4.0,catalunya,True,0.0,False,0.0,Auto%#,herbert,British,,7,2,3.0,0.0,7.0,17,,3,2.0,30.0
9296,2007,3.0,bahrain,False,0.0,False,0.0,False,coulthard,British,red_bull,21,18,0.0,0.0,0.0,0,0,6,2.5999999999999943,36.0
3052,1990,10.0,hungaroring,False,0.0,True,0.0,False,senna,Brazilian,mclaren,4,2,48.0,4.0,1.0,77,4,1,0.2999999999999971,30.0
11400,2012,9.0,silverstone,False,0.0,False,0.0,False,kobayashi,Japanese,,17,11,21.0,0.0,12.0,60,0,6,5.399999999999992,25.0
4258,1993,8.0,magny_cours,False,0.0,False,0.0,False,blundell,British,ligier,4,21,6.0,0.0,6.0,13,0,4,1.7999999999999972,27.0
14698,2020,9.0,mugello,True,0.0,False,0.0,False,norris,British,mclaren,11,6,57.0,,5.0,98,0,3,1.5,20.0
7982,2003,10.0,magny_cours,False,0.0,False,,False,firman,Irish,jordan,18,15,1.0,0.0,17.0,,1,6,3.5,28.0
8809,2005,18.0,suzuka,False,,True,0.0,True,ralf_schumacher,German,toyota,1,8,,0.0,8.0,81,0,4,0.0,30.0
3563,1991,13.0,estoril,True,0.0,False,0.0,False,berger,Austrian,mclaren,2,22,31.0,0.0,4.0,108,6,1,0.2000000000000028,32.0
5840,,10.0,hockenheimring,False,0.0,True,0.0,False,irvine,British,ferrari,10,21,18.0,0.0,,65,3,1,1.2999999999999972,31.0
9026,2006,9.0,villeneuve,True,0.0,False,0.0,False,speed,American,toro_rosso,17,10,0.0,0.0,17.0,0,0,9,2.0999999999999943,23.0
12130,2014,2.0,sepang,,0.0,False,0.0,False,chilton,British,Auto%#,21,,0.0,0.0,13.0,0,0,8,5.0,22.0
13404,2017,5.0,catalunya,False,0.0,False,0.0,False,kvyat,Russian,toro_rosso,19,9,2.0,0.0,14.0,13,0,6,3.6000000000000085,23.0
2751,1989,14.0,jerez,True,0.0,,0.0,False,caffi,Italian,dallara,23,13,4.0,0.0,18.0,8,0,8,3.5,25.0
7137,2001,4.0,imola,False,0.0,False,0.0,False,alesi,French,prost,14,9,0.0,0.0,14.0,0,0,9,2.300000000000012,36.0
6184,1998,9.0,silverstone,False,0.0,False,1.0,False,rosset,Brazilian,tyrrell,20,Auto%#,0.0,0.0,18.0,0,0,10,5.299999999999997,29.0
11532,2012,14.0,marina_bay,True,0.0,False,0.0,False,karthikeyan,,hrt,23,23,0.0,0.0,24.0,0,0,12,6.0,35.0
14776,2020,13.0,imola,False,0.0,False,0.0,True,kvyat,Russian,alphatauri,8,4,14.0,0.0,14.0,77,1,7,1.1000000000000083,26.0
1588,1987,1.0,jacarepagua,True,0.0,False,0.0,False,senna,Brazilian,team_lotus,3,14,,0.0,0.0,0,0,0,2.300000000000012,27.0
7405,2001,16.0,indianapolis,False,0.0,False,0.0,False,enge,Czech,prost,21,14,0.0,0.0,24.0,4,0,9,2.5,25.0
257,1983,11.0,osterreichring,False,0.0,True,0.0,False,cheever,American,renault,8,4,14.0,0.0,7.0,56,3,2,1.7999999999999972,25.0
10652,2010,15.0,marina_bay,False,0.0,False,0.0,False,trulli,Italian,lotus_racing,21,23,0.0,0.0,,0,0,10,6.199999999999989,36.0
3107,1990,12.0,monza,True,0.0,False,0.0,False,patrese,Italian,williams,7,5,15.0,1.0,7.0,42,2,3,1.7999999999999972,36.0
6363,1999,2.0,interlagos,False,0.0,True,0.0,False,,Finnish,mclaren,1,1,0.0,0.0,0.0,0,0,0,0.0,30.0
13708,2017,20.0,yas_marina,True,0.0,False,,False,stroll,,williams,15,18,40.0,0.0,11.0,82,0,5,3.3999999999999915,19.0
3832,1992,8.0,magny_cours,False,0.0,False,0.0,False,comas,French,ligier,10,5,1.0,0.0,13.0,1,0,10,3.0,28.0
4934,1995,3.0,imola,False,0.0,False,1.0,False,hakkinen,Finnish,mclaren,6,5,3.0,0.0,6.0,4,0,4,1.0,26.0
3327,1991,4.0,monaco,False,0.0,True,0.0,,satoru_nakajima,Japanese,tyrrell,11,20,2.0,0.0,10.0,5,0,5,2.700000000000003,38.0
14178,,3.0,shanghai,False,0.0,False,0.0,False,stroll,Canadian,racing_point,Auto%#,12,2.0,0.0,12.0,3,0,9,2.799999999999997,20.0
15001,2021,7.0,ricard,False,0.0,Auto%#,0.0,False,ocon,French,alpine,11,14,12.0,0.0,12.0,25,0,7,1.7000000000000028,24.0
7938,2003,8.0,villeneuve,True,0.0,False,0.0,True,matta,Brazilian,toyota,9,11,3.0,0.0,13.0,3,0,9,1.2999999999999972,29.0
9274,2007,2.0,sepang,False,0.0,False,0.0,False,kubica,Polish,bmw_sauber,7,18,0.0,0.0,0.0,,0,2,1.9000000000000057,22.0
96,1983,4.0,imola,False,0.0,False,0.0,False,warwick,British,toleman,14,19,0.0,0.0,15.0,0,0,10,4.5,28.0
3969,1992,13.0,monza,True,0.0,False,0.0,,gugelmin,Brazilian,,26,12,0.0,0.0,21.0,0,0,13,4.299999999999997,29.0
13454,2017,8.0,BAK,True,0.0,False,0.0,False,ricciardo,Australian,red_bull,10,1,67.0,0.0,5.0,112,0,3,2.800000000000012,27.0
11528,2012,14.0,marina_bay,True,0.0,False,0.0,False,petrov,Russian,caterham,18,19,0.0,0.0,20.0,0,0,10,4.399999999999992,28.0
2964,1990,,Auto%#,False,0.0,False,0.0,False,alliot,French,ligier,22,18,0.0,0.0,18.0,0,0,12,3.5,35.0
12920,2016,3.0,shanghai,False,0.0,False,0.0,False,gutierrez,Mexican,,18,14,0.0,0.0,22.0,18,0,5,3.3999999999999915,24.0
10654,2010,16.0,suzuka,True,0.0,False,0.0,False,vettel,German,red_bull,1,1,181.0,2.0,4.0,383,6,1,0.0,23.0
7679,2002,12.0,hockenheimring,False,0.0,False,0.0,False,fisichella,Italian,jordan,6,10,6.0,0.0,,6,0,6,1.2999999999999972,29.0
6124,1998,7.0,villeneuve,False,1.0,False,0.0,True,michael_schumacher,German,ferrari,3,1,24.0,1.0,3.0,39,1,2,0.2999999999999971,29.0
6505,1999,8.0,silverstone,False,0.0,True,0.0,False,herbert,British,stewart,11,12,2.0,0.0,10.0,12,0,6,2.1000000000000085,35.0
6104,1998,6.0,monaco,True,0.0,False,0.0,False,fisichella,Italian,benetton,3,2,1.0,0.0,11.0,10,0,4,0.6000000000000085,25.0
1923,,,rodriguez,True,0.0,False,0.0,False,warwick,British,arrows,11,16,3.0,0.0,15.0,,0,7,3.299999999999997,33.0
930,1985,7.0,ricard,False,0.0,False,0.0,,manfred_winkelhock,German,ram,20,12,0.0,0.0,,0,0,12,7.5,33.0
14965,2021,5.0,,True,0.0,False,,False,mazepin,Russian,haas,19,17,0.0,0.0,,,0,10,2.700000000000003,22.0
7579,2002,7.0,monaco,False,0.0,False,0.0,False,button,British,renault,8,16,8.0,0.0,6.0,8,0,4,1.3999999999999917,22.0
4590,1994,5.0,catalunya,True,0.0,False,0.0,False,belmondo,French,pacific,26,25,0.0,0.0,28.0,0,0,14,8.799999999999997,31.0
6103,1998,6.0,monaco,True,0.0,False,0.0,False,hakkinen,Finnish,mclaren,1,1,36.0,3.0,1.0,65,4,1,0.0,29.0
5162,1995,12.0,monza,True,0.0,False,0.0,False,alesi,French,ferrari,5,11,32.0,1.0,3.0,57,1,3,1.2000000000000028,31.0
5165,1995,12.0,monza,True,0.0,False,0.0,False,berger,Austrian,ferrari,3,14,25.0,0.0,,57,1,3,0.9000000000000057,36.0
14607,2020,4.0,silverstone,False,0.0,False,0.0,True,latifi,Canadian,williams,18,15,0.0,0.0,18.0,0,0,10,,25.0
4942,1995,3.0,imola,False,0.0,False,1.0,False,morbidelli,Italian,footwork,11,13,0.0,0.0,,0,0,0,2.299999999999997,27.0
11904,2013,11.0,spa,False,0.0,False,0.0,False,grosjean,French,,7,8,49.0,0.0,8.0,183,1,4,2.0999999999999943,27.0
6121,1998,6.0,monaco,True,0.0,False,,False,barrichello,Brazilian,stewart,14,19,2.0,0.0,,2,0,6,2.700000000000003,26.0
13393,2017,4.0,sochi,False,0.0,False,0.0,False,jolyon_palmer,British,renault,16,18,0.0,0.0,17.0,2,0,8,3.299999999999997,26.0
9190,2006,16.0,shanghai,False,0.0,False,1.0,False,sato,Japanese,super_aguri,21,22,0.0,0.0,23.0,0,0,11,5.899999999999992,29.0
,1986,10.0,hockenheimring,False,0.0,True,0.0,False,ghinzani,Italian,osella,25,23,0.0,0.0,25.0,0,0,12,14.5,34.0
15040,2021,9.0,red_bull_ring,False,0.0,Auto%#,0.0,True,stroll,Canadian,aston_martin,9,13,14.0,0.0,12.0,44,0,6,0.8999999999999915,22.0
4247,1993,8.0,magny_cours,False,0.0,False,0.0,False,patrese,Italian,benetton,12,10,5.0,0.0,10.0,25,0,,3.0,39.0
1803,1987,10.0,osterreichring,False,0.0,True,0.0,False,mansell,British,williams,2,1,30.0,3.0,3.0,78,5,,0.0999999999999943,34.0
7501,2002,,interlagos,False,0.0,False,0.0,False,,Italian,jordan,14,22,0.0,0.0,17.0,0,0,10,1.6000000000000083,29.0
5150,1995,11.0,spa,False,0.0,False,1.0,False,alesi,French,ferrari,2,23,32.0,1.0,3.0,57,1,3,0.1999999999999886,31.0
10570,2010,12.0,hungaroring,False,,,0.0,False,liuzzi,Italian,force_india,16,13,12.0,0.0,13.0,47,0,6,3.1000000000000085,29.0
11012,2011,12.0,spa,False,0.0,True,0.0,False,button,British,mclaren,13,3,134.0,2.0,5.0,280,4,,16.900000000000006,31.0
5990,,17.0,jerez,True,0.0,False,0.0,False,damon_hill,British,arrows,4,19,7.0,0.0,,9,0,8,0.0,37.0
1429,1986,11.0,hungaroring,False,0.0,False,0.0,False,jones,Australian,lola,10,12,0.0,0.0,22.0,0,0,10,2.9000000000000057,39.0
14453,2019,17.0,suzuka,True,0.0,False,0.0,False,russell,British,williams,18,16,0.0,0.0,20.0,,0,10,3.300000000000012,21.0
585,1984,9.0,dallas,True,0.0,False,0.0,False,piquet,Brazilian,brabham,12,16,18.0,2.0,4.0,22,2,4,2.4000000000000057,31.0
14356,2019,12.0,hungaroring,,0.0,False,,False,russell,British,williams,15,16,0.0,0.0,20.0,1,0,10,2.4000000000000057,21.0
11599,2012,17.0,buddh,False,0.0,False,0.0,,kovalainen,Finnish,caterham,20,18,0.0,0.0,20.0,0,0,11,4.200000000000003,31.0
5321,1996,2.0,interlagos,False,0.0,False,0.0,False,diniz,Brazilian,ligier,22,8,0.0,0.0,10.0,0,0,6,5.400000000000006,25.0
14245,2019,7.0,villeneuve,False,0.0,False,0.0,False,leclerc,Monegasque,ferrari,3,3,57.0,0.0,5.0,139,0,2,0.7000000000000028,21.0
4222,1993,7.0,villeneuve,False,0.0,False,,False,herbert,British,team_lotus,20,10,6.0,0.0,6.0,7,0,5,4.200000000000003,28.0
10402,2010,5.0,catalunya,False,0.0,True,0.0,False,kobayashi,Japanese,sauber,10,12,0.0,0.0,24.0,0,0,9,2.0,23.0
9933,2008,17.0,shanghai,False,0.0,True,0.0,False,heidfeld,German,bmw_sauber,9,5,56.0,0.0,5.0,128,1,3,0.9000000000000057,31.0
10682,2010,17.0,yeongam,False,0.0,False,0.0,False,kubica,Polish,renault,8,5,114.0,0.0,8.0,133,0,5,1.2000000000000028,25.0
233,1983,10.0,hockenheimring,False,0.0,True,0.0,False,laffite,French,Auto%#,15,6,10.0,0.0,9.0,35,1,3,7.0,39.0
8997,2006,8.0,silverstone,True,0.0,False,0.0,False,raikkonen,Finnish,mclaren,2,3,27.0,0.0,4.0,50,0,3,0.1000000000000085,26.0
4839,1994,15.0,suzuka,False,0.0,False,1.0,False,blundell,British,tyrrell,13,14,8.0,0.0,10.0,13,0,6,2.0999999999999943,28.0
9413,2007,9.0,silverstone,True,0.0,True,0.0,False,hamilton,British,mclaren,1,3,64.0,2.0,1.0,114,4,11,0.0,22.0
2906,1990,4.0,monaco,True,0.0,False,0.0,False,alliot,French,ligier,18,12,0.0,0.0,16.0,0,0,,3.0,35.0
6047,1998,,galvez,False,0.0,False,,True,barrichello,Brazilian,stewart,14,10,0.0,0.0,0.0,0,0,8,3.299999999999997,25.0
7317,2001,,hockenheimring,False,0.0,True,0.0,False,montoya,Colombian,williams,1,14,15.0,0.0,6.0,46,2,3,0.0,25.0
6684,1999,16.0,suzuka,False,0.0,True,,False,fisichella,Italian,,14,,13.0,0.0,9.0,16,0,6,2.799999999999997,26.0
10078,2009,6.0,monaco,True,0.0,False,0.0,False,trulli,Italian,toyota,18,13,0.0,0.0,5.0,0,0,3,1.5999999999999943,34.0
8625,2005,9.0,indianapolis,False,0.0,False,0.0,False,monteiro,Portuguese,jordan,17,3,0.0,0.0,18.0,0,0,8,2.9000000000000057,28.0
4949,1995,3.0,imola,False,0.0,False,1.0,False,barrichello,Brazilian,jordan,10,20,0.0,0.0,0.0,0,0,0,2.299999999999997,22.0
2340,1988,14.0,jerez,True,0.0,False,0.0,False,warwick,British,arrows,17,18,17.0,0.0,,23,0,4,3.1000000000000085,34.0
12621,2015,7.0,villeneuve,False,0.0,False,0.0,False,nasr,Brazilian,sauber,14,16,16.0,0.0,9.0,21,0,5,2.1999999999999886,22.0
7552,2002,6.0,osterreichring,False,0.0,False,0.0,False,frentzen,German,arrows,11,11,,0.0,13.0,1,0,9,1.6000000000000083,34.0
,1993,16.0,adelaide,True,0.0,False,0.0,False,barrichello,Brazilian,jordan,13,11,2.0,0.0,18.0,3,0,11,3.0999999999999943,21.0
12132,2014,2.0,sepang,False,0.0,False,0.0,False,gutierrez,Mexican,sauber,12,,0.0,0.0,12.0,0,0,7,3.0,22.0
10467,2010,8.0,villeneuve,True,0.0,False,0.0,False,rosberg,German,mercedes,10,6,66.0,0.0,8.0,100,0,4,1.0,24.0
,2000,6.0,nurburgring,False,0.0,True,1.0,False,irvine,British,jaguar,8,,0.0,0.0,14.0,0,0,9,1.2000000000000028,34.0
,1987,11.0,monza,False,0.0,True,0.0,False,patrese,Italian,brabham,9,26,2.0,0.0,17.0,6,0,8,2.0,33.0
6337,1998,,suzuka,True,0.0,False,0.0,False,verstappen,Dutch,stewart,19,18,0.0,0.0,23.0,5,0,8,,26.0
12373,2014,14.0,marina_bay,False,0.0,False,0.0,False,hamilton,British,mercedes,,1,216.0,6.0,2.0,454,10,1,,29.0
10966,2011,10.0,nurburgring,False,0.0,False,1.0,False,massa,Brazilian,ferrari,5,5,52.0,0.0,6.0,164,1,3,0.8000000000000114,30.0
11934,2013,12.0,monza,False,0.0,False,0.0,True,sutil,German,force_india,17,16,25.0,0.0,11.0,61,0,6,1.1000000000000083,30.0
13432,2017,6.0,monaco,False,0.0,False,0.0,False,ericsson,Swedish,sauber,19,17,0.0,0.0,16.0,4,,9,3.0999999999999943,26.0
3770,1992,5.0,imola,True,,False,0.0,False,morbidelli,Italian,minardi,21,21,0.0,0.0,15.0,0,0,10,4.900000000000006,24.0
11360,2012,7.0,villeneuve,,,True,0.0,False,kovalainen,Finnish,,17,18,0.0,0.0,19.0,0,0,10,1.4000000000000057,30.0
6639,1999,14.0,nurburgring,False,0.0,False,0.0,False,salo,Finnish,ferrari,12,14,10.0,0.0,9.0,102,5,2,1.3999999999999917,32.0
13858,2018,8.0,ricard,True,,True,0.0,False,sainz,Spanish,renault,7,8,24.0,0.0,9.0,56,0,4,2.0999999999999943,23.0
8473,2005,1.0,albert_park,False,0.0,False,0.0,Auto%#,klien,Austrian,red_bull,6,7,0.0,0.0,0.0,0,0,0,6.0,22.0
10116,2009,8.0,silverstone,False,0.0,False,0.0,True,,Japanese,williams,5,11,0.0,0.0,20.0,0,0,6,0.7000000000000028,24.0
3139,1990,13.0,estoril,False,0.0,False,0.0,False,martini,Italian,minardi,16,11,0.0,0.0,19.0,0,0,11,3.200000000000003,29.0
6289,1998,14.0,monza,True,0.0,False,0.0,False,verstappen,Dutch,stewart,17,14,0.0,0.0,23.0,5,0,8,2.9000000000000057,26.0
13183,2016,15.0,marina_bay,False,0.0,False,0.0,False,bottas,Finnish,williams,10,20,70.0,0.0,7.0,111,0,4,2.1000000000000085,27.0
11067,2011,14.0,marina_bay,True,0.0,False,0.0,False,perez,Mexican,sauber,11,10,8.0,0.0,16.0,35,0,7,3.1999999999999886,21.0
5097,1995,9.0,hockenheimring,False,0.0,False,0.0,False,alesi,,,10,18,32.0,,3.0,49,1,3,2.0,31.0
5416,1996,6.0,monaco,False,0.0,False,1.0,False,barrichello,Brazilian,jordan,6,18,7.0,0.0,7.0,8,0,5,1.0999999999999943,23.0
5826,1997,10.0,hockenheimring,False,0.0,True,0.0,False,nakano,Japanese,prost,Auto%#,7,1.0,0.0,16.0,16,0,5,,26.0
12667,2015,10.0,,False,0.0,False,0.0,False,kvyat,Russian,red_bull,7,2,27.0,0.0,8.0,63,0,4,1.2999999999999972,21.0
13551,2017,12.0,spa,,0.0,True,0.0,True,max_verstappen,Dutch,red_bull,5,19,67.0,0.0,6.0,184,1,3,0.8000000000000114,19.0
9282,2007,3.0,bahrain,False,0.0,False,0.0,False,heidfeld,German,bmw_sauber,5,4,10.0,0.0,4.0,10,0,2,0.7000000000000028,29.0
2616,1989,9.0,hockenheimring,False,0.0,False,0.0,True,brundle,British,brabham,12,8,,0.0,24.0,5,0,9,4.900000000000006,30.0
1792,1987,9.0,hungaroring,False,0.0,True,0.0,False,arnoux,French,ligier,19,16,1.0,0.0,18.0,1,0,10,6.5,39.0
10754,2011,1.0,albert_park,False,0.0,False,0.0,False,webber,Australian,red_bull,3,5,0.0,0.0,0.0,0,0,0,0.9000000000000057,34.0
8561,2005,5.0,catalunya,True,0.0,False,0.0,False,michael_schumacher,German,ferrari,8,15,10.0,,4.0,,0,4,2.1999999999999886,36.0
8494,2005,2.0,sepang,False,0.0,False,,False,klien,Austrian,red_bull,7,8,2.0,0.0,7.0,7,0,3,1.9000000000000057,22.0
6097,,5.0,catalunya,True,0.0,False,,False,panis,French,prost,12,16,0.0,0.0,14.0,0,0,8,2.700000000000003,31.0
10944,2011,9.0,silverstone,False,0.0,False,1.0,False,,Mexican,sauber,12,7,2.0,0.0,16.0,27,0,6,2.1999999999999886,21.0
7751,2002,16.0,indianapolis,True,0.0,False,0.0,False,barrichello,Brazilian,ferrari,2,1,61.0,3.0,2.0,189,,1,0.2999999999999971,30.0
13392,2017,4.0,sochi,False,,False,0.0,False,ricciardo,Australian,red_bull,5,17,22.0,0.0,6.0,47,0,3,1.7000000000000028,27.0
8872,2006,2.0,sepang,False,0.0,False,0.0,False,trulli,Italian,toyota,9,9,0.0,0.0,,0,0,9,0.9000000000000057,31.0
6555,1999,10.0,hockenheimring,False,0.0,True,0.0,False,trulli,,prost,9,18,1.0,,13.0,2,0,8,1.2000000000000028,25.0
12871,2016,1.0,albert_park,False,0.0,False,0.0,False,bottas,Finnish,williams,16,8,0.0,0.0,0.0,0,0,0,2.200000000000003,26.0
4068,1993,1.0,kyalami,True,0.0,False,0.0,False,warwick,British,footwork,22,7,0.0,0.0,0.0,0,0,0,4.700000000000003,
3466,1991,10.0,hungaroring,True,0.0,False,0.0,False,patrese,Auto%#,williams,2,3,28.0,1.0,3.0,71,4,1,1.3000000000000114,37.0
7148,2001,4.0,imola,False,0.0,False,0.0,False,raikkonen,Finnish,sauber,10,20,1.0,0.0,11.0,8,0,,1.6000000000000083,21.0
12975,2016,6.0,monaco,False,0.0,True,1.0,False,perez,Mexican,force_india,7,3,8.0,0.0,,14,0,7,1.3000000000000114,26.0
9441,2007,,nurburgring,False,0.0,False,1.0,False,fisichella,Italian,renault,13,,17.0,0.0,7.0,31,0,3,0.5,34.0
2012,1988,,,True,0.0,False,0.0,False,prost,French,mclaren,2,2,9.0,1.0,1.0,9,1,1,0.8000000000000114,33.0
10684,2010,17.0,yeongam,False,0.0,False,0.0,False,barrichello,Brazilian,williams,10,7,41.0,0.0,11.0,58,0,7,1.4000000000000057,38.0
3270,1991,2.0,interlagos,False,0.0,False,1.0,True,comas,French,ligier,23,15,0.0,0.0,29.0,0,0,15,4.799999999999997,
4603,1994,6.0,villeneuve,False,0.0,False,0.0,Auto%#,panis,French,ligier,19,12,0.0,0.0,20.0,0,0,12,2.799999999999997,27.0
2435,1989,2.0,imola,True,0.0,False,0.0,False,cheever,American,arrows,21,9,0.0,0.0,16.0,2,0,5,4.200000000000003,
301,1983,12.0,zandvoort,False,0.0,False,0.0,True,lauda,Austrian,mclaren,19,22,12.0,0.0,8.0,30,1,5,4.6000000000000085,34.0
13682,2017,19.0,interlagos,False,0.0,False,0.0,False,gasly,Auto%#,toro_rosso,19,12,0.0,0.0,22.0,53,0,6,2.4000000000000057,21.0
3976,1992,13.0,monza,True,0.0,False,0.0,False,naspetti,Italian,march,24,19,0.0,0.0,28.0,3,0,9,4.099999999999994,24.0
3774,1992,5.0,imola,True,0.0,False,0.0,False,fittipaldi,Brazilian,minardi,25,25,0.0,0.0,20.0,0,0,10,5.400000000000006,21.0
4432,1993,15.0,suzuka,False,0.0,False,0.0,True,berger,,ferrari,5,16,10.0,0.0,10.0,23,0,4,0.3999999999999915,34.0
7442,2002,1.0,albert_park,True,0.0,False,0.0,True,yoong,Malaysian,minardi,21,7,0.0,0.0,0.0,0,0,0,5.700000000000003,25.0
8186,2004,4.0,imola,False,0.0,False,0.0,False,,Italian,minardi,17,19,0.0,,17.0,0,0,10,7.1000000000000085,22.0
7293,2001,11.0,,False,0.0,False,0.0,False,alesi,French,prost,14,11,3.0,0.0,14.0,3,0,8,3.0,37.0
9102,2006,12.0,hockenheimring,True,0.0,False,0.0,False,monteiro,Portuguese,,18,22,0.0,0.0,21.0,0,0,10,3.700000000000003,30.0
4542,1994,4.0,monaco,True,,False,0.0,False,michael_schumacher,German,benetton,1,1,30.0,3.0,1.0,30,3,1,0.0,25.0
6408,1999,4.0,monaco,False,0.0,True,0.0,False,hakkinen,Finnish,mclaren,1,3,10.0,1.0,3.0,16,1,2,0.0,30.0
4915,1995,2.0,galvez,,0.0,False,0.0,True,salo,Finnish,tyrrell,7,12,0.0,0.0,,0,0,5,1.5999999999999943,28.0
3261,1991,2.0,interlagos,False,0.0,False,1.0,True,alesi,French,ferrari,5,6,0.0,0.0,12.0,6,0,2,1.1999999999999886,26.0
822,1985,2.0,estoril,False,0.0,False,,False,palmer,British,zakspeed,23,26,0.0,0.0,0.0,0,0,0,7.200000000000003,28.0
6104,1998,6.0,monaco,True,0.0,False,0.0,False,fisichella,Italian,benetton,3,2,1.0,0.0,,10,0,4,0.6000000000000085,25.0
2442,1989,2.0,imola,True,0.0,False,0.0,False,gugelmin,Brazilian,march,19,16,4.0,0.0,3.0,4,0,3,4.200000000000003,26.0
5727,1997,5.0,monaco,False,1.0,False,0.0,False,trulli,Auto%#,minardi,18,18,0.0,0.0,16.0,0,0,9,2.0999999999999943,22.0
9044,2006,10.0,indianapolis,True,0.0,False,0.0,False,coulthard,British,red_bull,17,7,8.0,0.0,11.0,9,0,8,2.4000000000000057,35.0
5920,1997,14.0,osterreichring,True,0.0,False,0.0,False,diniz,Brazilian,arrows,17,,,0.0,20.0,7,0,8,1.2999999999999972,27.0
4971,1995,4.0,catalunya,True,0.0,False,0.0,False,katayama,Japanese,tyrrell,17,16,0.0,0.0,14.0,0,0,7,4.400000000000006,31.0
3656,1992,1.0,kyalami,False,0.0,True,0.0,False,gugelmin,Brazilian,jordan,23,11,0.0,0.0,0.0,0,0,0,4.599999999999994,28.0
11547,2012,15.0,suzuka,True,0.0,False,0.0,False,bruno_senna,Brazilian,williams,16,14,25.0,0.0,16.0,54,1,8,2.6000000000000085,28.0
15030,2021,9.0,red_bull_ring,False,0.0,Auto%#,0.0,True,norris,British,mclaren,2,3,,0.0,4.0,120,0,3,0.0999999999999943,21.0
1399,1986,10.0,hockenheimring,False,0.0,True,0.0,False,tambay,French,lola,13,8,0.0,0.0,19.0,0,,11,3.0,37.0
7380,2001,15.0,monza,False,0.0,False,0.0,False,heidfeld,Auto%#,sauber,8,11,11.0,0.0,8.0,20,0,4,1.2000000000000028,24.0
6245,1998,12.0,hungaroring,False,0.0,False,0.0,False,verstappen,Dutch,stewart,17,13,0.0,0.0,23.0,5,0,6,3.200000000000003,26.0
1931,1987,14.0,rodriguez,True,0.0,False,0.0,False,danner,German,zakspeed,17,25,0.0,0.0,22.0,2,0,9,4.199999999999989,29.0
4521,1994,3.0,imola,True,0.0,False,0.0,False,katayama,Japanese,tyrrell,9,,2.0,0.0,8.0,2,0,7,1.7999999999999972,30.0
12887,2016,,,False,0.0,False,0.0,False,raikkonen,Finnish,ferrari,4,2,0.0,0.0,18.0,15,0,2,0.7000000000000028,36.0
7221,2001,8.0,villeneuve,True,0.0,False,0.0,False,alesi,French,prost,16,5,1.0,0.0,15.0,1,,10,2.4000000000000057,36.0
10047,2009,5.0,catalunya,True,0.0,False,0.0,Auto%#,button,Auto%#,,1,1,31.0,3.0,1.0,50,3,1,0.0,29.0
13609,2017,15.0,sepang,False,0.0,False,0.0,True,,German,sauber,18,17,5.0,,,5,0,10,3.4000000000000057,22.0
6341,1999,1.0,albert_park,True,0.0,True,0.0,False,irvine,British,ferrari,6,1,0.0,0.0,0.0,0,0,0,1.7999999999999972,33.0
11678,2013,1.0,Auto%#,True,0.0,False,0.0,False,alonso,Spanish,ferrari,5,2,0.0,0.0,0.0,0,0,0,1.0999999999999943,31.0
13466,2017,8.0,BAK,True,0.0,False,0.0,False,grosjean,French,haas,16,Auto%#,10.0,0.0,12.0,15,0,8,3.9000000000000057,
11350,2012,7.0,villeneuve,False,0.0,True,0.0,False,raikkonen,Finnish,lotus_f1,12,8,51.0,0.0,6.0,86,0,4,0.9000000000000057,32.0
10063,2009,5.0,catalunya,True,0.0,False,0.0,False,trulli,Italian,toyota,7,17,0.0,0.0,,0,0,3,0.7999999999999972,34.0
10841,2011,4.0,istanbul,True,0.0,False,0.0,False,liuzzi,Italian,hrt,20,22,0.0,0.0,23.0,0,0,12,5.700000000000003,30.0
8376,2004,14.0,spa,False,0.0,True,0.0,False,zonta,Brazilian,,Auto%#,10,0.0,0.0,0.0,8,0,7,7.700000000000003,28.0
41,1983,2.0,long_beach,True,0.0,False,0.0,False,cesaris,Italian,alfa,19,16,0.0,0.0,25.0,0,0,14,3.5,23.0
81,1983,4.0,imola,False,0.0,False,0.0,False,keke_rosberg,Finnish,williams,11,4,2.0,0.0,10.0,9,0,5,3.899999999999992,34.0
10839,2011,4.0,istanbul,True,0.0,False,0.0,False,ambrosio,Belgian,virgin,23,20,0.0,0.0,18.0,,0,11,5.400000000000006,25.0
9179,2006,16.0,shanghai,False,0.0,False,1.0,False,rosberg,German,williams,15,11,4.0,0.0,17.0,10,0,8,3.0,21.0
13163,,14.0,monza,True,,False,,False,nasr,Brazilian,sauber,,22,0.0,0.0,22.0,0,0,Auto%#,2.9000000000000057,24.0
9531,2007,14.0,spa,True,0.0,True,0.0,False,liuzzi,Italian,toro_rosso,13,12,0.0,0.0,23.0,0,0,9,1.0999999999999943,27.0
11675,2012,20.0,interlagos,False,0.0,False,1.0,False,bruno_senna,Brazilian,williams,11,23,31.0,0.0,16.0,76,1,8,1.7000000000000028,29.0
6407,1999,4.0,monaco,False,0.0,True,0.0,False,irvine,British,ferrari,4,2,12.0,1.0,,28,2,1,0.5,33.0
6695,2000,1.0,albert_park,False,0.0,False,0.0,False,villeneuve,Canadian,bar,8,4,0.0,,0.0,0,0,0,1.4000000000000057,28.0
11033,2011,12.0,spa,False,0.0,True,0.0,Auto%#,alguersuari,Spanish,toro_rosso,6,24,10.0,0.0,14.0,22,0,8,2.5,21.0
12301,2014,10.0,hockenheimring,False,0.0,False,0.0,True,vergne,French,toro_rosso,13,13,9.0,0.0,,15,0,7,1.7999999999999972,24.0
3709,1992,3.0,interlagos,False,0.0,True,0.0,False,wendlinger,Austrian,march,9,12,0.0,0.0,0.0,0,0,0,3.299999999999997,23.0
976,1985,9.0,nurburgring,False,0.0,True,0.0,False,berger,Austrian,arrows,17,,0.0,0.0,19.0,6,0,8,3.299999999999997,
9057,2006,10.0,indianapolis,True,0.0,False,0.0,False,speed,American,toro_rosso,13,20,0.0,0.0,17.0,0,0,9,2.0,23.0
9418,2007,9.0,silverstone,True,0.0,True,0.0,False,fisichella,Italian,renault,8,8,16.0,0.0,7.0,28,0,3,0.7999999999999972,34.0
516,1984,6.0,monaco,False,0.0,,1.0,False,piquet,Brazilian,brabham,9,14,,0.0,19.0,0,0,12,1.2000000000000028,31.0
5848,1997,11.0,hungaroring,False,0.0,True,0.0,False,trulli,Italian,prost,12,,3.0,0.0,15.0,19,0,5,1.5999999999999943,23.0
2744,1989,14.0,jerez,True,0.0,False,0.0,False,alliot,French,larrousse,5,6,0.0,0.0,29.0,0,0,,1.4000000000000057,35.0
163,1983,7.0,detroit,,0.0,False,,False,guerrero,Colombian,,11,14,0.0,0.0,28.0,1,0,8,3.0,24.0
12530,2015,3.0,shanghai,False,0.0,False,,False,raikkonen,Finnish,ferrari,6,4,12.0,0.0,5.0,52,1,2,1.4000000000000057,35.0
,1987,14.0,rodriguez,True,0.0,False,0.0,False,caffi,Italian,osella,26,12,0.0,0.0,25.0,0,0,15,9.299999999999995,23.0
7921,2003,7.0,monaco,True,0.0,False,0.0,False,panis,French,toyota,17,13,0.0,0.0,18.0,3,0,9,2.200000000000003,36.0
8455,2004,18.0,interlagos,False,0.0,False,0.0,False,fisichella,Italian,sauber,10,9,22.0,0.0,10.0,33,0,6,1.0,31.0
11499,2012,13.0,monza,False,0.0,True,0.0,False,kovalainen,Finnish,caterham,17,14,0.0,0.0,20.0,0,0,10,2.4000000000000057,30.0
1943,1987,15.0,suzuka,False,0.0,True,0.0,False,patrese,Italian,brabham,8,11,6.0,0.0,11.0,10,0,7,2.700000000000003,33.0
2035,,2.0,imola,True,0.0,False,0.0,False,capelli,Italian,march,9,25,0.0,0.0,22.0,0,0,15,4.400000000000006,24.0
6453,1999,6.0,villeneuve,True,0.0,False,0.0,False,ralf_schumacher,,williams,13,4,9.0,,6.0,9,0,4,1.7999999999999972,23.0
7880,2003,5.0,catalunya,True,0.0,False,,False,verstappen,Dutch,minardi,19,12,,,18.0,0,0,,4.400000000000006,31.0
9594,2007,17.0,interlagos,False,0.0,False,0.0,False,coulthard,Auto%#,red_bull,9,9,14.0,0.0,10.0,24,0,5,1.3999999999999917,36.0
5575,1996,14.0,monza,False,0.0,True,0.0,,lamy,Portuguese,minardi,18,13,0.0,0.0,20.0,0,0,10,4.700000000000003,24.0
2904,1990,4.0,monaco,True,0.0,False,0.0,False,barilla,Italian,minardi,19,10,0.0,0.0,19.0,0,0,8,3.0,29.0
11804,2013,6.0,monaco,True,0.0,False,0.0,False,ricciardo,Australian,toro_rosso,12,18,7.0,0.0,12.0,8,0,7,4.399999999999992,23.0
1188,1986,1.0,jacarepagua,True,0.0,True,,False,nannini,Italian,minardi,25,20,0.0,0.0,0.0,0,0,0,12.0,26.0
1538,1986,15.0,rodriguez,True,0.0,False,0.0,False,arnoux,French,ligier,13,15,14.0,0.0,,28,0,5,2.5999999999999943,38.0
1993,1988,1.0,jacarepagua,True,0.0,False,0.0,True,johansson,Swedish,ligier,21,9,0.0,0.0,0.0,0,0,0,6.5,31.0
5543,,12.0,hungaroring,True,0.0,False,0.0,False,salo,Finnish,tyrrell,16,20,5.0,0.0,12.0,5,0,8,3.6000000000000085,29.0
8254,2004,8.0,villeneuve,True,0.0,False,0.0,False,glock,German,jordan,16,7,0.0,,0.0,2,0,9,4.0,
1033,1985,11.0,zandvoort,True,0.0,,0.0,False,rothengatter,Dutch,osella,26,11,0.0,0.0,24.0,0,0,,8.300000000000011,30.0
8468,2005,1.0,albert_park,False,0.0,False,0.0,True,barrichello,Brazilian,ferrari,11,2,0.0,,0.0,0,0,0,15.300000000000011,32.0
3787,1992,6.0,monaco,False,0.0,True,0.0,False,boutsen,Belgian,ligier,22,12,0.0,0.0,22.0,0,0,9,4.400000000000006,34.0
9932,2008,17.0,shanghai,False,0.0,True,0.0,False,alonso,Spanish,renault,4,Auto%#,48.0,2.0,7.0,66,2,4,0.6000000000000085,27.0
,2001,17.0,suzuka,False,0.0,False,0.0,False,panis,French,bar,17,,5.0,0.0,14.0,17,0,6,3.299999999999997,35.0
2591,1989,8.0,silverstone,True,0.0,False,0.0,False,warwick,British,arrows,19,9,4.0,0.0,14.0,8,0,7,3.1000000000000085,34.0
9967,2008,18.0,interlagos,False,0.0,False,,,piquet_jr,Brazilian,renault,11,19,19.0,0.0,12.0,72,2,4,-0.3000000000000113,23.0
3827,1992,7.0,villeneuve,False,0.0,True,0.0,False,tarquini,Italian,fondmetal,18,26,0.0,0.0,0.0,0,0,0,,
252,1983,10.0,hockenheimring,False,0.0,True,0.0,False,mansell,,team_lotus,17,25,4.0,0.0,11.0,4,0,7,7.200000000000003,29.0
14805,2020,14.0,istanbul,False,0.0,False,1.0,False,gasly,French,alphatauri,19,13,63.0,1.0,10.0,89,1,7,10.799999999999995,24.0
11845,2013,8.0,silverstone,False,0.0,True,0.0,False,pic,French,Auto%#,,15,0.0,0.0,20.0,0,0,11,4.300000000000011,23.0
8741,2005,14.0,istanbul,False,0.0,False,0.0,False,massa,Brazilian,sauber,8,19,8.0,0.0,13.0,14,,8,1.6000000000000083,24.0
10946,2011,9.0,silverstone,False,0.0,False,1.0,False,michael_schumacher,German,mercedes,13,,26.0,,10.0,58,,5,2.299999999999997,42.0
5457,1996,8.0,villeneuve,True,0.0,False,0.0,False,montermini,Italian,forti,22,17,0.0,0.0,21.0,0,0,11,5.0,32.0
1139,1985,15.0,kyalami,False,0.0,True,,Auto%#,fabi,Italian,toleman,7,16,0.0,0.0,30.0,0,0,15,1.8000000000000045,30.0
11664,2012,20.0,interlagos,False,0.0,False,1.0,False,pic,French,marussia,22,12,0.0,0.0,23.0,0,0,10,5.599999999999994,22.0
4711,1994,10.0,hungaroring,True,0.0,False,0.0,False,alesi,French,ferrari,13,16,19.0,0.0,4.0,52,1,2,2.9000000000000057,30.0
2977,1990,7.0,ricard,True,0.0,False,0.0,False,berger,Austrian,Auto%#,2,5,23.0,0.0,3.0,54,3,1,0.0999999999999943,30.0
3048,1990,9.0,hockenheimring,True,0.0,False,0.0,False,modena,Italian,brabham,17,24,2.0,0.0,13.0,2,0,9,5.299999999999997,27.0
11840,2013,,silverstone,False,0.0,True,0.0,False,hulkenberg,German,sauber,14,10,5.0,0.0,15.0,5,0,8,2.6000000000000085,25.0
4337,1993,11.0,hungaroring,False,0.0,False,0.0,False,,Brazilian,mclaren,4,24,50.0,3.0,2.0,53,3,2,1.9000000000000057,33.0
11217,2012,1.0,albert_park,False,0.0,False,0.0,False,,Auto%#,williams,14,16,0.0,0.0,0.0,0,0,0,1.7999999999999972,28.0
14734,2020,11.0,nurburgring,False,0.0,False,0.0,False,max_verstappen,Dutch,red_bull,3,2,128.0,1.0,3.0,192,1,2,0.2999999999999971,23.0
,2005,19.0,shanghai,True,0.0,False,0.0,False,karthikeyan,Indian,jordan,15,18,5.0,0.0,17.0,12,0,9,2.6000000000000085,28.0
7282,2001,10.0,magny_cours,True,0.0,False,0.0,False,hakkinen,Finnish,mclaren,4,22,9.0,0.0,6.0,53,2,2,0.2999999999999971,32.0
11250,2012,3.0,shanghai,False,,False,0.0,True,hamilton,British,mclaren,7,3,30.0,0.0,2.0,55,1,1,0.5,27.0
1552,1986,16.0,adelaide,True,0.0,Auto%#,0.0,False,brundle,British,tyrrell,16,4,5.0,0.0,11.0,6,0,8,4.599999999999994,27.0
10969,2011,10.0,nurburgring,,0.0,False,1.0,False,michael_schumacher,German,mercedes,10,8,28.0,0.0,10.0,68,0,4,2.4000000000000057,42.0
14554,2020,1.0,red_bull_ring,True,0.0,False,0.0,False,ricciardo,Australian,renault,10,19,0.0,0.0,0.0,0,0,0,1.3000000000000045,31.0
7383,2001,15.0,monza,False,0.0,False,0.0,False,bernoldi,Brazilian,arrows,18,14,0.0,0.0,21.0,1,0,10,3.200000000000003,22.0
12810,2015,17.0,rodriguez,False,0.0,False,0.0,False,massa,Brazilian,williams,7,6,109.0,0.0,6.0,220,0,3,1.0999999999999943,34.0
14408,2019,15.0,,False,0.0,False,0.0,False,giovinazzi,Italian,alfa,10,10,3.0,0.0,18.0,34,0,8,2.5,25.0
2030,1988,2.0,imola,True,0.0,False,0.0,False,bailey,British,tyrrell,21,20,0.0,0.0,26.0,0,0,8,6.800000000000011,26.0
275,1983,11.0,osterreichring,False,0.0,True,0.0,False,warwick,British,toleman,10,22,0.0,0.0,20.0,0,0,11,2.0999999999999943,28.0
11615,2012,18.0,yas_marina,False,0.0,False,0.0,False,michael_schumacher,German,mercedes,13,11,43.0,0.0,14.0,136,1,5,1.7000000000000028,43.0
14228,2019,6.0,monaco,False,0.0,False,0.0,True,sainz,Spanish,mclaren,9,6,10.0,0.0,11.0,22,0,4,1.2000000000000028,24.0
959,1985,8.0,silverstone,False,0.0,False,0.0,True,angelis,Italian,team_lotus,8,16,26.0,1.0,3.0,35,2,2,2.0,27.0
3812,1992,7.0,villeneuve,False,0.0,True,0.0,,morbidelli,Italian,minardi,13,11,0.0,0.0,18.0,0,0,10,2.799999999999997,
14990,2021,7.0,ricard,False,0.0,False,0.0,False,hamilton,British,mercedes,2,2,101.0,3.0,2.0,148,3,Auto%#,0.2000000000000028,36.0
5064,,8.0,silverstone,False,0.0,False,0.0,False,boullion,French,sauber,16,9,0.0,0.0,19.0,4,0,7,5.1000000000000085,25.0
8603,2005,8.0,villeneuve,True,0.0,False,0.0,True,raikkonen,Finnish,mclaren,7,1,27.0,2.0,2.0,53,2,Auto%#,,25.0
6445,1999,5.0,catalunya,False,0.0,True,0.0,False,alesi,French,sauber,5,18,1.0,0.0,11.0,1,0,9,0.3000000000000113,34.0
2570,1989,7.0,ricard,True,0.0,False,0.0,False,gugelmin,Brazilian,march,10,14,4.0,0.0,12.0,4,0,9,1.7999999999999972,26.0
1126,1985,15.0,,,0.0,Auto%#,0.0,False,,French,mclaren,9,3,72.0,5.0,1.0,86,,1,2.000000000000007,30.0
11849,,8.0,silverstone,False,0.0,True,0.0,False,grosjean,French,lotus_f1,7,19,26.0,0.0,9.0,114,1,4,1.4000000000000057,
5088,1995,9.0,hockenheimring,False,0.0,False,0.0,False,irvine,,jordan,6,9,6.0,0.0,9.0,13,0,4,1.3999999999999917,29.0
15009,2021,8.0,red_bull_ring,False,0.0,False,0.0,False,hamilton,British,mercedes,2,2,119.0,3.0,2.0,178,3,2,0.2999999999999971,36.0
3311,1991,4.0,monaco,False,,True,0.0,False,moreno,Brazilian,benetton,8,4,0.0,0.0,15.0,6,0,4,1.5,32.0
9501,2007,13.0,monza,True,0.0,False,0.0,False,heidfeld,German,bmw_sauber,4,4,47.0,0.0,5.0,77,0,2,1.2000000000000028,30.0
4401,,14.0,estoril,False,0.0,Auto%#,0.0,False,comas,French,larrousse,22,Auto%#,1.0,0.0,19.0,3,0,10,4.900000000000006,29.0
10066,2009,5.0,catalunya,True,0.0,False,0.0,False,sutil,German,force_india,19,20,0.0,0.0,16.0,0,0,10,1.2000000000000028,26.0
14856,2020,17.0,yas_marina,True,0.0,False,0.0,False,sainz,Spanish,mclaren,6,6,97.0,0.0,7.0,184,0,4,0.5999999999999943,26.0
6467,1999,6.0,villeneuve,True,0.0,False,0.0,False,barrichello,Brazilian,stewart,5,18,,0.0,8.0,6,0,,0.6000000000000085,27.0
3048,1990,9.0,,True,0.0,False,0.0,False,modena,Italian,brabham,17,24,2.0,0.0,13.0,2,0,9,5.299999999999997,27.0
,1995,14.0,nurburgring,False,0.0,False,0.0,False,tarquini,Auto%#,,19,,0.0,0.0,0.0,2,0,8,5.599999999999994,33.0
5726,1997,,monaco,False,1.0,False,0.0,False,herbert,British,sauber,7,17,3.0,0.0,10.0,4,0,7,0.8999999999999915,32.0
14320,2019,10.0,silverstone,False,0.0,False,0.0,True,kevin_magnussen,Danish,haas,16,20,14.0,0.0,12.0,16,,9,1.6000000000000083,26.0
5227,1995,15.0,okayama,False,,True,0.0,False,berger,Austrian,ferrari,5,4,28.0,0.0,6.0,68,1,3,1.0,36.0
14344,2019,12.0,hungaroring,,0.0,False,0.0,False,leclerc,Monegasque,ferrari,4,4,120.0,0.0,5.0,261,0,2,0.4000000000000057,21.0
14286,2019,9.0,red_bull_ring,False,0.0,False,0.0,False,hamilton,British,,4,5,187.0,6.0,1.0,338,8,1,0.2999999999999971,34.0
1092,1985,13.0,spa,False,0.0,False,,False,fabi,Italian,toleman,11,18,0.0,0.0,29.0,0,0,15,2.299999999999997,30.0
341,1983,14.0,brands_hatch,,0.0,True,,False,cheever,American,renault,7,10,21.0,0.0,7.0,72,4,2,1.2000000000000028,25.0
1981,1987,,adelaide,True,0.0,False,0.0,False,warwick,British,arrows,12,23,3.0,0.0,16.0,11,0,6,3.299999999999997,33.0
14528,2019,21.0,yas_marina,True,0.0,False,0.0,False,raikkonen,Finnish,alfa,17,13,43.0,0.0,12.0,57,0,8,3.6000000000000085,40.0
9749,2008,7.0,villeneuve,True,0.0,False,0.0,False,piquet_jr,Brazilian,renault,15,,0.0,0.0,19.0,9,0,7,0.5,22.0
11240,2012,2.0,sepang,False,0.0,False,1.0,True,glock,German,marussia,20,17,0.0,0.0,14.0,0,0,10,4.700000000000003,30.0
3149,1990,13.0,estoril,False,0.0,False,0.0,False,modena,,brabham,23,21,2.0,0.0,14.0,2,0,10,3.700000000000003,27.0
7356,2001,14.0,spa,False,0.0,False,0.0,False,,German,prost,4,9,6.0,0.0,11.0,4,0,9,,34.0
11201,2011,,interlagos,True,0.0,False,0.0,False,glock,German,virgin,24,24,0.0,0.0,25.0,0,0,12,5.199999999999989,
6292,1998,14.0,monza,True,0.0,False,0.0,False,wurz,Austrian,benetton,7,17,17.0,0.0,6.0,32,0,4,1.2999999999999972,24.0
12071,2013,18.0,americas,False,0.0,False,0.0,False,chilton,British,marussia,21,21,0.0,0.0,,0,0,10,5.1000000000000085,22.0
11218,2012,1.0,albert_park,False,0.0,False,0.0,False,massa,Brazilian,ferrari,16,17,0.0,0.0,0.0,0,0,0,,30.0
8662,2005,10.0,magny_cours,False,0.0,False,0.0,False,klien,Austrian,red_bull,16,20,4.0,0.0,19.0,22,0,6,2.0999999999999943,22.0
1018,1985,10.0,osterreichring,False,0.0,True,0.0,False,alliot,French,ram,21,22,0.0,,23.0,0,0,11,4.299999999999997,31.0
14313,2019,10.0,,False,0.0,False,0.0,True,stroll,Canadian,racing_point,18,13,6.0,0.0,16.0,19,0,7,1.7000000000000028,20.0
681,1984,13.0,zandvoort,True,0.0,False,0.0,False,cheever,American,alfa,17,13,3.0,0.0,15.0,6,0,8,3.4000000000000057,26.0
8890,2006,3.0,albert_park,True,0.0,False,0.0,True,fisichella,Italian,renault,2,5,10.0,1.0,4.0,28,2,1,0.3999999999999915,33.0
13619,2017,16.0,suzuka,True,0.0,False,0.0,Auto%#,kevin_magnussen,,haas,12,8,11.0,0.0,15.0,37,0,8,2.700000000000003,25.0
167,1983,7.0,detroit,True,0.0,False,0.0,False,sullivan,American,tyrrell,16,18,2.0,0.0,11.0,2,0,7,3.899999999999992,33.0
9344,2007,5.0,monaco,False,0.0,False,0.0,False,liuzzi,Italian,toro_rosso,12,22,0.0,0.0,21.0,0,0,10,1.0,26.0
4155,1993,4.0,imola,False,0.0,True,1.0,Auto%#,damon_hill,British,Auto%#,2,18,12.0,0.0,3.0,26,1,2,0.1000000000000085,32.0
11248,2012,3.0,shanghai,False,0.0,,0.0,True,rosberg,German,,1,1,0.0,0.0,15.0,1,0,9,0.0,26.0
11111,2011,16.0,yeongam,False,0.0,False,1.0,False,massa,Brazilian,ferrari,5,6,90.0,0.0,6.0,292,1,3,1.0,30.0
2708,1989,12.0,monza,True,0.0,False,0.0,False,larini,Italian,osella,24,22,0.0,0.0,0.0,0,0,17,5.099999999999994,25.0
14630,2020,5.0,silverstone,True,0.0,False,0.0,False,russell,British,williams,15,18,0.0,,19.0,0,0,10,2.299999999999997,22.0
11860,2013,9.0,nurburgring,True,0.0,False,0.0,False,perez,Mexican,mclaren,13,8,12.0,0.0,13.0,37,0,6,1.5,23.0
456,1984,4.0,imola,False,0.0,False,0.0,False,prost,French,mclaren,2,1,15.0,1.0,,24,2,1,0.0999999999999943,29.0
4666,1994,8.0,silverstone,True,0.0,False,0.0,False,morbidelli,Italian,footwork,16,23,0.0,0.0,0.0,3,0,9,2.9000000000000057,26.0
10465,2010,8.0,villeneuve,True,0.0,False,0.0,False,vettel,German,red_bull,2,4,78.0,1.0,5.0,171,3,2,0.3000000000000113,22.0
6781,2000,5.0,catalunya,False,0.0,True,0.0,False,ralf_schumacher,German,williams,5,4,9.0,0.0,5.0,12,0,3,0.5999999999999943,24.0
954,1985,8.0,silverstone,False,0.0,False,0.0,True,bellof,German,tyrrell,26,11,4.0,0.0,11.0,4,0,9,11.0,27.0
8283,2004,9.0,indianapolis,True,0.0,False,0.0,False,klien,Austrian,jaguar,13,17,0.0,0.0,18.0,3,0,9,2.0,21.0
6533,1999,9.0,osterreichring,False,0.0,True,0.0,False,rosa,Spanish,arrows,21,18,1.0,0.0,15.0,1,0,9,3.0999999999999943,28.0
13956,2018,13.0,spa,False,0.0,False,0.0,Auto%#,gasly,French,toro_rosso,10,9,26.0,0.0,13.0,28,0,8,-14.400000000000006,22.0
4592,1994,6.0,villeneuve,False,0.0,False,0.0,False,michael_schumacher,German,benetton,1,1,46.0,4.0,1.0,46,4,1,0.0,25.0
5462,1996,8.0,villeneuve,True,0.0,False,0.0,Auto%#,irvine,British,ferrari,5,22,9.0,0.0,7.0,35,1,2,0.6000000000000085,
10391,2010,5.0,catalunya,False,0.0,True,0.0,False,webber,Australian,red_bull,1,1,,0.0,8.0,73,1,,0.0,33.0
6216,1998,11.0,,False,0.0,True,0.0,True,michael_schumacher,German,ferrari,,5,58.0,4.0,2.0,90,4,2,1.7000000000000028,29.0
5677,1997,3.0,galvez,False,0.0,False,0.0,True,diniz,Brazilian,arrows,22,12,0.0,0.0,14.0,0,0,9,4.5,26.0
2881,,3.0,imola,True,0.0,False,0.0,False,bernard,French,larrousse,13,13,0.0,0.0,11.0,0,0,8,3.5999999999999943,25.0
12424,2014,16.0,sochi,True,0.0,False,0.0,False,vettel,German,red_bull,10,8,139.0,0.0,4.0,332,3,2,1.5999999999999943,27.0
10030,2009,4.0,bahrain,True,0.0,False,0.0,False,hamilton,British,mclaren,5,4,4.0,0.0,10.0,8,0,,0.7999999999999972,24.0
14911,2021,3.0,portimao,False,0.0,False,0.0,False,bottas,Finnish,mercedes,1,3,16.0,0.0,5.0,60,1,1,0.0,31.0
10978,2011,10.0,nurburgring,False,0.0,False,1.0,False,glock,German,virgin,19,17,0.0,0.0,25.0,0,0,12,6.300000000000011,29.0
1713,1987,6.0,ricard,True,0.0,False,,False,capelli,Italian,march,22,15,1.0,0.0,15.0,1,0,11,6.200000000000003,24.0
1504,1986,14.0,estoril,False,0.0,True,0.0,False,fabi,Auto%#,benetton,5,8,2.0,0.0,15.0,10,0,6,1.3999999999999917,31.0
11702,2013,2.0,sepang,False,0.0,True,1.0,True,rosberg,German,mercedes,6,4,0.0,0.0,20.0,10,0,4,2.799999999999997,27.0
11576,2012,16.0,yeongam,True,0.0,False,0.0,False,pic,French,marussia,24,Auto%#,0.0,0.0,23.0,,0,10,4.099999999999994,22.0
1682,1987,5.0,detroit,True,0.0,False,1.0,False,arnoux,French,,21,Auto%#,1.0,0.0,14.0,1,0,10,6.900000000000006,38.0
3627,1991,16.0,adelaide,False,0.0,False,1.0,False,cesaris,Italian,jordan,12,8,9.0,0.0,9.0,13,0,5,3.0999999999999943,32.0
11954,2013,13.0,marina_bay,False,0.0,True,0.0,False,,French,toro_rosso,12,14,13.0,0.0,15.0,31,0,7,1.7999999999999972,23.0
4492,1994,,,,0.0,,0.0,False,berger,Austrian,ferrari,5,2,0.0,0.0,24.0,4,0,3,1.5,34.0
9413,2007,9.0,silverstone,True,0.0,True,0.0,False,hamilton,British,mclaren,1,3,64.0,2.0,1.0,114,4,11,0.0,22.0
9827,2008,11.0,hungaroring,False,,False,0.0,False,barrichello,Brazilian,honda,17,16,11.0,0.0,10.0,14,0,,0.3999999999999915,36.0
4614,1994,6.0,villeneuve,False,0.0,False,0.0,Auto%#,irvine,British,jordan,8,23,1.0,0.0,18.0,11,0,4,1.5999999999999943,
707,1984,14.0,monza,False,0.0,True,0.0,False,warwick,British,renault,12,14,23.0,0.0,6.0,,0,4,3.5,30.0
3746,1992,4.0,catalunya,False,0.0,True,1.0,False,herbert,British,team_lotus,26,23,1.0,0.0,9.0,2,0,6,5.599999999999994,27.0
10282,2009,,yas_marina,False,0.0,True,0.0,False,button,British,brawn,5,3,89.0,6.0,1.0,161,8,1,1.0,29.0
14152,2019,2.0,bahrain,True,0.0,False,0.0,False,vettel,German,ferrari,2,5,12.0,0.0,,22,0,2,0.2999999999999971,31.0
,1985,5.0,villeneuve,True,0.0,False,0.0,False,surer,Swiss,brabham,20,15,0.0,,0.0,0,0,9,4.900000000000006,33.0
3278,1991,2.0,interlagos,False,0.0,False,1.0,True,satoru_nakajima,Japanese,tyrrell,,,2.0,0.0,5.0,5,0,3,3.0999999999999943,38.0
,1993,13.0,monza,True,0.0,False,0.0,False,badoer,Italian,lola,25,10,0.0,0.0,20.0,0,0,12,4.799999999999997,22.0
12610,2015,7.0,villeneuve,False,0.0,False,0.0,False,,German,ferrari,18,5,98.0,1.0,3.0,158,1,2,2.8999999999999915,27.0
15043,2021,9.0,,False,0.0,False,0.0,True,latifi,Canadian,williams,18,16,0.0,0.0,20.0,0,0,9,1.5,26.0
9235,2007,1.0,albert_park,True,0.0,,,False,raikkonen,Finnish,ferrari,1,1,0.0,0.0,0.0,0,0,0,0.0,27.0
7350,2001,14.0,spa,False,0.0,False,,False,fisichella,Italian,benetton,8,3,4.0,0.0,14.0,6,0,7,5.6000000000000085,28.0
9985,2009,1.0,albert_park,True,0.0,False,0.0,False,kovalainen,,mclaren,12,19,0.0,0.0,0.0,0,0,0,-0.5,27.0
4979,1995,4.0,catalunya,True,0.0,False,0.0,False,mansell,British,mclaren,10,24,0.0,0.0,18.0,6,0,4,2.4000000000000057,41.0
5510,1996,11.0,hockenheimring,False,0.0,True,0.0,,barrichello,Brazilian,jordan,9,6,10.0,0.0,9.0,13,0,5,,24.0
11729,2013,,shanghai,False,0.0,False,0.0,False,grosjean,French,lotus_f1,6,9,9.0,0.0,8.0,40,1,2,0.9000000000000057,26.0
4639,1994,7.0,magny_cours,True,0.0,False,0.0,False,brabham,Australian,simtek,24,22,0.0,0.0,27.0,0,0,13,3.5,28.0
5543,1996,12.0,hungaroring,,0.0,False,0.0,False,salo,Finnish,tyrrell,16,20,5.0,0.0,12.0,5,0,8,3.6000000000000085,29.0
14008,2018,16.0,sochi,False,0.0,False,0.0,False,hamilton,British,mercedes,2,,281.0,7.0,1.0,452,7,1,0.0999999999999943,33.0
11556,2012,15.0,suzuka,,0.0,False,0.0,False,alonso,Spanish,ferrari,6,23,194.0,3.0,1.0,245,3,3,1.2999999999999972,31.0
3895,1992,10.0,hockenheimring,,0.0,True,0.0,False,wendlinger,Austrian,march,10,16,3.0,0.0,11.0,3,0,8,4.400000000000006,23.0
12437,2014,16.0,sochi,True,0.0,Auto%#,0.0,False,chilton,British,marussia,20,21,0.0,0.0,21.0,2,0,9,5.099999999999994,23.0
13079,2016,11.0,Auto%#,True,0.0,False,0.0,False,ricciardo,Australian,red_bull,3,3,100.0,0.0,4.0,198,1,3,0.2999999999999971,27.0
179,1983,8.0,villeneuve,True,0.0,False,0.0,False,keke_rosberg,Finnish,williams,9,4,22.0,1.0,,32,1,2,,34.0
3006,1990,8.0,silverstone,True,0.0,False,0.0,False,alesi,French,tyrrell,6,8,13.0,0.0,5.0,14,0,5,1.0,26.0
4826,1994,15.0,suzuka,False,0.0,False,1.0,False,damon_hill,British,williams,2,1,81.0,5.0,2.0,95,5,2,0.5,34.0
1359,1986,8.0,ricard,False,0.0,True,0.0,False,fabi,Italian,benetton,6,20,2.0,0.0,11.0,8,0,6,0.9000000000000057,31.0
2153,1988,7.0,ricard,True,0.0,False,,False,dalmas,,larrousse,19,13,0.0,0.0,16.0,0,0,11,4.1000000000000085,26.0
263,1983,11.0,osterreichring,False,0.0,True,0.0,Auto%#,corrado_fabi,Italian,osella,26,10,0.0,0.0,29.0,0,0,15,7.299999999999997,22.0
4008,1992,14.0,estoril,False,0.0,False,0.0,False,alesi,French,ferrari,10,25,13.0,0.0,7.0,16,0,4,3.9000000000000057,28.0
4433,1993,,suzuka,,0.0,False,0.0,True,suzuki,,,9,17,0.0,0.0,23.0,4,0,9,2.0999999999999943,33.0
6580,1999,11.0,hungaroring,False,0.0,False,0.0,False,diniz,Brazilian,sauber,12,21,3.0,0.0,12.0,4,0,7,1.5999999999999943,29.0
11149,2011,17.0,buddh,True,0.0,True,0.0,False,massa,Brazilian,ferrari,6,20,98.0,0.0,6.0,310,1,3,0.8999999999999915,30.0
13219,2016,17.0,suzuka,False,0.0,False,,True,jolyon_palmer,British,renault,16,12,1.0,0.0,17.0,8,0,9,2.200000000000003,25.0
13465,2017,8.0,BAK,True,0.0,False,0.0,False,vandoorne,Belgian,mclaren,18,12,0.0,0.0,21.0,0,0,10,4.400000000000006,25.0
5792,1997,8.0,magny_cours,False,0.0,True,1.0,False,barrichello,Brazilian,stewart,13,17,6.0,0.0,12.0,6,0,8,1.4000000000000057,25.0
14961,2021,5.0,monaco,True,0.0,False,0.0,False,alonso,Spanish,alpine,17,13,5.0,0.0,12.0,15,0,5,1.9000000000000057,39.0
3527,1991,,monza,True,0.0,False,0.0,False,blundell,British,brabham,11,12,1.0,0.0,17.0,1,0,11,2.4000000000000057,25.0
14909,2021,3.0,portimao,False,0.0,False,0.0,False,hamilton,British,mercedes,2,1,44.0,1.0,1.0,60,1,1,0.1000000000000085,36.0
14718,2020,10.0,sochi,True,,False,0.0,False,leclerc,Monegasque,ferrari,10,6,49.0,0.0,8.0,66,0,6,1.9000000000000057,22.0
11918,2013,11.0,spa,False,0.0,False,0.0,False,pic,French,caterham,22,,0.0,,20.0,0,0,11,6.400000000000006,23.0
8812,2005,18.0,suzuka,False,0.0,True,0.0,True,barrichello,Brazilian,ferrari,9,11,38.0,0.0,7.0,98,1,3,2.1000000000000085,33.0
3028,1990,9.0,hockenheimring,,0.0,False,0.0,False,prost,French,ferrari,3,4,41.0,4.0,1.0,54,4,2,1.5,35.0
14604,2020,4.0,silverstone,False,0.0,False,0.0,True,russell,British,williams,20,12,0.0,0.0,20.0,0,0,10,2.799999999999997,22.0
4630,1994,7.0,magny_cours,True,0.0,False,0.0,False,hakkinen,Auto%#,,9,13,4.0,0.0,9.0,10,0,5,1.5,25.0
10341,2010,2.0,albert_park,False,0.0,Auto%#,1.0,True,hulkenberg,German,williams,15,,0.0,0.0,14.0,1,0,6,1.7999999999999972,22.0
4510,1994,2.0,okayama,True,0.0,False,0.0,False,katayama,Japanese,tyrrell,14,20,2.0,0.0,5.0,2,0,5,2.799999999999997,30.0
4050,1992,16.0,adelaide,False,,False,0.0,True,naspetti,Italian,,23,15,0.0,0.0,28.0,3,0,9,4.399999999999992,24.0
7846,,3.0,interlagos,False,0.0,False,0.0,False,panis,French,toyota,15,17,0.0,0.0,0.0,0,0,9,1.0,36.0
6624,1999,13.0,monza,True,0.0,True,0.0,False,fisichella,Italian,benetton,17,21,13.0,0.0,7.0,16,0,5,2.5,26.0
9845,2008,12.0,valencia,True,0.0,False,0.0,False,fisichella,Italian,force_india,18,14,0.0,0.0,19.0,0,0,10,0.2999999999999971,35.0
1569,1986,16.0,adelaide,True,0.0,False,,False,berger,Austrian,benetton,6,21,17.0,1.0,7.0,19,1,6,2.1999999999999886,27.0
,1987,16.0,adelaide,True,0.0,False,0.0,False,satoru_nakajima,Japanese,team_lotus,14,22,7.0,,11.0,64,2,3,3.6000000000000085,34.0
5699,1997,4.0,imola,False,0.0,False,0.0,Auto%#,diniz,Brazilian,arrows,17,12,0.0,0.0,17.0,0,0,10,3.0,26.0
13499,2017,10.0,silverstone,False,0.0,False,0.0,True,vettel,German,ferrari,3,7,171.0,3.0,1.0,254,3,2,,30.0
12974,2016,6.0,monaco,False,0.0,True,1.0,False,ricciardo,Australian,red_bull,1,2,48.0,0.0,5.0,94,1,3,0.0,26.0
4231,1993,7.0,villeneuve,False,0.0,False,0.0,False,patrese,Italian,benetton,4,19,,0.0,10.0,19,0,3,1.9000000000000057,39.0
10544,2010,11.0,hockenheimring,False,0.0,False,0.0,False,kobayashi,Japanese,sauber,12,11,15.0,0.0,12.0,15,0,8,1.2999999999999972,23.0
7550,2002,6.0,osterreichring,False,0.0,False,0.0,False,mcnish,British,toyota,14,Auto%#,0.0,0.0,15.0,2,0,8,1.7000000000000028,32.0
10066,2009,5.0,catalunya,True,0.0,False,0.0,False,sutil,German,force_india,19,20,0.0,0.0,16.0,0,0,10,1.2000000000000028,26.0
2554,1989,6.0,villeneuve,,1.0,False,1.0,False,martini,Italian,minardi,11,24,0.0,,29.0,0,0,17,2.299999999999997,28.0
3915,1992,11.0,hungaroring,False,0.0,True,0.0,False,gugelmin,Brazilian,jordan,21,10,0.0,0.0,20.0,0,0,13,,29.0
8797,2005,17.0,interlagos,False,0.0,False,0.0,False,monteiro,Portuguese,jordan,11,16,7.0,0.0,15.0,12,0,9,1.4000000000000057,29.0
6471,1999,6.0,villeneuve,,0.0,Auto%#,0.0,False,wurz,Austrian,benetton,11,22,1.0,0.0,10.0,8,0,5,1.7000000000000028,25.0
708,1984,14.0,monza,False,0.0,True,0.0,False,,British,ram,26,15,0.0,0.0,24.0,0,0,14,8.800000000000011,27.0
14978,2021,6.0,BAK,True,0.0,,0.0,False,raikkonen,Finnish,alfa,14,10,0.0,0.0,16.0,1,0,8,1.3999999999999917,41.0
11626,,18.0,yas_marina,False,0.0,False,0.0,False,karthikeyan,Indian,hrt,23,22,0.0,0.0,24.0,0,0,12,5.800000000000011,35.0
14611,2020,4.0,silverstone,False,0.0,False,0.0,True,kevin_magnussen,Danish,haas,14,19,1.0,0.0,16.0,1,0,9,2.9000000000000057,27.0
6571,1999,11.0,hungaroring,False,,False,0.0,False,salo,Finnish,ferrari,18,12,6.0,0.0,9.0,90,5,1,2.200000000000003,32.0
7196,2001,7.0,monaco,True,0.0,False,0.0,False,barrichello,Brazilian,ferrari,4,2,18.0,0.0,3.0,60,3,,0.5,29.0
10875,2011,6.0,monaco,True,0.0,False,0.0,False,heidfeld,German,renault,15,8,25.0,0.0,7.0,46,0,4,2.6000000000000085,34.0
11801,2013,6.0,monaco,True,0.0,False,0.0,False,garde,Dutch,caterham,15,15,0.0,0.0,21.0,0,0,11,5.5,28.0
1029,1985,11.0,zandvoort,True,0.0,False,0.0,False,,British,tyrrell,Auto%#,7,0.0,0.0,18.0,4,0,9,3.8000000000000114,26.0
6199,1998,10.0,osterreichring,True,0.0,False,0.0,False,trulli,Italian,prost,16,10,0.0,0.0,,0,0,11,3.300000000000012,24.0
3821,1992,7.0,villeneuve,False,0.0,,0.0,False,hakkinen,Finnish,team_lotus,10,20,1.0,0.0,13.0,2,0,7,2.6000000000000085,23.0
870,1985,5.0,villeneuve,True,0.0,False,0.0,False,johansson,Swedish,ferrari,4,2,1.0,0.0,13.0,22,0,2,0.6000000000000085,28.0
6200,1998,10.0,osterreichring,True,0.0,False,0.0,False,nakano,Japanese,minardi,21,11,0.0,0.0,16.0,0,0,9,4.900000000000006,27.0
9875,2008,14.0,monza,False,0.0,True,0.0,False,massa,Brazilian,ferrari,6,6,74.0,5.0,2.0,131,7,1,1.3000000000000114,27.0
13830,2018,6.0,monaco,False,0.0,False,0.0,False,alonso,Spanish,mclaren,7,20,32.0,0.0,7.0,40,0,5,1.2999999999999972,36.0
4633,1994,7.0,magny_cours,True,0.0,,0.0,Auto%#,barrichello,Brazilian,jordan,7,16,7.0,0.0,5.0,11,0,4,1.2000000000000028,22.0
12095,2014,1.0,albert_park,False,0.0,False,0.0,False,rosberg,German,mercedes,3,1,0.0,0.0,,0,0,0,0.3999999999999915,28.0
3151,1990,13.0,estoril,False,0.0,False,0.0,Auto%#,warwick,British,team_lotus,21,23,3.0,0.0,12.0,3,0,8,3.700000000000003,36.0
9238,2007,1.0,albert_park,True,0.0,False,0.0,False,heidfeld,German,bmw_sauber,3,4,0.0,0.0,0.0,0,0,0,0.5,29.0
10248,2009,15.0,suzuka,False,0.0,True,0.0,False,barrichello,Brazilian,brawn,6,7,69.0,,2.0,153,8,1,0.5,37.0
12338,2014,12.0,spa,False,,False,0.0,True,kvyat,Russian,toro_rosso,11,9,6.0,0.0,15.0,17,0,7,3.8000000000000114,20.0
7601,2002,8.0,villeneuve,True,0.0,False,,False,montoya,Colombian,williams,1,16,27.0,0.0,3.0,54,1,2,0.0,26.0
3977,1992,13.0,monza,True,0.0,False,0.0,False,alesi,French,ferrari,3,20,13.0,0.0,7.0,16,0,,0.7999999999999972,28.0
11932,2013,12.0,monza,False,0.0,False,0.0,True,maldonado,Venezuelan,williams,14,14,1.0,0.0,16.0,1,0,9,1.2000000000000028,28.0
12298,2014,10.0,hockenheimring,False,0.0,False,0.0,True,perez,Mexican,,10,10,28.0,0.0,11.0,91,0,5,1.5,24.0
6516,1999,9.0,osterreichring,False,0.0,True,0.0,False,irvine,British,ferrari,3,1,32.0,1.0,3.0,64,,1,1.0,33.0
3607,1991,15.0,suzuka,True,0.0,False,0.0,False,michael_schumacher,German,benetton,9,14,4.0,0.0,14.0,37,1,4,3.700000000000003,22.0
14051,2018,18.0,americas,False,0.0,False,0.0,False,vettel,German,ferrari,5,4,264.0,5.0,2.0,460,5,2,0.0999999999999943,31.0
10700,2010,17.0,yeongam,False,0.0,False,0.0,False,webber,Australian,red_bull,2,23,220.0,4.0,1.0,426,7,1,0.1000000000000085,34.0
2019,1988,2.0,imola,True,0.0,False,0.0,False,warwick,British,arrows,14,9,3.0,0.0,4.0,3,0,4,5.400000000000006,33.0
6347,1999,1.0,albert_park,True,0.0,True,0.0,False,takagi,Japanese,arrows,17,7,0.0,0.0,0.0,0,0,0,3.700000000000003,25.0
10178,2009,11.0,valencia,True,0.0,True,0.0,False,grosjean,French,renault,,15,0.0,0.0,0.0,13,0,7,-0.5,23.0
4010,1992,15.0,suzuka,False,0.0,False,0.0,True,patrese,Italian,williams,2,1,46.0,0.0,4.0,154,9,1,0.7999999999999972,38.0
11058,2011,14.0,marina_bay,True,0.0,False,0.0,False,vettel,German,red_bull,1,1,284.0,8.0,1.0,451,8,1,0.0,24.0
12712,,12.0,monza,False,0.0,False,0.0,False,hulkenberg,German,force_india,9,7,24.0,0.0,12.0,49,0,6,1.8999999999999917,28.0
8109,2004,1.0,albert_park,False,0.0,True,0.0,False,barrichello,Brazilian,ferrari,2,2,0.0,0.0,0.0,0,0,0,0.0999999999999943,31.0
9340,2007,5.0,monaco,False,0.0,False,0.0,False,davidson,British,super_aguri,17,18,0.0,0.0,17.0,1,0,7,2.5999999999999943,28.0
3445,1991,9.0,hockenheimring,True,0.0,False,0.0,False,moreno,Brazilian,benetton,9,8,5.0,0.0,,23,1,4,3.9000000000000057,32.0
10841,2011,4.0,istanbul,True,0.0,False,0.0,False,liuzzi,Italian,hrt,20,22,0.0,0.0,23.0,0,0,12,5.700000000000003,30.0
9446,2007,10.0,nurburgring,False,0.0,False,1.0,False,sato,Japanese,super_aguri,16,15,4.0,0.0,13.0,4,0,7,1.2999999999999972,30.0
11125,2011,16.0,yeongam,False,0.0,False,1.0,False,ambrosio,Belgian,virgin,22,20,0.0,0.0,24.0,0,0,12,7.700000000000003,25.0
4455,1993,16.0,adelaide,True,0.0,False,0.0,False,wendlinger,Austrian,sauber,11,15,7.0,0.0,12.0,12,0,7,2.6999999999999886,24.0
2445,1989,2.0,imola,True,0.0,False,0.0,False,patrese,Italian,williams,4,19,0.0,0.0,15.0,0,0,12,1.9000000000000057,35.0
1665,1987,4.0,monaco,True,0.0,False,0.0,False,alliot,French,larrousse,18,17,0.0,0.0,17.0,0,0,11,6.099999999999994,32.0
2562,1989,7.0,ricard,True,0.0,False,0.0,False,grouillard,French,ligier,17,6,0.0,0.0,21.0,2,0,12,2.5,30.0
13204,2016,16.0,sepang,False,0.0,False,,False,gutierrez,Mexican,haas,13,19,0.0,0.0,19.0,28,0,8,2.299999999999997,25.0
11183,2011,19.0,interlagos,True,0.0,False,0.0,False,sutil,German,force_india,8,6,34.0,0.0,11.0,57,0,6,1.3999999999999917,28.0
4361,1993,12.0,spa,True,0.0,False,0.0,False,martini,Italian,minardi,21,21,0.0,0.0,27.0,7,0,7,5.900000000000006,32.0
75,1983,3.0,ricard,False,0.0,False,0.0,True,warwick,British,toleman,9,24,0.0,0.0,12.0,0,0,10,3.200000000000003,28.0
3960,1992,13.0,monza,True,0.0,False,0.0,False,michael_schumacher,German,benetton,6,3,43.0,1.0,3.0,64,1,2,1.3999999999999917,23.0
11900,2013,11.0,spa,False,0.0,False,0.0,False,rosberg,German,mercedes,4,4,84.0,2.0,6.0,208,3,2,1.2999999999999972,28.0
10771,2011,1.0,albert_park,False,0.0,False,0.0,False,perez,Mexican,sauber,13,22,0.0,0.0,0.0,0,0,,2.5999999999999943,21.0
,1988,1.0,jacarepagua,True,0.0,False,0.0,True,prost,French,mclaren,3,1,0.0,0.0,0.0,0,0,Auto%#,0.7000000000000028,33.0
5241,1995,15.0,okayama,False,0.0,True,0.0,False,barrichello,Brazilian,jordan,11,18,11.0,0.0,9.0,18,0,5,1.7999999999999972,23.0
11286,2012,4.0,bahrain,True,0.0,False,0.0,False,petrov,Russian,caterham,18,,0.0,0.0,21.0,0,0,11,3.3999999999999915,27.0
761,1984,16.0,estoril,False,0.0,True,,False,gartner,Austrian,osella,24,,0.0,0.0,21.0,2,0,11,6.5,30.0
1693,1987,5.0,detroit,True,0.0,False,1.0,False,capelli,Italian,march,22,21,1.0,,15.0,1,0,11,7.0,24.0
2750,1989,,jerez,True,0.0,False,0.0,False,pirro,Italian,benetton,10,12,0.0,0.0,28.0,22,0,4,2.299999999999997,27.0
6805,2000,6.0,nurburgring,False,0.0,True,1.0,False,rosa,Spanish,arrows,12,6,0.0,0.0,18.0,0,0,8,1.5,29.0
5377,1996,4.0,nurburgring,False,0.0,True,0.0,False,alesi,,benetton,4,20,10.0,0.0,3.0,13,0,2,1.7999999999999972,31.0
5134,1995,11.0,spa,False,,False,1.0,False,,British,benetton,4,7,28.0,1.0,5.0,84,6,1,1.6999999999999886,31.0
1379,1986,9.0,brands_hatch,True,0.0,False,0.0,False,fabi,Italian,benetton,7,14,2.0,0.0,11.0,8,0,6,2.4000000000000057,31.0
8056,2003,14.0,monza,True,0.0,False,0.0,False,heidfeld,German,sauber,16,9,2.0,0.0,16.0,9,0,9,,26.0
14201,2019,4.0,BAK,False,0.0,,0.0,False,grosjean,French,haas,14,18,0.0,0.0,17.0,8,0,6,2.9000000000000057,33.0
4190,1993,6.0,monaco,False,0.0,True,0.0,Auto%#,alesi,French,ferrari,5,3,0.0,0.0,18.0,,0,9,1.3000000000000114,28.0
310,1983,13.0,monza,False,0.0,True,0.0,False,angelis,Italian,team_lotus,8,5,0.0,0.0,26.0,6,0,8,2.5,25.0
12545,2015,3.0,shanghai,False,0.0,False,0.0,False,kvyat,Russian,red_bull,12,19,2.0,0.0,13.0,11,0,6,2.4000000000000057,20.0
10215,2009,13.0,monza,True,0.0,False,0.0,False,,British,mclaren,Auto%#,12,27.0,1.0,7.0,44,1,4,0.0,24.0
14765,2020,12.0,portimao,False,,False,0.0,True,norris,British,mclaren,8,13,65.0,0.0,6.0,116,0,4,0.7999999999999972,20.0
1175,1986,1.0,jacarepagua,True,0.0,True,,False,streiff,French,tyrrell,18,7,0.0,0.0,0.0,0,0,0,6.900000000000006,30.0
9213,2006,18.0,interlagos,False,0.0,False,0.0,False,massa,Auto%#,ferrari,1,,70.0,1.0,3.0,186,8,2,0.0,25.0
13678,2017,19.0,interlagos,False,0.0,False,0.0,False,alonso,Spanish,mclaren,6,8,11.0,0.0,16.0,24,0,9,1.2999999999999972,36.0
9436,2007,10.0,nurburgring,False,0.0,False,1.0,False,coulthard,British,red_bull,20,5,4.0,0.0,12.0,6,0,6,1.7000000000000028,36.0
5714,1997,5.0,monaco,False,1.0,False,0.0,False,salo,Finnish,tyrrell,14,5,0.0,0.0,15.0,0,0,8,1.5,30.0
12146,2014,3.0,bahrain,False,0.0,True,0.0,False,alonso,Spanish,ferrari,9,9,24.0,0.0,,30,0,3,1.7999999999999972,32.0
,1997,1.0,albert_park,False,0.0,True,0.0,Auto%#,coulthard,British,,4,1,0.0,0.0,0.0,0,0,0,2.0999999999999943,25.0
7224,2001,8.0,villeneuve,True,0.0,False,0.0,False,burti,Brazilian,prost,19,8,0.0,0.0,18.0,1,0,10,3.0,26.0
3708,1992,3.0,interlagos,False,0.0,True,0.0,False,tarquini,Italian,fondmetal,Auto%#,,0.0,0.0,0.0,0,0,0,4.299999999999997,30.0
12965,2016,5.0,catalunya,False,0.0,False,0.0,False,nasr,Brazilian,sauber,20,15,0.0,0.0,21.0,0,0,10,3.5999999999999943,23.0
7304,2001,,hockenheimring,False,0.0,True,0.0,False,ralf_schumacher,German,williams,2,1,31.0,2.0,4.0,46,2,Auto%#,0.0,26.0
6164,1998,8.0,Auto%#,True,0.0,False,,False,trulli,Italian,prost,12,19,0.0,0.0,21.0,0,0,11,2.0,23.0
4321,1993,11.0,hungaroring,False,,False,0.0,False,alliot,French,larrousse,19,8,2.0,0.0,14.0,2,0,9,,39.0
1534,1986,15.0,rodriguez,True,0.0,False,0.0,False,brundle,British,tyrrell,16,11,5.0,0.0,11.0,6,0,8,3.200000000000003,27.0
900,1985,6.0,detroit,True,1.0,False,0.0,False,boutsen,Belgian,arrows,21,7,6.0,0.0,7.0,6,0,6,5.900000000000006,27.0
8162,2004,3.0,bahrain,False,0.0,True,0.0,True,heidfeld,German,jordan,18,15,0.0,,0.0,0,0,9,3.4000000000000057,26.0
10835,2011,,istanbul,True,0.0,False,,False,alguersuari,Spanish,toro_rosso,Auto%#,16,,0.0,15.0,4,0,7,2.5999999999999943,21.0
4113,1993,3.0,donington,False,0.0,True,1.0,False,senna,Brazilian,mclaren,4,1,16.0,1.0,1.0,16,1,1,1.5999999999999943,33.0
12526,2015,2.0,Auto%#,False,0.0,False,0.0,False,ericsson,Swedish,sauber,9,19,4.0,0.0,8.0,14,0,,,24.0
6056,1998,3.0,galvez,False,0.0,False,0.0,True,ralf_schumacher,German,jordan,5,19,0.0,0.0,0.0,0,0,6,0.8999999999999915,
9000,2006,8.0,silverstone,True,0.0,False,0.0,False,montoya,Colombian,mclaren,,6,23.0,0.0,5.0,50,0,3,0.7999999999999972,30.0
3872,1992,9.0,silverstone,False,0.0,True,0.0,False,cesaris,Italian,tyrrell,18,19,4.0,0.0,10.0,4,0,7,6.0,33.0
6286,1998,14.0,monza,True,0.0,False,0.0,False,tuero,Argentine,minardi,22,11,0.0,0.0,20.0,0,0,10,4.1000000000000085,
,1994,7.0,magny_cours,True,0.0,,0.0,False,cesaris,Italian,,11,6,3.0,0.0,13.0,6,0,7,1.6000000000000083,35.0
10613,2010,14.0,monza,True,0.0,False,0.0,False,kubica,,,9,8,104.0,0.0,7.0,123,0,,1.0,25.0
11153,2011,17.0,buddh,True,0.0,True,0.0,False,kobayashi,Japanese,sauber,17,24,27.0,0.0,12.0,40,0,7,3.700000000000003,25.0
6934,2000,12.0,hungaroring,False,0.0,True,0.0,False,barrichello,Brazilian,ferrari,5,4,46.0,1.0,4.0,102,6,2,0.7999999999999972,28.0
9611,2008,1.0,albert_park,,0.0,False,0.0,False,alonso,Spanish,renault,11,4,0.0,0.0,0.0,0,0,0,-0.5,
2599,1989,8.0,silverstone,True,0.0,False,0.0,False,alliot,French,larrousse,12,17,0.0,0.0,0.0,0,,15,2.4000000000000057,34.0
11802,2013,6.0,monaco,True,0.0,False,0.0,False,perez,Mexican,mclaren,7,16,12.0,0.0,11.0,29,0,6,1.1999999999999886,23.0
5905,1997,13.0,monza,False,0.0,True,0.0,False,verstappen,Dutch,tyrrell,20,20,0.0,0.0,22.0,2,0,10,2.799999999999997,25.0
14045,2018,17.0,suzuka,False,0.0,False,0.0,False,leclerc,Monegasque,sauber,10,18,21.0,0.0,15.0,27,0,9,2.1000000000000085,20.0
1868,1987,12.0,estoril,False,,True,0.0,False,boutsen,,benetton,9,14,10.0,0.0,7.0,17,0,5,2.700000000000003,30.0
14038,2018,17.0,suzuka,False,0.0,False,0.0,False,gasly,French,toro_rosso,7,11,28.0,0.0,13.0,30,0,8,2.299999999999997,22.0
1100,1985,14.0,brands_hatch,False,0.0,False,0.0,False,keke_rosberg,Finnish,williams,4,3,21.0,1.0,5.0,34,,4,1.0,36.0
5827,1997,,hockenheimring,False,0.0,True,0.0,False,damon_hill,British,arrows,13,8,1.0,0.0,18.0,1,0,10,1.5,36.0
7896,2003,6.0,osterreichring,False,0.0,False,1.0,True,trulli,Italian,renault,6,8,9.0,0.0,9.0,34,0,3,0.8000000000000114,28.0
3354,1991,5.0,villeneuve,True,0.0,False,0.0,False,,,brabham,20,21,0.0,0.0,26.0,0,0,13,3.700000000000003,32.0
286,1983,12.0,zandvoort,False,0.0,False,0.0,True,johansson,Swedish,spirit,16,7,0.0,0.0,28.0,,0,15,4.400000000000006,26.0
9066,2006,11.0,magny_cours,True,0.0,False,0.0,False,rosa,Spanish,mclaren,8,,0.0,,0.0,65,0,3,1.0999999999999943,35.0
6664,1999,15.0,sepang,False,0.0,True,0.0,False,ralf_schumacher,German,williams,8,17,33.0,0.0,5.0,33,,4,1.8999999999999917,24.0
11357,2012,7.0,villeneuve,False,0.0,Auto%#,0.0,,vergne,French,Auto%#,19,15,4.0,0.0,16.0,6,0,9,,22.0
653,1984,12.0,osterreichring,False,0.0,True,0.0,False,palmer,British,ram,24,9,0.0,0.0,23.0,0,,14,7.899999999999991,27.0
10893,2011,7.0,villeneuve,False,0.0,False,1.0,False,webber,Australian,red_bull,4,3,79.0,0.0,3.0,222,5,1,0.4000000000000057,34.0
860,1985,4.0,monaco,False,0.0,True,0.0,False,lauda,Austrian,mclaren,14,12,3.0,0.0,8.0,12,1,3,1.5,36.0
5610,1996,16.0,suzuka,True,0.0,Auto%#,0.0,,coulthard,British,mclaren,8,8,18.0,0.0,7.0,45,,4,2.5,25.0
143,1983,6.0,spa,False,0.0,False,0.0,False,corrado_fabi,Italian,osella,24,20,0.0,0.0,27.0,0,0,15,7.099999999999994,22.0
15030,2021,9.0,red_bull_ring,False,0.0,False,0.0,True,,British,mclaren,2,3,86.0,0.0,4.0,120,0,3,0.0999999999999943,21.0
2497,1989,4.0,rodriguez,True,0.0,False,0.0,False,satoru_nakajima,Japanese,team_lotus,15,19,0.0,0.0,15.0,0,0,10,3.0,36.0
13920,2018,11.0,hockenheimring,False,0.0,False,1.0,True,vandoorne,Belgian,mclaren,19,13,8.0,0.0,16.0,48,0,7,2.0999999999999943,26.0
3807,1992,7.0,Auto%#,False,0.0,True,0.0,False,comas,French,ligier,22,6,0.0,0.0,16.0,0,0,11,3.4000000000000057,
6824,2000,7.0,monaco,True,,False,0.0,Auto%#,irvine,British,jaguar,10,4,0.0,0.0,16.0,0,0,9,1.2000000000000028,34.0
13025,2016,8.0,BAK,False,0.0,False,0.0,False,button,British,mclaren,19,11,5.0,0.0,16.0,24,0,7,3.0,36.0
55,1983,3.0,,False,0.0,False,0.0,True,tambay,French,ferrari,11,Auto%#,2.0,0.0,7.0,6,0,3,3.700000000000003,33.0
2319,1988,13.0,,True,0.0,False,0.0,False,cesaris,Italian,rial,12,23,3.0,0.0,14.0,3,0,9,2.5,29.0
13120,2016,13.0,spa,False,0.0,True,0.0,Auto%#,rosberg,German,mercedes,1,1,198.0,5.0,2.0,415,11,Auto%#,0.0,31.0
4022,1992,15.0,suzuka,False,0.0,False,0.0,True,naspetti,Italian,march,26,13,0.0,0.0,27.0,3,0,9,9.899999999999991,24.0
12562,2015,4.0,bahrain,False,0.0,False,0.0,False,,British,manor,18,16,0.0,0.0,19.0,0,0,10,6.1000000000000085,23.0
14931,2021,4.0,catalunya,,0.0,False,0.0,True,bottas,Finnish,mercedes,3,3,32.0,0.0,4.0,101,2,1,0.2000000000000028,31.0
11338,2012,6.0,monaco,True,0.0,False,1.0,False,petrov,Auto%#,caterham,18,20,0.0,,21.0,0,0,11,3.0,27.0
13916,2018,11.0,hockenheimring,False,0.0,False,1.0,True,ericsson,Swedish,Auto%#,Auto%#,9,3.0,0.0,18.0,16,0,9,2.5,27.0
5818,1997,9.0,silverstone,False,0.0,True,0.0,False,frentzen,German,williams,Auto%#,21,19.0,1.0,3.0,52,4,2,0.1000000000000085,30.0
981,1985,9.0,nurburgring,False,0.0,True,0.0,False,keke_rosberg,Finnish,williams,4,12,18.0,1.0,4.0,23,1,Auto%#,1.3999999999999917,36.0
8531,2005,4.0,imola,True,0.0,False,0.0,True,,Italian,Auto%#,5,5,16.0,0.0,2.0,25,0,2,1.5999999999999943,30.0
1406,1986,10.0,hockenheimring,False,0.0,True,0.0,False,palmer,British,zakspeed,16,15,0.0,0.0,18.0,0,0,10,3.9000000000000057,29.0
11411,2012,9.0,silverstone,False,0.0,False,0.0,False,perez,Mexican,sauber,15,22,39.0,0.0,,60,0,6,6.200000000000003,22.0
5699,1997,4.0,imola,False,0.0,False,0.0,False,diniz,Brazilian,arrows,17,12,0.0,0.0,17.0,0,,10,3.0,26.0
6576,1999,11.0,Auto%#,False,0.0,,0.0,False,gene,Spanish,minardi,22,17,0.0,0.0,19.0,0,0,11,3.700000000000003,25.0
4866,1994,16.0,adelaide,True,0.0,False,0.0,True,deletraz,Swiss,larrousse,25,15,0.0,0.0,0.0,2,0,11,6.200000000000003,31.0
5728,1997,5.0,monaco,False,1.0,False,0.0,False,coulthard,British,mclaren,5,19,10.0,1.0,4.0,20,1,3,0.5999999999999943,26.0
5354,1996,3.0,galvez,False,0.0,Auto%#,0.0,False,,Japanese,tyrrell,13,19,0.0,0.0,12.0,3,0,5,2.1000000000000085,32.0
9539,2007,14.0,spa,True,0.0,True,0.0,False,coulthard,British,red_bull,11,20,8.0,0.0,12.0,16,0,5,0.7999999999999972,36.0
8304,2004,10.0,magny_cours,True,,False,0.0,False,bruni,Italian,,19,18,0.0,0.0,21.0,1,0,,4.200000000000003,23.0
11605,2012,17.0,buddh,False,,False,0.0,False,perez,Mexican,sauber,8,24,66.0,0.0,,116,0,6,1.1000000000000083,22.0
7969,2003,10.0,magny_cours,False,0.0,False,0.0,False,montoya,Colombian,williams,2,2,39.0,1.0,4.0,82,2,2,0.0999999999999943,27.0
12733,2015,13.0,marina_bay,False,0.0,False,0.0,False,max_verstappen,Dutch,toro_rosso,8,8,26.0,0.0,12.0,35,0,7,1.8999999999999917,17.0
,2004,9.0,indianapolis,True,0.0,False,0.0,False,massa,Brazilian,sauber,15,18,5.0,0.0,11.0,15,,5,2.5,23.0
9413,2007,9.0,silverstone,True,0.0,True,0.0,False,hamilton,British,mclaren,1,3,64.0,2.0,1.0,114,4,11,0.0,22.0
5952,1997,16.0,suzuka,False,0.0,False,0.0,False,frentzen,German,williams,6,2,35.0,1.0,3.0,112,8,1,0.5,30.0
5504,1996,10.0,silverstone,True,0.0,,0.0,False,michael_schumacher,German,ferrari,3,Auto%#,26.0,1.0,3.0,35,1,2,0.7999999999999972,27.0
391,1984,1.0,jacarepagua,False,0.0,True,0.0,False,brundle,British,tyrrell,18,9,0.0,0.0,0.0,0,0,0,7.799999999999997,24.0
6487,1999,7.0,magny_cours,False,0.0,,1.0,False,wurz,Austrian,benetton,13,16,1.0,0.0,11.0,,0,4,5.899999999999992,25.0
5454,1996,8.0,villeneuve,True,0.0,False,0.0,False,salo,Finnish,tyrrell,14,14,5.0,0.0,12.0,5,0,8,2.0,29.0
5291,1995,17.0,adelaide,,0.0,False,0.0,False,wendlinger,Austrian,sauber,18,21,0.0,0.0,27.0,18,0,7,4.099999999999994,26.0
,1987,12.0,estoril,False,,True,0.0,False,fabi,Italian,benetton,10,4,7.0,0.0,9.0,17,0,5,2.9000000000000057,32.0
11307,,5.0,catalunya,,0.0,False,0.0,False,ricciardo,Australian,toro_rosso,15,13,2.0,0.0,,6,0,9,1.1000000000000083,22.0
,1986,10.0,hockenheimring,False,0.0,True,0.0,False,nannini,Italian,minardi,22,19,0.0,0.0,26.0,0,0,13,7.400000000000006,27.0
8956,2006,6.0,catalunya,True,0.0,False,0.0,False,raikkonen,Finnish,,9,5,23.0,,3.0,38,0,3,1.4000000000000057,26.0
5985,1997,17.0,jerez,True,0.0,False,0.0,False,fontana,Argentine,sauber,18,14,0.0,0.0,24.0,16,0,7,2.200000000000003,22.0
10505,2010,9.0,valencia,False,,False,0.0,False,bruno_senna,Brazilian,hrt,24,20,0.0,0.0,23.0,0,0,11,5.300000000000011,26.0
9961,2008,18.0,interlagos,False,0.0,False,1.0,False,button,British,honda,17,13,3.0,0.0,18.0,14,0,9,0.3999999999999915,28.0
11369,2012,8.0,Auto%#,True,0.0,False,0.0,False,michael_schumacher,German,Auto%#,12,3,2.0,0.0,18.0,69,1,5,0.7000000000000028,43.0
14492,2019,,americas,True,0.0,False,0.0,False,russell,British,williams,18,17,0.0,0.0,,1,0,10,3.4000000000000057,21.0
7708,2002,13.0,hungaroring,True,,False,0.0,False,button,British,renault,9,18,11.0,0.0,7.0,15,0,4,1.9000000000000057,22.0
1996,1988,1.0,jacarepagua,True,0.0,False,0.0,True,sala,Spanish,minardi,20,12,0.0,0.0,0.0,0,,0,6.400000000000006,28.0
10320,2010,1.0,bahrain,True,0.0,False,0.0,False,,Japanese,sauber,16,22,,0.0,0.0,0,0,0,2.200000000000003,23.0
6460,1999,6.0,villeneuve,True,0.0,False,0.0,False,frentzen,German,jordan,6,11,13.0,0.0,4.0,16,0,3,0.9000000000000057,32.0
5703,1997,4.0,,False,0.0,False,0.0,False,herbert,British,sauber,7,16,3.0,0.0,9.0,,0,7,1.4000000000000057,32.0
1497,1986,14.0,estoril,False,0.0,True,0.0,False,mansell,British,williams,2,1,61.0,,1.0,117,8,1,0.7999999999999972,33.0
12761,2015,14.0,suzuka,False,0.0,False,0.0,False,massa,Brazilian,williams,,17,97.0,0.0,6.0,198,0,3,0.7000000000000028,34.0
4557,1994,4.0,monaco,True,0.0,False,0.0,False,,Australian,simtek,22,16,0.0,0.0,21.0,0,0,13,6.1000000000000085,28.0
13380,2017,4.0,sochi,False,0.0,False,0.0,False,max_verstappen,Dutch,red_bull,7,5,25.0,0.0,5.0,47,0,3,2.0,19.0
4590,1994,5.0,catalunya,True,0.0,False,0.0,False,belmondo,French,pacific,26,25,0.0,0.0,,0,0,14,8.799999999999997,31.0
13803,2018,5.0,catalunya,False,,,0.0,True,ericsson,Swedish,sauber,17,13,2.0,0.0,16.0,10,0,9,3.299999999999997,27.0
7014,2000,15.0,indianapolis,False,0.0,False,0.0,False,verstappen,Dutch,arrows,13,18,5.0,,12.0,7,0,7,1.5,28.0
9728,2008,6.0,monaco,False,0.0,False,0.0,False,heidfeld,German,bmw_sauber,12,,20.0,0.0,5.0,44,0,2,0.7000000000000028,31.0
12235,2014,7.0,villeneuve,False,0.0,False,0.0,False,perez,Mexican,force_india,13,11,20.0,0.0,10.0,67,0,4,1.5999999999999943,24.0
6550,1999,10.0,hockenheimring,False,0.0,True,0.0,False,,Finnish,mclaren,1,13,44.0,3.0,1.0,72,,2,0.0,30.0
204,1983,9.0,silverstone,False,0.0,False,0.0,False,tambay,French,ferrari,2,3,27.0,1.0,3.0,44,2,2,0.5999999999999943,34.0
6657,1999,15.0,sepang,False,0.0,True,0.0,False,zanardi,Italian,,16,10,0.0,0.0,19.0,33,0,4,3.200000000000003,32.0
14902,2021,2.0,imola,False,0.0,False,1.0,False,raikkonen,Finnish,alfa,16,13,0.0,0.0,11.0,0,0,7,1.5999999999999943,41.0
14658,2020,7.0,spa,False,0.0,False,0.0,True,albon,Thai,red_bull,5,6,40.0,0.0,6.0,135,1,2,1.0,24.0
7166,2001,5.0,catalunya,False,0.0,False,0.0,False,marques,Brazilian,minardi,22,16,0.0,0.0,16.0,0,0,11,4.299999999999997,25.0
13184,2016,,marina_bay,False,0.0,False,0.0,False,hulkenberg,German,force_india,8,21,46.0,0.0,9.0,108,0,5,1.9000000000000057,29.0
12642,2015,8.0,red_bull_ring,,0.0,False,0.0,False,button,British,mclaren,20,17,4.0,0.0,17.0,4,0,9,4.099999999999994,35.0
218,1983,9.0,silverstone,False,0.0,False,0.0,False,guerrero,Colombian,theodore,21,16,0.0,0.0,27.0,1,0,10,5.799999999999997,24.0
352,1983,14.0,brands_hatch,False,0.0,True,0.0,False,baldi,Italian,alfa,15,21,3.0,0.0,16.0,9,0,7,2.6000000000000085,29.0
5541,1996,12.0,,True,0.0,False,0.0,False,brundle,British,jordan,12,18,3.0,0.0,14.0,14,0,5,2.700000000000003,37.0
3515,1991,11.0,spa,False,0.0,False,0.0,False,michael_schumacher,German,jordan,7,26,0.0,0.0,0.0,13,0,5,3.4000000000000057,22.0
8403,2004,15.0,monza,False,0.0,True,1.0,False,pantano,Italian,jordan,17,17,0.0,0.0,23.0,5,0,9,3.1000000000000085,25.0
9158,2006,15.0,monza,True,0.0,False,0.0,False,coulthard,British,red_bull,14,12,14.0,0.0,12.0,16,0,7,1.0999999999999943,35.0
1933,1987,15.0,suzuka,False,0.0,True,0.0,False,berger,Austrian,ferrari,1,1,18.0,0.0,6.0,26,0,4,0.0,28.0
5832,1997,10.0,hockenheimring,False,0.0,True,0.0,False,salo,Finnish,tyrrell,19,13,2.0,0.0,15.0,2,0,9,,30.0
,2003,7.0,monaco,True,0.0,False,0.0,,pizzonia,Brazilian,jaguar,13,18,0.0,0.0,,4,0,8,1.7999999999999972,22.0
3225,,16.0,adelaide,True,0.0,False,0.0,False,cesaris,Italian,dallara,15,22,0.0,0.0,27.0,0,0,15,3.200000000000003,31.0
7542,2002,6.0,osterreichring,False,0.0,False,0.0,False,michael_schumacher,German,ferrari,3,Auto%#,44.0,4.0,1.0,50,4,1,0.6000000000000085,33.0
12271,2014,9.0,silverstone,False,0.0,False,0.0,True,vettel,German,red_bull,Auto%#,5,,0.0,5.0,143,1,2,,27.0
3780,1992,6.0,monaco,False,,True,0.0,False,brundle,British,benetton,7,5,3.0,0.0,,20,0,2,2.5999999999999943,32.0
5680,1997,3.0,galvez,False,0.0,False,,True,katayama,Japanese,minardi,21,15,0.0,0.0,19.0,0,0,8,3.9000000000000057,33.0
7619,2002,9.0,nurburgring,False,0.0,False,0.0,False,villeneuve,Auto%#,bar,19,12,0.0,0.0,16.0,0,0,11,3.0999999999999943,31.0
10966,2011,10.0,nurburgring,False,0.0,False,1.0,False,massa,Brazilian,ferrari,5,5,52.0,0.0,6.0,164,1,3,0.8000000000000114,30.0
2619,1989,9.0,hockenheimring,False,0.0,False,0.0,True,arnoux,French,ligier,23,11,2.0,0.0,18.0,3,0,12,6.0,
7424,2001,17.0,suzuka,False,0.0,False,0.0,False,alonso,Spanish,minardi,18,11,0.0,0.0,23.0,0,0,11,3.9000000000000057,20.0
10519,2010,10.0,silverstone,True,0.0,False,0.0,False,,German,williams,13,10,1.0,0.0,17.0,20,0,7,2.0,22.0
8290,2004,10.0,magny_cours,True,0.0,False,0.0,False,,Italian,renault,5,4,41.0,1.0,4.0,66,1,2,0.3999999999999915,29.0
5190,1995,13.0,estoril,True,0.0,False,0.0,False,inoue,Japanese,footwork,19,,0.0,0.0,22.0,1,0,9,4.400000000000006,32.0
11875,2013,10.0,hungaroring,True,,False,0.0,False,hamilton,British,mercedes,1,1,99.0,0.0,4.0,183,2,2,0.0,28.0
8860,2006,1.0,bahrain,False,0.0,True,0.0,False,ide,Japanese,super_aguri,21,Auto%#,0.0,0.0,0.0,0,0,0,8.899999999999991,31.0
1413,1986,10.0,hockenheimring,False,0.0,True,0.0,False,alliot,French,ligier,14,22,0.0,0.0,0.0,25,0,4,3.0,32.0
6981,2000,14.0,monza,True,0.0,False,0.0,False,salo,Finnish,sauber,15,7,6.0,0.0,11.0,6,0,7,1.5,33.0
7748,2002,15.0,monza,False,0.0,True,0.0,False,rosa,Spanish,jaguar,8,18,0.0,0.0,20.0,4,0,8,1.7000000000000028,31.0
11418,2012,10.0,hockenheimring,True,0.0,False,0.0,False,,German,red_bull,2,5,100.0,1.0,3.0,216,3,1,0.4000000000000057,25.0
13536,2017,12.0,spa,False,0.0,True,0.0,True,raikkonen,Finnish,ferrari,4,,116.0,0.0,5.0,318,4,2,0.7000000000000028,37.0
,2002,11.0,,True,0.0,False,0.0,False,coulthard,British,mclaren,6,3,26.0,1.0,5.0,37,1,3,0.5,31.0
14696,2020,9.0,mugello,True,0.0,False,0.0,False,ricciardo,Australian,renault,,4,41.0,0.0,10.0,71,0,5,1.4000000000000057,31.0
6214,1998,11.0,hockenheimring,False,0.0,Auto%#,0.0,True,villeneuve,Canadian,williams,3,3,12.0,0.0,7.0,20,0,4,0.6000000000000085,27.0
10636,2010,15.0,marina_bay,False,0.0,False,0.0,False,kubica,Polish,renault,8,7,108.0,0.0,8.0,127,,5,1.1999999999999886,25.0
1054,1985,12.0,monza,False,0.0,True,0.0,False,angelis,Italian,team_lotus,6,6,30.0,1.0,3.0,49,2,3,0.9000000000000057,
10466,2010,8.0,,True,,False,0.0,False,webber,Australian,,7,5,93.0,2.0,1.0,171,3,2,0.3000000000000113,33.0
8481,2005,1.0,albert_park,False,0.0,False,0.0,True,karthikeyan,Indian,jordan,12,15,0.0,0.0,0.0,0,0,0,15.599999999999994,28.0
2173,1988,8.0,silverstone,False,1.0,False,1.0,False,cheever,American,arrows,13,7,,0.0,13.0,9,0,,2.9000000000000057,30.0
14286,2019,9.0,red_bull_ring,False,0.0,False,0.0,False,hamilton,British,mercedes,4,5,187.0,6.0,1.0,338,8,1,0.2999999999999971,34.0
8003,2003,11.0,silverstone,True,0.0,False,0.0,True,wilson,British,minardi,18,16,,0.0,,0,0,10,4.299999999999997,24.0
11765,2013,5.0,catalunya,True,0.0,False,0.0,False,alonso,Spanish,ferrari,5,1,47.0,1.0,4.0,77,1,3,0.5,31.0
6024,1998,2.0,interlagos,False,0.0,False,0.0,,alesi,French,sauber,15,9,,0.0,0.0,1,0,4,2.300000000000012,33.0
7987,2003,10.0,magny_cours,False,0.0,False,0.0,False,button,British,bar,14,20,10.0,0.0,10.0,13,0,5,2.0999999999999943,23.0
2547,1989,6.0,villeneuve,False,1.0,False,1.0,False,gugelmin,Brazilian,march,17,17,4.0,0.0,10.0,4,0,8,2.9000000000000057,26.0
14453,2019,17.0,suzuka,True,0.0,False,,False,russell,British,williams,18,16,0.0,0.0,20.0,1,0,10,3.300000000000012,21.0
11141,2011,,buddh,True,0.0,True,,False,bruno_senna,Brazilian,renault,14,12,2.0,0.0,18.0,72,0,Auto%#,2.5,28.0
3124,1990,12.0,monza,True,0.0,False,0.0,False,pirro,Italian,dallara,19,22,0.0,0.0,24.0,0,0,14,4.5,28.0
,1999,13.0,monza,True,0.0,True,0.0,False,villeneuve,Canadian,bar,11,8,0.0,0.0,23.0,0,0,10,1.7999999999999972,28.0
3102,1990,11.0,spa,False,0.0,True,0.0,False,barilla,Italian,minardi,25,26,0.0,0.0,25.0,0,0,11,5.5,29.0
5983,1997,17.0,,True,0.0,False,0.0,False,salo,Finnish,tyrrell,21,12,2.0,0.0,18.0,2,0,10,3.1000000000000085,30.0
4627,1994,7.0,magny_cours,True,0.0,False,0.0,False,blundell,British,tyrrell,17,10,4.0,0.0,8.0,8,,6,2.1000000000000085,28.0
10354,2010,3.0,sepang,False,0.0,,0.0,False,buemi,Swiss,toro_rosso,13,11,0.0,0.0,18.0,0,0,8,-0.0999999999999943,21.0
8330,2004,12.0,,True,0.0,False,0.0,False,coulthard,British,mclaren,4,4,14.0,0.0,9.0,32,0,5,0.5,33.0
6204,1998,10.0,osterreichring,True,0.0,False,0.0,False,fisichella,Italian,benetton,1,15,15.0,0.0,6.0,32,0,3,0.0,25.0
8189,2004,5.0,catalunya,True,0.0,False,0.0,Auto%#,barrichello,Brazilian,ferrari,5,2,24.0,0.0,2.0,64,4,1,1.2999999999999972,31.0
3175,1990,14.0,jerez,True,0.0,False,0.0,False,tarquini,Italian,ags,22,22,0.0,0.0,0.0,0,0,16,4.099999999999994,28.0
15010,2021,8.0,red_bull_ring,False,0.0,False,0.0,False,,Finnish,mercedes,5,3,59.0,0.0,5.0,178,3,2,0.2000000000000028,31.0
4557,1994,4.0,monaco,True,0.0,False,0.0,False,brabham,Australian,simtek,22,16,0.0,0.0,21.0,0,0,13,6.1000000000000085,28.0
7587,2002,8.0,villeneuve,True,0.0,False,0.0,False,coulthard,British,mclaren,8,2,20.0,1.0,4.0,24,1,3,1.6000000000000083,31.0
7423,2001,17.0,suzuka,False,0.0,False,0.0,False,villeneuve,Canadian,bar,14,,12.0,0.0,7.0,17,0,6,2.5999999999999943,30.0
7981,,10.0,magny_cours,False,0.0,False,0.0,False,wilson,British,minardi,20,14,0.0,0.0,20.0,0,0,10,4.599999999999994,24.0
4032,1992,15.0,suzuka,False,0.0,False,0.0,True,michael_schumacher,German,benetton,5,23,47.0,1.0,3.0,77,1,3,3.5,23.0
11924,2013,12.0,monza,False,0.0,False,,True,rosberg,German,mercedes,6,6,96.0,2.0,6.0,235,3,2,0.4000000000000057,28.0
2322,1988,13.0,estoril,True,0.0,False,0.0,False,,Swedish,Auto%#,24,26,0.0,0.0,22.0,0,0,14,4.599999999999994,32.0
3898,1992,10.0,hockenheimring,False,0.0,True,0.0,False,,British,team_lotus,11,19,2.0,0.0,14.0,7,0,5,4.599999999999994,28.0
3544,1991,13.0,estoril,True,0.0,False,0.0,False,alesi,French,ferrari,6,3,14.0,0.0,7.0,39,0,3,1.9000000000000057,27.0
9948,2008,17.0,shanghai,False,0.0,True,0.0,False,trulli,Italian,toyota,7,20,30.0,0.0,9.0,50,0,5,1.6000000000000083,34.0
9134,2006,14.0,istanbul,True,0.0,False,0.0,False,webber,Australian,williams,9,10,6.0,0.0,15.0,10,0,8,2.5,30.0
5166,,12.0,monza,True,0.0,Auto%#,0.0,False,badoer,Italian,minardi,18,15,0.0,0.0,,0,0,10,5.099999999999994,24.0
4489,1994,,interlagos,True,,False,0.0,False,beretta,Monegasque,larrousse,23,25,0.0,0.0,0.0,0,0,0,3.5,24.0
6662,1999,15.0,sepang,False,0.0,True,0.0,False,badoer,Italian,minardi,21,15,,0.0,,1,0,Auto%#,4.599999999999994,28.0
8946,2006,5.0,nurburgring,False,0.0,False,0.0,False,montagny,French,super_aguri,21,17,0.0,0.0,0.0,0,0,11,16.700000000000003,28.0
255,1983,11.0,osterreichring,False,0.0,True,0.0,False,arnoux,French,ferrari,2,2,28.0,2.0,4.0,59,3,1,0.0,35.0
154,1983,7.0,detroit,True,0.0,False,0.0,False,laffite,French,williams,20,5,8.0,0.0,9.0,24,1,4,4.5,39.0
6293,1998,14.0,,True,0.0,False,0.0,False,coulthard,British,mclaren,4,18,48.0,1.0,3.0,125,7,1,0.7000000000000028,27.0
11107,2011,,yeongam,False,0.0,False,1.0,False,hamilton,British,mclaren,1,2,178.0,2.0,5.0,388,5,,0.0,26.0
1877,1987,12.0,estoril,False,0.0,True,0.0,False,campos,Spanish,minardi,20,23,0.0,0.0,26.0,0,0,14,6.0,27.0
9574,2007,16.0,shanghai,False,0.0,False,1.0,False,fisichella,Italian,renault,18,11,21.0,0.0,8.0,51,0,3,1.3999999999999917,34.0
13356,2017,3.0,bahrain,False,0.0,Auto%#,0.0,False,vettel,German,ferrari,3,1,43.0,1.0,1.0,65,1,2,0.4000000000000057,29.0
4964,1995,4.0,catalunya,True,0.0,False,0.0,False,brundle,British,ligier,11,9,0.0,0.0,,0,0,6,3.200000000000003,35.0
12958,2016,5.0,catalunya,False,,False,0.0,False,massa,Brazilian,williams,18,8,32.0,0.0,6.0,51,0,4,2.9000000000000057,35.0
11788,,6.0,monaco,,0.0,False,0.0,False,vettel,German,red_bull,3,2,89.0,2.0,1.0,131,2,1,0.0999999999999943,25.0
14394,2019,14.0,monza,False,0.0,False,0.0,True,grosjean,French,haas,13,16,8.0,0.0,17.0,26,0,9,1.5,33.0
10190,2009,12.0,spa,True,0.0,False,0.0,False,barrichello,Brazilian,brawn,4,7,54.0,1.0,,126,7,1,0.2000000000000028,37.0
15085,2021,11.0,hungaroring,False,0.0,,1.0,False,vettel,German,aston_martin,10,20,30.0,0.0,10.0,48,0,6,1.3999999999999917,34.0
12374,2014,14.0,marina_bay,False,0.0,False,0.0,False,vettel,German,red_bull,4,2,106.0,0.0,6.0,272,3,2,0.2000000000000028,27.0
,2020,3.0,hungaroring,False,0.0,False,1.0,True,stroll,Canadian,racing_point,Auto%#,4,6.0,0.0,,22,0,4,1.0,21.0
2496,1989,4.0,rodriguez,True,0.0,False,0.0,False,warwick,British,arrows,10,18,4.0,0.0,7.0,4,0,6,2.6999999999999886,34.0
2126,1988,6.0,detroit,True,0.0,False,0.0,False,modena,Italian,eurobrun,19,12,0.0,0.0,,0,0,16,4.700000000000003,25.0
9471,2007,11.0,hungaroring,False,0.0,False,0.0,False,barrichello,Brazilian,honda,18,18,0.0,0.0,18.0,1,0,8,2.1000000000000085,35.0
10593,2010,13.0,spa,False,0.0,False,1.0,False,buemi,Swiss,toro_rosso,,12,7.0,0.0,16.0,10,0,9,3.4000000000000057,21.0
12989,2016,6.0,monaco,False,0.0,True,1.0,False,kevin_magnussen,Danish,renault,16,19,6.0,0.0,14.0,6,0,9,2.5,23.0
4862,1994,16.0,adelaide,True,0.0,False,0.0,True,lagorce,French,ligier,20,11,0.0,0.0,0.0,11,0,8,3.0,26.0
1559,1986,16.0,Auto%#,True,0.0,False,0.0,False,tambay,French,lola,17,11,2.0,0.0,14.0,,0,7,4.599999999999994,37.0
3586,1991,14.0,,True,0.0,False,0.0,False,comas,French,ligier,25,19,0.0,0.0,28.0,0,0,14,4.6000000000000085,28.0
5821,1997,10.0,hockenheimring,False,0.0,True,0.0,False,michael_schumacher,German,ferrari,4,2,47.0,3.0,1.0,65,3,1,0.2999999999999971,28.0
2059,1988,3.0,monaco,True,0.0,True,0.0,False,tarquini,Italian,coloni,24,23,0.0,0.0,21.0,0,0,14,6.299999999999997,26.0
5835,1997,10.0,hockenheimring,False,0.0,True,0.0,False,katayama,Japanese,minardi,22,16,0.0,0.0,24.0,0,0,11,4.599999999999994,34.0
4885,1995,1.0,interlagos,False,0.0,False,0.0,True,suzuki,Japanese,ligier,15,8,0.0,0.0,0.0,0,0,0,2.9000000000000057,34.0
9730,2008,6.0,monaco,False,0.0,False,0.0,False,rosberg,German,williams,6,16,8.0,0.0,10.0,13,0,4,0.7000000000000028,22.0
2059,1988,3.0,monaco,True,0.0,True,0.0,False,tarquini,Italian,coloni,24,23,0.0,0.0,,0,0,14,,26.0
5866,1997,12.0,spa,False,0.0,False,0.0,False,frentzen,German,williams,7,3,19.0,,5.0,72,6,,1.2000000000000028,30.0
12115,2014,1.0,albert_park,False,0.0,False,0.0,False,ricciardo,Australian,red_bull,2,22,0.0,0.0,0.0,0,0,0,0.2999999999999971,24.0
4682,1994,9.0,hockenheimring,True,0.0,False,0.0,False,coulthard,British,williams,6,13,4.0,0.0,15.0,43,2,2,1.5,
5747,1997,6.0,catalunya,True,0.0,False,0.0,False,diniz,Brazilian,arrows,21,16,0.0,0.0,,0,0,11,4.5,27.0
14253,2019,7.0,villeneuve,False,0.0,False,0.0,False,sainz,Spanish,mclaren,11,11,18.0,0.0,7.0,30,0,4,3.799999999999997,24.0
4417,1993,,suzuka,False,0.0,False,0.0,True,senna,Brazilian,mclaren,2,1,53.0,3.0,,60,3,3,0.0999999999999943,33.0
14018,2018,16.0,sochi,False,0.0,False,0.0,False,grosjean,French,haas,9,11,27.0,0.0,14.0,76,0,5,2.299999999999997,32.0
6057,1998,3.0,galvez,False,0.0,False,0.0,True,salo,Finnish,arrows,17,20,0.0,0.0,0.0,0,0,0,3.6999999999999886,31.0
12446,2014,17.0,americas,False,0.0,False,0.0,False,vergne,French,toro_rosso,14,10,21.0,0.0,13.0,29,0,7,3.200000000000003,24.0
12959,2016,5.0,catalunya,False,0.0,False,0.0,False,button,British,mclaren,12,9,1.0,0.0,16.0,10,0,7,2.299999999999997,36.0
6575,1999,11.0,,False,0.0,False,0.0,False,alesi,French,sauber,11,16,1.0,0.0,16.0,4,0,7,1.2000000000000028,35.0
2386,1988,16.0,adelaide,True,,,0.0,True,ghinzani,Italian,zakspeed,26,12,0.0,0.0,0.0,0,0,,4.599999999999994,36.0
13606,2017,15.0,sepang,False,0.0,False,0.0,True,gasly,French,toro_rosso,15,14,0.0,0.0,0.0,52,0,6,2.5,21.0
12702,2015,11.0,spa,False,0.0,False,,False,sainz,,toro_rosso,10,17,9.0,0.0,16.0,31,0,7,2.5999999999999943,20.0
9614,2008,1.0,albert_park,True,0.0,False,0.0,,bourdais,French,toro_rosso,17,7,0.0,0.0,0.0,0,0,0,0.7000000000000028,29.0
7648,2002,10.0,silverstone,False,0.0,False,0.0,False,salo,Finnish,toyota,,19,2.0,0.0,14.0,2,0,9,2.0,35.0
3282,1991,3.0,imola,False,0.0,True,1.0,False,senna,Brazilian,mclaren,1,1,20.0,2.0,1.0,24,2,1,0.0,31.0
3337,1991,5.0,villeneuve,True,0.0,,0.0,False,cesaris,Italian,jordan,11,4,0.0,0.0,28.0,0,0,12,2.4000000000000057,32.0
13330,2017,1.0,albert_park,False,0.0,,0.0,False,alonso,Spanish,mclaren,,14,0.0,0.0,0.0,,0,0,3.200000000000003,35.0
12875,2016,1.0,albert_park,False,0.0,False,0.0,False,kevin_magnussen,Danish,renault,14,12,0.0,0.0,0.0,0,0,0,,23.0
1340,1986,8.0,ricard,False,0.0,,0.0,False,mansell,British,williams,2,1,29.0,2.0,3.0,48,3,1,0.2999999999999971,32.0
1023,1985,11.0,zandvoort,True,0.0,False,0.0,False,lauda,Austrian,mclaren,10,1,5.0,0.0,12.0,55,4,2,2.0,36.0
10399,2010,5.0,catalunya,False,0.0,True,0.0,False,barrichello,Brazilian,williams,17,9,5.0,0.0,13.0,6,0,7,3.0999999999999943,37.0
3743,1992,4.0,catalunya,False,0.0,True,1.0,False,gugelmin,Brazilian,jordan,17,20,0.0,0.0,19.0,0,0,12,4.5,29.0
6496,1999,8.0,silverstone,False,0.0,True,0.0,False,ralf_schumacher,German,williams,8,3,15.0,0.0,5.0,15,0,4,1.6000000000000083,24.0
10573,2010,12.0,hungaroring,False,0.0,False,0.0,False,glock,German,virgin,18,16,0.0,0.0,24.0,0,,12,5.299999999999997,28.0
11549,2012,15.0,suzuka,True,0.0,False,0.0,False,glock,German,marussia,18,Auto%#,0.0,0.0,19.0,0,0,10,4.400000000000006,30.0
12622,2015,7.0,villeneuve,False,0.0,False,0.0,False,stevens,British,manor,17,17,0.0,0.0,19.0,0,0,10,4.799999999999997,23.0
10614,2010,14.0,monza,True,0.0,False,0.0,False,michael_schumacher,German,,12,,44.0,0.0,10.0,146,0,4,1.4000000000000057,41.0
10518,,10.0,silverstone,True,0.0,False,0.0,False,michael_schumacher,German,mercedes,10,9,34.0,0.0,,109,0,4,1.8000000000000114,
13475,2017,9.0,Auto%#,False,0.0,False,0.0,True,vettel,German,ferrari,2,2,153.0,3.0,1.0,226,3,2,0.0,30.0
10255,2009,15.0,suzuka,False,,True,0.0,False,liuzzi,Italian,force_india,18,14,0.0,0.0,22.0,13,0,9,-0.1000000000000085,29.0
6347,1999,1.0,albert_park,True,0.0,True,0.0,False,takagi,Japanese,arrows,17,7,0.0,0.0,0.0,0,0,0,3.700000000000003,25.0
13357,2017,3.0,bahrain,False,0.0,False,0.0,False,hamilton,British,mercedes,2,2,43.0,1.0,2.0,66,1,1,0.0,32.0
10659,2010,16.0,suzuka,True,0.0,False,0.0,False,michael_schumacher,German,mercedes,10,6,46.0,0.0,10.0,168,0,4,1.0,41.0
6442,1999,5.0,catalunya,False,0.0,True,0.0,False,diniz,Brazilian,sauber,12,15,0.0,0.0,0.0,1,0,9,1.2000000000000028,29.0
2582,1989,7.0,ricard,True,,False,0.0,False,,Brazilian,mclaren,2,26,27.0,3.0,2.0,56,4,1,0.0,29.0
2027,,2.0,imola,True,0.0,False,0.0,False,alliot,French,larrousse,15,17,0.0,0.0,13.0,0,0,10,5.6000000000000085,33.0
1617,1987,2.0,imola,True,0.0,False,0.0,False,tarquini,Italian,osella,25,20,0.0,0.0,0.0,0,0,11,8.799999999999997,25.0
3295,1991,3.0,imola,False,0.0,True,1.0,Auto%#,gachot,Belgian,jordan,,16,0.0,0.0,16.0,0,0,11,3.799999999999997,28.0
12675,2015,10.0,hungaroring,False,0.0,False,0.0,False,ericsson,Swedish,sauber,17,10,5.0,0.0,,21,0,7,2.799999999999997,24.0
13712,2018,,Auto%#,,0.0,Auto%#,0.0,False,hamilton,British,mercedes,1,2,0.0,0.0,0.0,0,0,0,0.0,33.0
3057,1990,10.0,hungaroring,False,0.0,True,0.0,False,donnelly,British,team_lotus,18,7,0.0,0.0,19.0,1,0,10,2.6999999999999886,26.0
,2021,7.0,ricard,False,0.0,False,0.0,False,ricciardo,Australian,mclaren,,6,26.0,0.0,10.0,92,0,4,1.4000000000000057,31.0
,1988,9.0,hockenheimring,False,1.0,,1.0,False,cheever,American,arrows,Auto%#,10,1.0,0.0,14.0,10,0,5,6.6000000000000085,30.0
9914,2008,16.0,fuji,False,0.0,False,0.0,True,vettel,German,toro_rosso,9,6,27.0,1.0,8.0,31,1,6,1.1999999999999886,21.0
961,1985,8.0,silverstone,False,0.0,False,0.0,True,keke_rosberg,Finnish,williams,1,18,18.0,1.0,4.0,23,1,4,0.0,36.0
9021,2006,9.0,villeneuve,True,0.0,False,0.0,False,massa,Brazilian,ferrari,10,5,24.0,0.0,6.0,75,,2,2.299999999999997,25.0
10709,2010,18.0,interlagos,False,0.0,False,0.0,False,hulkenberg,German,williams,1,8,18.0,0.0,15.0,65,0,7,0.0,23.0
2292,1988,,monza,True,0.0,False,0.0,False,martini,Italian,minardi,14,22,1.0,0.0,17.0,1,0,10,4.099999999999994,27.0
8001,2003,11.0,silverstone,True,0.0,False,,True,webber,Australian,jaguar,11,14,12.0,0.0,,12,0,6,1.3999999999999917,26.0
7653,2002,11.0,magny_cours,True,0.0,False,0.0,False,coulthard,British,mclaren,6,3,26.0,1.0,,37,1,3,0.5,
,1992,7.0,villeneuve,,0.0,True,0.0,False,alesi,French,ferrari,Auto%#,3,7.0,0.0,6.0,9,0,4,2.0,28.0
2416,1989,1.0,,True,0.0,False,,False,cheever,American,arrows,24,16,0.0,0.0,0.0,0,0,0,5.400000000000006,31.0
13171,2016,15.0,marina_bay,False,0.0,False,0.0,False,perez,Mexican,force_india,17,8,,0.0,8.0,108,0,5,,26.0
3981,1992,13.0,monza,True,0.0,False,0.0,False,hakkinen,Finnish,team_lotus,,24,9.0,0.0,8.0,11,0,5,,23.0
7605,2002,8.0,villeneuve,True,0.0,False,0.0,False,rosa,Spanish,jaguar,16,20,0.0,0.0,19.0,3,0,7,2.299999999999997,31.0
14431,2019,16.0,,False,0.0,False,0.0,True,gasly,French,toro_rosso,16,14,69.0,0.0,6.0,55,0,6,2.4000000000000057,23.0
2715,1989,13.0,estoril,,0.0,False,0.0,False,johansson,,onyx,12,3,2.0,0.0,20.0,2,0,14,2.5999999999999943,33.0
974,1985,9.0,nurburgring,False,0.0,True,0.0,False,lauda,Austrian,mclaren,12,5,3.0,0.0,15.0,38,3,2,2.299999999999997,36.0
7530,2002,5.0,catalunya,False,0.0,False,0.0,,salo,Finnish,toyota,17,9,2.0,0.0,11.0,2,0,8,2.5,35.0
5431,1996,7.0,catalunya,False,0.0,False,1.0,False,brundle,British,jordan,15,11,1.0,0.0,14.0,8,,6,2.700000000000003,37.0
14180,2019,3.0,shanghai,False,0.0,False,0.0,False,sainz,Spanish,mclaren,14,14,0.0,0.0,20.0,,0,5,2.0,24.0
9161,2006,15.0,monza,True,0.0,False,0.0,False,ralf_schumacher,German,toyota,13,15,18.0,0.0,10.0,28,0,5,0.7999999999999972,31.0
11793,2013,6.0,monaco,True,0.0,Auto%#,0.0,False,alonso,Spanish,ferrari,6,7,72.0,2.0,3.0,117,2,2,0.8999999999999915,31.0
1342,1986,8.0,ricard,False,0.0,True,0.0,False,piquet,Brazilian,Auto%#,3,3,19.0,1.0,4.0,48,3,,0.2999999999999971,33.0
11184,2011,19.0,interlagos,True,0.0,False,0.0,False,rosberg,German,mercedes,6,7,83.0,0.0,7.0,159,0,4,1.0999999999999943,26.0
347,1983,14.0,brands_hatch,False,0.0,True,0.0,False,tambay,French,ferrari,6,,40.0,1.0,4.0,89,4,1,1.1000000000000083,34.0
113,1983,5.0,monaco,False,0.0,,1.0,False,surer,Swiss,arrows,12,10,4.0,0.0,10.0,4,0,6,3.5,31.0
7112,2001,3.0,interlagos,False,0.0,True,1.0,False,fisichella,Italian,benetton,18,6,0.0,0.0,18.0,0,0,10,2.4000000000000057,28.0
11224,2012,2.0,sepang,False,0.0,False,,True,alonso,Spanish,ferrari,8,1,10.0,,5.0,10,0,4,1.3999999999999917,30.0
2785,1989,15.0,suzuka,False,0.0,False,0.0,True,capelli,Italian,march,17,21,0.0,0.0,30.0,4,0,12,4.700000000000003,
2612,1989,9.0,hockenheimring,False,0.0,False,0.0,True,patrese,Italian,williams,5,4,22.0,0.0,3.0,35,1,2,2.200000000000003,35.0
509,,6.0,monaco,False,0.0,False,1.0,False,alboreto,Italian,ferrari,4,6,9.0,1.0,7.0,22,1,2,0.2000000000000028,27.0
5538,,12.0,hungaroring,True,0.0,False,0.0,False,lamy,Portuguese,minardi,Auto%#,15,0.0,0.0,18.0,,0,10,4.6000000000000085,24.0
10791,2011,2.0,sepang,False,0.0,True,,False,trulli,,lotus_racing,20,20,0.0,0.0,13.0,0,0,7,3.899999999999992,36.0
3967,1992,13.0,monza,True,0.0,False,0.0,False,wendlinger,Austrian,march,17,10,3.0,0.0,12.0,3,,9,3.0999999999999943,23.0
8123,2004,1.0,albert_park,False,0.0,True,0.0,False,heidfeld,German,jordan,15,16,0.0,,0.0,0,0,0,3.799999999999997,26.0
5138,1995,11.0,spa,False,0.0,False,1.0,False,boullion,French,sauber,14,11,2.0,0.0,14.0,9,0,7,4.0,25.0
,1992,4.0,catalunya,False,0.0,True,1.0,False,boutsen,Belgian,ligier,14,24,0.0,0.0,17.0,0,0,8,4.399999999999992,34.0
11881,2013,10.0,hungaroring,True,0.0,False,0.0,False,button,British,mclaren,13,7,33.0,0.0,10.0,49,0,6,1.3999999999999917,33.0
7247,2001,9.0,nurburgring,False,0.0,False,0.0,False,villeneuve,Canadian,bar,11,9,7.0,0.0,7.0,12,0,6,1.4000000000000057,30.0
7947,2003,8.0,villeneuve,True,0.0,False,0.0,True,frentzen,German,sauber,10,20,7.0,0.0,11.0,8,0,7,1.4000000000000057,36.0
13066,2016,10.0,silverstone,False,0.0,True,1.0,False,massa,Brazilian,Auto%#,12,11,38.0,0.0,9.0,92,0,4,2.700000000000003,35.0
11673,2012,20.0,interlagos,False,0.0,False,1.0,False,grosjean,French,lotus_f1,18,21,96.0,0.0,8.0,302,1,4,4.5,26.0
7748,2002,15.0,monza,False,0.0,True,0.0,Auto%#,rosa,Spanish,jaguar,8,18,0.0,0.0,20.0,4,0,8,1.7000000000000028,31.0
,2013,17.0,yas_marina,True,0.0,False,0.0,,hamilton,British,mercedes,4,,169.0,1.0,4.0,313,3,2,0.5,28.0
7902,2003,6.0,osterreichring,False,0.0,False,1.0,True,fisichella,Italian,jordan,9,14,10.0,1.0,8.0,11,1,5,1.0,30.0
7619,2002,9.0,nurburgring,False,0.0,False,0.0,False,villeneuve,Canadian,bar,19,12,0.0,0.0,16.0,0,0,11,3.0999999999999943,31.0
10511,2010,10.0,silverstone,True,0.0,False,0.0,False,hamilton,British,mclaren,4,2,127.0,2.0,1.0,248,4,1,1.0,25.0
1590,1987,1.0,jacarepagua,True,0.0,False,0.0,False,cesaris,Italian,brabham,13,16,0.0,0.0,0.0,0,0,0,6.300000000000011,27.0
273,1983,11.0,osterreichring,False,0.0,True,0.0,False,baldi,Italian,alfa,9,20,1.0,0.0,16.0,7,0,7,1.8999999999999917,29.0
127,1983,6.0,spa,False,0.0,False,0.0,False,piquet,Brazilian,brabham,4,4,21.0,1.0,1.0,21,1,3,1.0,30.0
10618,2010,14.0,monza,True,0.0,False,0.0,False,petrov,Russian,Auto%#,20,13,19.0,0.0,13.0,123,0,5,1.7999999999999972,26.0
3545,1991,13.0,estoril,True,0.0,False,,Auto%#,martini,Italian,minardi,,4,3.0,0.0,13.0,3,0,8,2.4000000000000057,30.0
11229,2012,2.0,sepang,False,0.0,False,1.0,True,bruno_senna,Brazilian,williams,13,6,0.0,0.0,16.0,0,0,9,1.5999999999999943,28.0
5421,1996,7.0,catalunya,False,0.0,False,1.0,False,michael_schumacher,German,ferrari,3,1,16.0,0.0,3.0,25,0,2,0.8999999999999915,27.0
11871,2013,9.0,nurburgring,True,0.0,False,0.0,False,chilton,British,marussia,21,19,0.0,0.0,21.0,0,0,10,4.699999999999989,22.0
11630,2012,,americas,False,0.0,False,0.0,False,vettel,German,red_bull,1,2,255.0,5.0,1.0,422,7,1,0.0,25.0
10228,2009,14.0,marina_bay,True,,True,0.0,False,,Brazilian,brawn,9,6,66.0,2.0,2.0,146,8,1,0.8999999999999915,37.0
6102,1998,5.0,catalunya,True,0.0,False,0.0,False,diniz,Brazilian,arrows,15,21,0.0,,0.0,0,0,9,,27.0
10989,2011,11.0,hungaroring,False,0.0,False,1.0,False,hamilton,British,mclaren,2,4,134.0,2.0,3.0,243,3,2,0.2000000000000028,
7198,2001,7.0,monaco,True,0.0,False,0.0,False,villeneuve,Canadian,bar,9,4,4.0,0.0,10.0,9,0,6,1.6999999999999886,30.0
10179,2009,11.0,valencia,True,0.0,True,0.0,False,alguersuari,Spanish,toro_rosso,19,16,0.0,0.0,21.0,5,0,9,0.4000000000000057,19.0
3449,1991,9.0,hockenheimring,True,0.0,False,0.0,False,blundell,British,brabham,21,12,,0.0,25.0,0,0,15,5.1000000000000085,25.0
12902,2016,2.0,bahrain,False,0.0,False,0.0,False,sainz,Spanish,toro_rosso,11,18,,0.0,9.0,3,0,7,2.299999999999997,21.0
4819,1994,14.0,jerez,True,0.0,False,0.0,,mansell,British,williams,3,20,0.0,0.0,0.0,89,5,1,0.6000000000000085,41.0
5884,1997,12.0,spa,False,0.0,False,0.0,False,barrichello,Brazilian,stewart,12,21,6.0,0.0,14.0,6,0,9,2.200000000000003,25.0
3696,1992,2.0,rodriguez,False,0.0,False,0.0,False,wendlinger,Austrian,march,19,25,0.0,0.0,0.0,0,0,0,3.9000000000000057,23.0
14425,2019,16.0,sochi,False,0.0,False,0.0,True,norris,British,mclaren,7,8,31.0,0.0,12.0,89,0,4,1.7000000000000028,19.0
1623,1987,3.0,spa,False,1.0,False,0.0,True,prost,French,mclaren,6,1,9.0,1.0,2.0,16,1,2,2.200000000000003,32.0
11948,2013,13.0,marina_bay,False,0.0,True,,False,perez,Mexican,mclaren,14,8,18.0,0.0,12.0,66,0,5,2.0,23.0
9496,2007,12.0,istanbul,True,0.0,False,0.0,False,sutil,German,spyker,19,21,0.0,0.0,21.0,0,0,10,2.6000000000000085,24.0
4376,1993,13.0,monza,True,0.0,False,0.0,False,prost,French,williams,1,12,81.0,7.0,1.0,129,9,1,0.0,38.0
348,1983,14.0,brands_hatch,,0.0,True,0.0,False,alboreto,Italian,tyrrell,26,17,10.0,1.0,,12,,6,5.400000000000006,26.0
6453,1999,6.0,villeneuve,True,0.0,False,0.0,False,ralf_schumacher,German,williams,13,4,9.0,0.0,6.0,9,,4,1.7999999999999972,23.0
6146,1998,8.0,magny_cours,True,0.0,False,0.0,False,michael_schumacher,German,ferrari,2,1,34.0,2.0,2.0,53,2,2,0.2999999999999971,29.0
868,1985,,monaco,False,0.0,True,0.0,False,tambay,French,renault,17,20,10.0,0.0,3.0,10,0,4,2.5,35.0
7389,2001,15.0,monza,False,0.0,False,0.0,False,coulthard,British,mclaren,6,20,57.0,2.0,2.0,81,3,2,0.8999999999999915,30.0
12847,2015,19.0,yas_marina,,0.0,False,,False,raikkonen,Finnish,ferrari,3,3,135.0,0.0,5.0,401,3,2,0.8999999999999915,36.0
11353,2012,7.0,villeneuve,False,0.0,True,0.0,False,resta,British,force_india,8,11,21.0,0.0,11.0,28,0,8,0.9000000000000057,26.0
10913,2011,7.0,villeneuve,False,0.0,False,1.0,False,hamilton,British,,5,24,,1.0,2.0,161,1,2,0.5999999999999943,26.0
,2001,15.0,monza,False,0.0,False,0.0,False,heidfeld,German,,8,11,11.0,0.0,8.0,20,0,,1.2000000000000028,24.0
9241,,1.0,albert_park,True,0.0,False,0.0,False,rosberg,German,,12,7,0.0,0.0,0.0,0,0,0,0.8000000000000114,21.0
13160,2016,14.0,monza,True,0.0,False,0.0,False,kvyat,Russian,toro_rosso,16,19,23.0,,14.0,45,0,7,2.700000000000003,22.0
,2019,12.0,hungaroring,True,0.0,Auto%#,0.0,False,hamilton,British,mercedes,3,1,225.0,7.0,1.0,409,9,1,0.2000000000000028,34.0
9056,2006,10.0,indianapolis,True,0.0,False,0.0,False,webber,Australian,williams,12,Auto%#,6.0,0.0,13.0,10,0,7,1.5,29.0
6680,1999,,suzuka,False,0.0,True,0.0,False,wurz,Austrian,benetton,15,10,3.0,0.0,13.0,16,0,6,2.799999999999997,25.0
2370,1988,15.0,suzuka,False,1.0,False,1.0,False,mansell,British,williams,8,22,12.0,0.0,9.0,,0,7,2.0,35.0
7564,2002,7.0,monaco,False,0.0,False,0.0,False,coulthard,British,mclaren,2,1,10.0,0.0,,14,0,3,0.3999999999999915,31.0
3318,1991,4.0,monaco,False,0.0,True,0.0,False,lehto,Auto%#,dallara,21,11,4.0,0.0,6.0,4,0,6,3.799999999999997,25.0
13155,2016,14.0,monza,True,0.0,False,0.0,False,alonso,Spanish,mclaren,12,14,30.0,0.0,11.0,48,0,6,2.200000000000003,35.0
11367,2012,8.0,valencia,True,0.0,False,0.0,False,alonso,Spanish,ferrari,11,1,86.0,1.0,2.0,,1,4,0.6000000000000085,30.0
9817,2008,11.0,hungaroring,False,0.0,False,0.0,False,piquet_jr,Brazilian,renault,10,6,10.0,0.0,11.0,23,0,6,,23.0
2619,1989,9.0,hockenheimring,False,0.0,False,0.0,,arnoux,French,ligier,23,11,2.0,0.0,18.0,3,0,12,6.0,41.0
5510,1996,11.0,hockenheimring,,0.0,True,0.0,,barrichello,Brazilian,jordan,9,6,10.0,0.0,9.0,13,0,,1.5999999999999943,24.0
9058,2006,10.0,indianapolis,True,0.0,False,0.0,Auto%#,klien,Austrian,red_bull,16,21,1.0,0.0,16.0,9,0,8,2.1000000000000085,23.0
12286,2014,9.0,silverstone,False,0.0,False,0.0,True,gutierrez,Mexican,sauber,19,,0.0,0.0,20.0,0,0,10,5.1000000000000085,22.0
1740,1987,7.0,silverstone,True,0.0,False,0.0,False,ghinzani,Italian,ligier,19,26,0.0,0.0,19.0,1,0,10,6.300000000000011,35.0
2421,1989,1.0,jacarepagua,True,0.0,False,,False,larini,Italian,osella,19,21,0.0,0.0,0.0,0,0,0,4.799999999999997,25.0
5127,1995,10.0,hungaroring,True,0.0,False,0.0,False,hakkinen,Finnish,mclaren,5,24,5.0,0.0,10.0,10,0,6,1.4000000000000057,26.0
909,1985,6.0,detroit,True,1.0,False,0.0,False,mansell,British,williams,2,16,5.0,0.0,8.0,8,0,5,1.1000000000000083,31.0
11189,2011,19.0,interlagos,True,0.0,False,0.0,False,buemi,Swiss,toro_rosso,14,12,15.0,0.0,15.0,41,0,8,2.0,23.0
13103,2016,12.0,hockenheimring,False,0.0,True,0.0,True,raikkonen,Finnish,ferrari,5,6,114.0,0.0,4.0,224,0,2,0.6999999999999886,36.0
11188,2011,19.0,interlagos,True,0.0,False,0.0,False,alguersuari,Spanish,toro_rosso,13,11,26.0,0.0,,41,0,8,1.8999999999999917,21.0
5485,1996,10.0,silverstone,True,0.0,False,0.0,False,villeneuve,Canadian,williams,2,1,38.0,1.0,2.0,101,7,1,0.1999999999999886,25.0
999,1985,10.0,osterreichring,False,0.0,True,0.0,False,alboreto,Italian,ferrari,9,3,46.0,2.0,1.0,65,2,1,2.0,28.0
10333,2010,,albert_park,False,0.0,Auto%#,1.0,True,rosa,,sauber,14,12,0.0,0.0,18.0,0,0,10,1.7999999999999972,39.0
10408,2010,5.0,catalunya,False,0.0,True,0.0,False,glock,German,virgin,22,18,0.0,0.0,23.0,0,0,12,5.5,28.0
3631,1991,16.0,adelaide,False,0.0,,,False,lehto,Finnish,dallara,11,12,4.0,0.0,12.0,5,0,8,2.9000000000000057,25.0
12557,2015,4.0,,False,0.0,False,0.0,False,alonso,Spanish,mclaren,14,11,0.0,0.0,17.0,0,0,9,2.4000000000000057,33.0
2048,1988,3.0,monaco,True,0.0,True,0.0,False,alliot,French,larrousse,13,12,0.0,0.0,19.0,0,0,9,4.5,
8918,2006,4.0,imola,True,0.0,False,0.0,False,rosberg,German,williams,13,11,2.0,0.0,13.0,5,0,7,1.2000000000000028,20.0
11164,2011,18.0,yas_marina,True,0.0,True,0.0,False,perez,Mexican,sauber,11,11,14.0,0.0,16.0,41,0,7,2.4000000000000057,21.0
14502,2019,20.0,interlagos,,0.0,False,0.0,False,hamilton,British,mercedes,3,7,381.0,,1.0,695,14,1,0.2000000000000028,34.0
10429,2010,6.0,monaco,False,0.0,True,0.0,False,kovalainen,Finnish,lotus_racing,18,16,0.0,0.0,19.0,0,,10,3.299999999999997,28.0
11423,2012,10.0,hockenheimring,True,0.0,False,0.0,False,rosberg,German,,21,10,75.0,1.0,6.0,98,1,5,1.0,27.0
13531,2017,11.0,hungaroring,True,0.0,False,0.0,Auto%#,grosjean,French,haas,14,19,18.0,0.0,13.0,29,0,7,2.5,31.0
12711,2015,12.0,monza,False,0.0,False,0.0,False,perez,Auto%#,force_india,7,6,25.0,,11.0,49,0,6,1.1999999999999886,25.0
10052,2009,5.0,catalunya,True,0.0,False,0.0,False,massa,Brazilian,,4,6,0.0,0.0,15.0,,0,9,0.4000000000000057,28.0
985,1985,9.0,Auto%#,,0.0,True,0.0,,fabi,Italian,toleman,1,16,0.0,0.0,26.0,0,0,14,0.0,30.0
7466,2002,2.0,sepang,True,0.0,True,0.0,False,sato,Japanese,jordan,15,9,0.0,0.0,0.0,0,0,0,2.799999999999997,25.0
3237,1991,1.0,phoenix,False,0.0,False,0.0,False,tarquini,Italian,ags,22,8,0.0,0.0,0.0,0,0,0,5.5,29.0
11117,2011,16.0,yeongam,False,0.0,False,,False,barrichello,Auto%#,williams,18,12,4.0,0.0,17.0,5,0,9,3.700000000000003,39.0
13734,2018,2.0,bahrain,False,0.0,False,0.0,False,gasly,French,toro_rosso,5,4,0.0,0.0,18.0,,0,9,1.2999999999999972,22.0
13443,2017,7.0,villeneuve,True,0.0,,0.0,False,stroll,Canadian,williams,17,9,0.0,,18.0,20,0,6,2.700000000000003,18.0
10622,2010,14.0,monza,True,0.0,False,0.0,False,glock,German,virgin,Auto%#,17,0.0,0.0,24.0,0,0,12,3.9000000000000057,28.0
8281,2004,9.0,indianapolis,True,0.0,False,0.0,False,,German,williams,6,15,12.0,0.0,7.0,36,0,4,0.8999999999999915,28.0
1434,1986,11.0,hungaroring,False,,False,0.0,False,nannini,Italian,minardi,17,17,0.0,0.0,27.0,0,0,13,4.200000000000003,27.0
9670,2008,3.0,bahrain,False,0.0,True,0.0,False,piquet_jr,Brazilian,renault,14,20,0.0,0.0,14.0,6,0,5,-0.2999999999999971,22.0
4250,1993,8.0,magny_cours,False,0.0,False,0.0,False,warwick,British,footwork,15,13,0.0,0.0,18.0,0,0,10,3.1999999999999886,38.0
8444,2004,17.0,suzuka,True,0.0,False,0.0,,coulthard,British,mclaren,8,18,24.0,0.0,,58,1,5,2.700000000000003,33.0
2019,1988,2.0,imola,True,,,0.0,False,warwick,British,arrows,14,9,3.0,0.0,4.0,3,0,4,5.400000000000006,33.0
719,1984,14.0,monza,False,0.0,True,0.0,False,manfred_winkelhock,German,ats,21,,0.0,0.0,22.0,0,0,13,6.300000000000011,32.0
1513,1986,14.0,estoril,False,0.0,True,0.0,False,berger,Austrian,benetton,4,17,8.0,0.0,10.0,10,0,6,1.0,27.0
13324,2017,1.0,Auto%#,,0.0,False,0.0,False,sainz,Spanish,toro_rosso,Auto%#,8,0.0,0.0,0.0,0,,0,2.299999999999997,22.0
3801,1992,6.0,monaco,False,0.0,True,0.0,False,martini,Italian,dallara,18,Auto%#,2.0,0.0,11.0,2,0,8,4.0,31.0
4493,1994,,okayama,True,0.0,False,0.0,False,barrichello,Brazilian,jordan,8,3,3.0,0.0,4.0,3,0,4,2.200000000000003,
5104,1995,10.0,hungaroring,True,0.0,False,0.0,False,damon_hill,British,williams,1,1,,2.0,2.0,58,2,2,0.0,
12552,2015,4.0,bahrain,False,0.0,Auto%#,0.0,False,ricciardo,Australian,red_bull,7,6,11.0,0.0,8.0,13,0,5,1.2000000000000028,25.0
9528,2007,14.0,spa,True,0.0,True,0.0,False,kubica,Polish,bmw_sauber,14,9,33.0,0.0,6.0,86,0,2,1.0,22.0
165,1983,7.0,detroit,True,0.0,False,0.0,False,cesaris,Italian,alfa,8,16,0.0,0.0,24.0,1,0,9,2.799999999999997,24.0
10466,,8.0,villeneuve,True,0.0,False,0.0,False,webber,Australian,red_bull,7,5,93.0,2.0,1.0,171,3,2,0.3000000000000113,33.0
11566,2012,16.0,yeongam,True,0.0,False,0.0,False,ricciardo,Australian,toro_rosso,21,,7.0,0.0,18.0,15,0,9,1.8999999999999917,23.0
2569,1989,7.0,ricard,True,0.0,False,0.0,False,gachot,Belgian,onyx,11,13,0.0,0.0,0.0,0,0,17,1.8999999999999917,26.0
13713,2018,1.0,albert_park,True,0.0,False,0.0,False,raikkonen,Finnish,ferrari,2,3,0.0,0.0,0.0,0,0,0,0.5999999999999943,38.0
12801,2015,16.0,americas,False,0.0,False,0.0,False,,Brazilian,williams,7,17,109.0,0.0,6.0,220,0,3,3.200000000000003,34.0
2831,1990,1.0,phoenix,False,1.0,False,0.0,True,barilla,Italian,minardi,14,15,,0.0,0.0,0,0,0,2.5,28.0
9641,2008,2.0,sepang,False,,False,0.0,True,barrichello,Brazilian,honda,14,13,0.0,0.0,0.0,0,0,0,-0.1000000000000085,35.0
473,1984,4.0,imola,False,0.0,False,0.0,False,lauda,Austrian,mclaren,5,20,9.0,1.0,4.0,24,2,1,1.7999999999999972,35.0
12846,2015,19.0,yas_marina,False,0.0,False,0.0,False,hamilton,British,Auto%#,2,2,363.0,10.0,,660,15,1,,30.0
4448,1993,16.0,adelaide,True,0.0,False,0.0,False,patrese,Italian,benetton,9,8,20.0,0.0,5.0,72,1,3,2.6999999999999886,39.0
12838,2015,18.0,interlagos,False,0.0,False,0.0,False,button,British,mclaren,16,14,16.0,0.0,16.0,27,0,9,2.1000000000000085,35.0
7489,2002,3.0,interlagos,False,0.0,False,0.0,False,,Canadian,bar,15,10,0.0,0.0,14.0,0,0,9,1.7000000000000028,30.0
7035,2000,16.0,suzuka,False,0.0,False,0.0,False,ralf_schumacher,German,williams,6,17,24.0,0.0,5.0,34,0,3,1.0,25.0
11265,2012,3.0,shanghai,False,0.0,False,,True,glock,German,marussia,20,19,0.0,0.0,17.0,0,0,10,4.200000000000003,30.0
6135,1998,7.0,villeneuve,False,1.0,False,0.0,True,,British,jordan,,12,0.0,0.0,15.0,0,0,8,1.5,37.0
12872,2016,1.0,albert_park,False,0.0,False,0.0,False,sainz,Spanish,toro_rosso,7,9,0.0,0.0,0.0,0,0,0,1.7999999999999972,21.0
10541,2010,11.0,hockenheimring,,0.0,False,0.0,False,rosberg,German,mercedes,9,8,90.0,0.0,6.0,126,0,4,1.4000000000000057,25.0
9350,2007,6.0,villeneuve,True,0.0,False,0.0,False,sato,Japanese,super_aguri,11,6,1.0,0.0,13.0,1,0,7,1.0,30.0
7735,2002,15.0,monza,False,0.0,,0.0,False,button,British,renault,17,5,11.0,0.0,7.0,15,0,4,2.4000000000000057,22.0
1181,1986,1.0,jacarepagua,True,0.0,True,0.0,False,prost,French,mclaren,9,13,0.0,0.0,0.0,0,0,0,2.5999999999999943,31.0
10011,2009,3.0,shanghai,False,0.0,False,1.0,False,kovalainen,Finnish,mclaren,12,5,0.0,0.0,20.0,1,0,8,-0.2000000000000028,27.0
11523,2012,14.0,marina_bay,True,0.0,False,0.0,False,hulkenberg,German,force_india,11,14,31.0,0.0,14.0,63,0,7,1.5999999999999943,25.0
10986,2011,11.0,hungaroring,False,0.0,False,1.0,False,button,British,,3,1,109.0,1.0,5.0,243,3,2,,31.0
1996,1988,1.0,jacarepagua,True,0.0,False,0.0,True,sala,Spanish,minardi,Auto%#,12,0.0,0.0,0.0,0,0,0,6.400000000000006,28.0
11132,2011,17.0,buddh,True,0.0,True,0.0,False,alonso,Spanish,ferrari,3,3,212.0,1.0,3.0,310,1,3,0.2999999999999971,30.0
2095,1988,5.0,villeneuve,True,0.0,False,0.0,False,warwick,British,arrows,16,7,8.0,0.0,6.0,9,0,,4.0,33.0
2918,1990,4.0,monaco,True,0.0,False,0.0,False,modena,Italian,brabham,14,24,2.0,0.0,10.0,2,0,6,2.6000000000000085,27.0
,1988,13.0,estoril,True,0.0,False,0.0,False,martini,Italian,minardi,14,20,1.0,0.0,17.0,1,0,10,3.299999999999997,27.0
9597,2007,17.0,interlagos,False,0.0,False,0.0,False,sato,Japanese,super_aguri,18,12,4.0,0.0,17.0,4,0,9,2.1999999999999886,
4472,1994,1.0,interlagos,True,0.0,False,0.0,False,martini,Italian,minardi,15,8,0.0,0.0,0.0,0,0,0,2.700000000000003,32.0
1403,1986,10.0,hockenheimring,False,0.0,True,0.0,False,berg,Auto%#,osella,26,12,0.0,0.0,28.0,0,0,12,15.0,24.0
1626,1987,3.0,spa,False,1.0,Auto%#,0.0,True,cheever,American,arrows,11,4,0.0,0.0,19.0,0,0,10,3.9000000000000057,
10141,2009,9.0,nurburgring,True,0.0,False,0.0,True,trulli,Italian,toyota,14,17,0.0,0.0,,0,0,3,,34.0
6307,1998,15.0,nurburgring,False,0.0,True,0.0,False,,French,sauber,11,10,9.0,0.0,11.0,10,0,6,1.9000000000000057,34.0
563,1984,8.0,detroit,True,0.0,False,0.0,False,cecotto,Venezuelan,Auto%#,Auto%#,17,0.0,0.0,,5,0,8,,28.0
1686,1987,5.0,detroit,True,0.0,False,1.0,False,ghinzani,Italian,ligier,23,14,0.0,,17.0,1,0,10,8.200000000000003,35.0
549,1984,8.0,detroit,True,0.0,False,0.0,False,fabi,Italian,brabham,23,3,0.0,0.0,23.0,9,1,6,7.0,29.0
4181,1993,5.0,catalunya,True,0.0,False,0.0,False,damon_hill,British,williams,2,,12.0,0.0,3.0,36,2,1,0.5,32.0
14602,2020,,silverstone,False,0.0,False,0.0,True,vettel,German,ferrari,10,10,9.0,0.0,10.0,27,0,5,2.0,33.0
4020,1992,15.0,suzuka,False,0.0,False,0.0,True,katayama,Japanese,larrousse,20,11,,0.0,,1,0,11,6.099999999999994,29.0
2992,1990,7.0,ricard,True,0.0,False,0.0,False,satoru_nakajima,Japanese,tyrrell,15,20,1.0,0.0,14.0,14,0,5,2.1999999999999886,37.0
331,1983,13.0,monza,False,0.0,True,0.0,False,cesaris,Italian,alfa,6,26,6.0,0.0,11.0,9,0,7,2.200000000000003,24.0
6879,2000,9.0,magny_cours,False,0.0,False,0.0,False,gene,Spanish,minardi,21,15,0.0,0.0,,0,0,10,2.5,26.0
309,1983,13.0,monza,False,0.0,,0.0,False,tambay,French,ferrari,2,4,37.0,1.0,4.0,80,4,1,0.6000000000000085,34.0
6707,2000,1.0,albert_park,False,0.0,False,0.0,False,alesi,French,prost,17,16,0.0,0.0,0.0,0,0,0,2.6000000000000085,35.0
366,1983,15.0,kyalami,False,0.0,Auto%#,0.0,False,boutsen,Belgian,arrows,20,9,0.0,0.0,21.0,4,0,10,5.1000000000000085,26.0
14064,2018,18.0,americas,False,0.0,False,0.0,False,grosjean,French,haas,8,17,31.0,0.0,13.0,84,0,5,2.0999999999999943,32.0
3036,1990,9.0,hockenheimring,True,0.0,False,,False,lehto,Finnish,onyx,25,12,0.0,0.0,25.0,0,0,12,6.700000000000003,24.0
9015,2006,8.0,,True,0.0,False,0.0,False,ralf_schumacher,German,toyota,7,21,8.0,0.0,9.0,8,0,7,0.7999999999999972,30.0
10272,2009,,Auto%#,False,0.0,True,0.0,True,grosjean,French,renault,13,13,0.0,0.0,23.0,26,0,7,,23.0
6016,1998,2.0,interlagos,False,,False,0.0,,hakkinen,Finnish,mclaren,1,1,10.0,1.0,1.0,16,1,1,0.0,29.0
9029,2006,9.0,villeneuve,True,0.0,False,0.0,False,liuzzi,Italian,toro_rosso,15,13,0.0,0.0,18.0,0,0,9,1.1999999999999886,25.0
3484,1991,10.0,hungaroring,True,0.0,False,0.0,False,lehto,Finnish,dallara,12,21,4.0,0.0,11.0,5,0,7,3.9000000000000057,25.0
4637,1994,7.0,magny_cours,True,0.0,False,0.0,False,morbidelli,Italian,footwork,22,20,0.0,0.0,29.0,,0,8,2.6000000000000085,26.0
11461,2012,11.0,hungaroring,True,0.0,False,0.0,False,michael_schumacher,German,mercedes,17,24,29.0,0.0,12.0,,1,5,1.7000000000000028,43.0
1419,1986,11.0,hungaroring,False,0.0,False,0.0,False,senna,Brazilian,team_lotus,1,2,42.0,2.0,3.0,42,2,Auto%#,0.0,26.0
10996,2011,11.0,hungaroring,False,0.0,False,1.0,False,kobayashi,Japanese,sauber,13,11,27.0,0.0,11.0,,0,6,2.6000000000000085,24.0
5617,1996,16.0,suzuka,True,0.0,True,0.0,False,katayama,Japanese,tyrrell,14,15,0.0,0.0,17.0,5,0,8,3.799999999999997,33.0
442,1984,3.0,zolder,False,0.0,False,0.0,False,brundle,British,tyrrell,22,13,0.0,0.0,17.0,0,0,12,5.799999999999997,24.0
578,1984,9.0,dallas,True,0.0,False,0.0,False,manfred_winkelhock,German,ats,13,8,0.0,0.0,22.0,0,0,14,2.9000000000000057,32.0
1991,1988,1.0,jacarepagua,True,0.0,False,0.0,True,boutsen,Belgian,benetton,7,7,0.0,0.0,0.0,0,0,0,2.0,30.0
11778,2013,5.0,catalunya,True,0.0,False,0.0,False,maldonado,Venezuelan,williams,17,14,0.0,0.0,17.0,0,,9,2.5999999999999943,28.0
476,1984,4.0,imola,False,0.0,False,0.0,False,mansell,British,team_lotus,18,23,0.0,0.0,20.0,6,0,5,6.0,30.0
12284,2014,9.0,silverstone,False,0.0,False,0.0,True,rosberg,German,mercedes,1,18,165.0,3.0,1.0,301,7,1,0.0,29.0
13151,2016,14.0,monza,True,0.0,False,0.0,False,hulkenberg,German,force_india,9,10,45.0,0.0,9.0,103,0,Auto%#,1.7000000000000028,29.0
3127,,12.0,monza,True,,False,0.0,False,martini,Italian,minardi,15,25,,0.0,19.0,0,0,11,3.799999999999997,29.0
6360,1999,1.0,albert_park,True,0.0,,0.0,False,damon_hill,British,jordan,9,20,0.0,0.0,0.0,,0,0,2.200000000000003,38.0
3514,1991,11.0,spa,False,0.0,False,0.0,False,gugelmin,Brazilian,leyton,15,25,0.0,0.0,23.0,1,0,10,4.799999999999997,28.0
11029,2011,12.0,spa,False,0.0,True,0.0,False,,Mexican,sauber,9,,8.0,0.0,15.0,35,0,6,3.1000000000000085,21.0
3947,1992,,spa,False,0.0,False,1.0,False,,Italian,minardi,23,,0.0,0.0,18.0,0,0,12,7.599999999999994,24.0
13089,2016,,hungaroring,True,0.0,False,0.0,False,gutierrez,Mexican,haas,15,Auto%#,0.0,0.0,19.0,28,0,8,6.200000000000003,24.0
1200,1986,2.0,jerez,True,0.0,True,0.0,False,boutsen,Belgian,arrows,19,7,0.0,0.0,11.0,0,0,7,5.6000000000000085,28.0
11033,2011,12.0,spa,False,0.0,True,0.0,False,alguersuari,Spanish,toro_rosso,6,24,10.0,0.0,14.0,22,0,8,2.5,21.0
14910,2021,3.0,portimao,False,0.0,False,0.0,False,max_verstappen,Dutch,red_bull,3,2,43.0,1.0,2.0,53,1,2,0.4000000000000057,23.0
2354,1988,15.0,suzuka,False,1.0,False,1.0,False,patrese,Italian,williams,11,6,4.0,0.0,14.0,16,0,7,2.6999999999999886,34.0
14210,2019,5.0,catalunya,False,0.0,False,0.0,False,kevin_magnussen,Danish,,8,7,8.0,0.0,10.0,8,0,8,1.5,26.0
9844,2008,12.0,valencia,True,0.0,False,0.0,False,button,British,honda,16,13,3.0,0.0,17.0,14,0,8,-0.0999999999999943,28.0
14433,2019,16.0,sochi,False,0.0,False,0.0,True,kubica,Polish,williams,18,16,1.0,0.0,19.0,1,0,10,4.900000000000006,34.0
8809,2005,18.0,suzuka,False,,True,,True,ralf_schumacher,German,toyota,1,8,38.0,0.0,8.0,,0,4,0.0,30.0
222,1983,9.0,silverstone,False,0.0,False,0.0,False,ghinzani,Italian,osella,26,20,0.0,0.0,30.0,0,0,15,7.0,31.0
9699,2008,5.0,istanbul,True,0.0,False,0.0,False,,German,bmw_sauber,9,5,16.0,0.0,5.0,35,0,2,1.3000000000000114,31.0
3482,1991,10.0,hungaroring,True,0.0,False,0.0,,blundell,British,brabham,20,19,0.0,0.0,25.0,0,0,15,4.900000000000006,25.0
9400,2007,8.0,magny_cours,False,0.0,False,0.0,True,webber,Australian,red_bull,14,12,2.0,0.0,14.0,6,0,6,0.7999999999999972,30.0
14893,2021,2.0,imola,False,0.0,False,1.0,False,leclerc,Monegasque,ferrari,,4,8.0,0.0,6.0,12,0,4,0.2999999999999971,23.0
1947,1987,15.0,suzuka,False,0.0,True,0.0,False,piquet,Brazilian,williams,5,15,73.0,3.0,1.0,137,9,1,1.0999999999999943,35.0
10193,2009,12.0,spa,True,0.0,False,0.0,False,glock,German,toyota,7,10,16.0,0.0,10.0,0,0,5,0.4000000000000057,27.0
400,1984,1.0,,False,,True,0.0,False,,Italian,osella,21,18,0.0,0.0,0.0,0,0,,8.399999999999991,32.0
3475,1991,10.0,hungaroring,True,0.0,Auto%#,0.0,False,modena,Italian,tyrrell,,12,9.0,0.0,8.0,11,0,6,3.6000000000000085,28.0
5186,1995,13.0,estoril,,0.0,Auto%#,,False,barrichello,Brazilian,jordan,8,11,8.0,0.0,10.0,14,0,7,2.0,23.0
7088,2001,2.0,sepang,False,0.0,True,1.0,False,frentzen,German,jordan,9,4,2.0,0.0,5.0,2,0,4,,33.0
14127,2018,21.0,yas_marina,False,0.0,False,0.0,False,hulkenberg,German,renault,10,20,69.0,0.0,,114,0,4,1.7000000000000028,
7400,2001,16.0,indianapolis,False,0.0,False,0.0,False,button,British,benetton,10,9,2.0,0.0,17.0,10,0,7,1.0999999999999943,21.0
8026,2003,12.0,hockenheimring,True,0.0,False,0.0,False,raikkonen,Finnish,mclaren,5,19,62.0,1.0,2.0,95,2,3,0.7000000000000028,23.0
14714,2020,10.0,sochi,True,0.0,False,0.0,False,max_verstappen,Dutch,Auto%#,2,2,110.0,1.0,3.0,173,1,2,0.6000000000000085,22.0
9509,2007,13.0,monza,True,0.0,False,0.0,False,fisichella,Italian,renault,15,12,17.0,0.0,8.0,36,0,3,1.2999999999999972,34.0
508,,6.0,monaco,False,0.0,False,,False,angelis,Italian,Auto%#,11,5,12.0,0.0,5.0,16,0,Auto%#,1.7000000000000028,26.0
12630,2015,8.0,red_bull_ring,False,0.0,False,0.0,Auto%#,bottas,Finnish,williams,6,5,57.0,0.0,5.0,104,0,3,0.7999999999999972,
14723,2020,10.0,sochi,True,0.0,False,0.0,False,giovinazzi,Auto%#,alfa,17,11,2.0,0.0,17.0,4,0,8,3.299999999999997,26.0
9979,2009,1.0,albert_park,True,0.0,False,0.0,False,vettel,German,red_bull,3,13,0.0,0.0,0.0,0,,0,0.5999999999999943,21.0
13893,2018,,silverstone,True,0.0,False,0.0,False,raikkonen,Finnish,ferrari,3,3,,0.0,3.0,247,3,1,0.0999999999999943,38.0
,2016,11.0,hungaroring,True,0.0,False,0.0,False,rosberg,German,mercedes,1,2,168.0,5.0,1.0,335,9,1,0.0,31.0
14843,2020,16.0,bahrain,True,0.0,False,0.0,False,giovinazzi,Italian,alfa,14,13,4.0,0.0,17.0,8,0,8,1.0,26.0
1505,1986,14.0,estoril,False,0.0,,0.0,False,dumfries,British,team_lotus,15,9,2.0,0.0,13.0,50,2,3,4.899999999999992,28.0
2608,1989,8.0,silverstone,True,0.0,False,0.0,False,moreno,Brazilian,coloni,23,26,0.0,0.0,0.0,0,0,17,3.300000000000012,30.0
459,1984,4.0,imola,False,0.0,False,0.0,False,warwick,British,renault,4,4,10.0,0.0,2.0,12,0,Auto%#,1.2000000000000028,29.0
9236,2007,1.0,albert_park,True,0.0,False,0.0,False,alonso,Spanish,mclaren,2,2,0.0,0.0,0.0,0,0,0,0.4000000000000057,25.0
4268,1993,9.0,silverstone,False,0.0,True,0.0,False,warwick,British,footwork,8,6,0.0,0.0,19.0,0,0,10,3.799999999999997,38.0
9738,2008,7.0,villeneuve,True,0.0,False,0.0,False,glock,German,toyota,11,4,0.0,0.0,17.0,9,0,6,0.0999999999999943,26.0
3032,1990,9.0,hockenheimring,True,0.0,False,0.0,False,warwick,British,team_lotus,16,8,1.0,0.0,14.0,1,0,10,5.0,35.0
10070,2009,6.0,monaco,True,0.0,False,0.0,False,massa,Brazilian,ferrari,5,4,3.0,0.0,,6,0,7,0.5,28.0
8402,2004,15.0,monza,False,0.0,True,1.0,False,alonso,Spanish,renault,4,16,45.0,0.0,5.0,91,,2,0.5,23.0
5017,1995,6.0,villeneuve,True,0.0,False,0.0,True,brundle,British,ligier,,10,0.0,0.0,20.0,1,0,,2.5999999999999943,36.0
5368,1996,4.0,nurburgring,False,0.0,True,0.0,False,rosset,Brazilian,footwork,20,11,0.0,0.0,17.0,1,0,8,,27.0
12931,2016,4.0,sochi,False,,False,0.0,False,raikkonen,Finnish,ferrari,3,3,28.0,0.0,,61,0,2,1.2999999999999972,36.0
7741,2002,15.0,monza,False,0.0,True,0.0,False,salo,Finnish,toyota,10,11,2.0,0.0,16.0,2,0,10,2.0,35.0
12299,2014,10.0,hockenheimring,False,0.0,False,0.0,True,raikkonen,Finnish,ferrari,12,11,19.0,0.0,12.0,106,0,3,1.7999999999999972,34.0
1599,1987,2.0,imola,True,0.0,False,0.0,False,senna,Brazilian,team_lotus,,2,0.0,0.0,14.0,0,0,5,0.0,27.0
12894,2016,2.0,bahrain,False,0.0,,0.0,False,bottas,Finnish,williams,6,9,4.0,0.0,8.0,14,0,3,1.7000000000000028,26.0
3873,1992,9.0,silverstone,False,0.0,True,0.0,False,alesi,French,ferrari,8,20,11.0,0.0,6.0,13,,4,4.700000000000003,28.0
4057,1992,16.0,adelaide,False,0.0,False,0.0,True,gugelmin,Brazilian,jordan,20,22,0.0,0.0,22.0,0,,13,4.099999999999994,29.0
10199,2009,12.0,spa,True,0.0,False,0.0,False,trulli,Italian,toyota,2,16,0.0,0.0,8.0,0,0,5,0.1000000000000085,
,2010,15.0,marina_bay,False,0.0,False,0.0,False,buemi,Swiss,toro_rosso,13,14,7.0,0.0,16.0,10,0,9,3.0999999999999943,21.0
8786,2005,17.0,interlagos,False,0.0,False,0.0,False,michael_schumacher,German,ferrari,7,4,55.0,1.0,3.0,90,1,3,1.0,36.0
3197,1990,15.0,suzuka,True,0.0,False,0.0,False,capelli,Italian,leyton,13,18,6.0,0.0,10.0,7,0,6,4.099999999999994,
9347,2007,6.0,villeneuve,True,0.0,False,0.0,False,wurz,Austrian,williams,19,,2.0,0.0,,7,0,4,2.3999999999999915,33.0
11503,2012,13.0,monza,False,0.0,True,0.0,False,rosa,Spanish,hrt,23,18,0.0,0.0,24.0,0,0,12,3.5999999999999943,41.0
9693,2008,4.0,catalunya,True,0.0,False,0.0,False,sutil,German,force_india,20,21,0.0,0.0,21.0,0,0,,1.4000000000000057,25.0
10893,2011,7.0,villeneuve,False,0.0,False,1.0,,webber,Australian,red_bull,4,3,79.0,0.0,3.0,222,5,1,0.4000000000000057,34.0
645,1984,12.0,osterreichring,False,0.0,True,0.0,False,lauda,Austrian,mclaren,4,1,39.0,3.0,2.0,0,7,1,0.5,35.0
7384,2001,,monza,False,0.0,False,0.0,False,yoong,Malaysian,minardi,22,15,0.0,0.0,0.0,0,0,11,5.299999999999997,25.0
5102,1995,9.0,hockenheimring,False,0.0,False,0.0,False,salo,Finnish,tyrrell,13,23,0.0,0.0,15.0,0,0,9,3.0999999999999943,28.0
3019,1990,8.0,silverstone,True,0.0,False,0.0,False,patrese,Italian,williams,7,21,10.0,1.0,8.0,21,1,4,1.2999999999999972,36.0
5960,1997,16.0,suzuka,False,0.0,Auto%#,0.0,False,coulthard,British,mclaren,11,10,30.0,2.0,5.0,44,2,4,1.0,26.0
7240,2001,9.0,nurburgring,False,0.0,False,0.0,False,montoya,Colombian,williams,3,2,6.0,0.0,10.0,28,2,3,0.5,
6489,1999,7.0,magny_cours,False,0.0,True,1.0,False,alesi,French,sauber,2,18,1.0,0.0,15.0,2,0,8,0.5,35.0
2125,1988,6.0,detroit,True,0.0,False,0.0,False,alliot,French,larrousse,,11,0.0,0.0,,0,0,9,4.0,33.0
12820,2015,17.0,,False,0.0,False,0.0,False,stevens,,manor,17,16,0.0,0.0,21.0,0,0,10,4.900000000000006,
162,1983,7.0,detroit,True,0.0,False,0.0,False,lauda,Austrian,mclaren,18,13,10.0,0.0,6.0,21,1,5,4.299999999999997,34.0
14628,2020,5.0,silverstone,True,,False,0.0,False,grosjean,French,Auto%#,13,16,0.0,0.0,20.0,1,0,9,2.0999999999999943,34.0
4723,1994,11.0,spa,True,0.0,False,0.0,False,hakkinen,Finnish,mclaren,8,2,8.0,0.0,7.0,17,0,4,,25.0
11380,2012,8.0,Auto%#,True,0.0,False,0.0,False,kovalainen,Finnish,caterham,16,,0.0,0.0,19.0,0,0,10,2.200000000000003,30.0
10223,2009,14.0,marina_bay,True,0.0,True,0.0,False,hamilton,British,mclaren,1,1,27.0,1.0,7.0,47,1,4,0.0,24.0
6266,1998,13.0,spa,False,1.0,False,1.0,False,villeneuve,Canadian,williams,6,13,20.0,0.0,5.0,,0,4,,27.0
401,1984,1.0,jacarepagua,False,0.0,True,0.0,False,hesnault,French,ligier,19,19,0.0,0.0,0.0,0,0,,7.899999999999991,27.0
6414,1999,4.0,monaco,False,0.0,,0.0,False,,Brazilian,stewart,5,9,6.0,0.0,7.0,6,0,5,1.0,26.0
4971,1995,4.0,catalunya,True,0.0,False,0.0,False,katayama,Japanese,tyrrell,17,16,0.0,0.0,14.0,0,0,Auto%#,4.400000000000006,31.0
10074,2009,6.0,monaco,True,0.0,False,0.0,False,bourdais,French,toro_rosso,14,,1.0,0.0,15.0,4,0,9,1.3999999999999917,30.0
2190,,8.0,silverstone,False,1.0,False,1.0,False,cesaris,Italian,rial,14,24,3.0,0.0,9.0,3,0,7,3.300000000000012,29.0
2646,,10.0,hungaroring,False,0.0,False,0.0,True,brundle,British,brabham,15,12,1.0,0.0,24.0,5,0,Auto%#,2.5999999999999943,30.0
13947,2018,12.0,hungaroring,False,0.0,False,0.0,False,leclerc,Monegasque,sauber,17,20,13.0,0.0,15.0,18,0,9,-16.60000000000001,20.0
2495,1989,4.0,rodriguez,True,0.0,False,,Auto%#,mansell,British,ferrari,3,17,9.0,1.0,3.0,9,1,2,1.1999999999999886,35.0
1547,1986,15.0,rodriguez,True,0.0,False,0.0,False,fabi,Italian,benetton,9,24,2.0,0.0,15.0,10,0,6,1.9000000000000057,31.0
13591,2017,14.0,marina_bay,False,0.0,False,,False,max_verstappen,Dutch,red_bull,2,19,68.0,0.0,6.0,212,1,3,0.2999999999999971,19.0
13501,2017,10.0,silverstone,False,0.0,False,0.0,True,perez,Mexican,force_india,6,9,50.0,0.0,6.0,89,0,4,2.300000000000012,27.0
10756,2011,1.0,albert_park,False,0.0,False,0.0,False,massa,Brazilian,ferrari,Auto%#,7,0.0,0.0,0.0,0,0,0,2.0999999999999943,29.0
3059,1990,10.0,hungaroring,False,0.0,True,0.0,False,caffi,Italian,arrows,26,9,2.0,0.0,12.0,2,0,8,4.199999999999989,26.0
14410,2019,15.0,marina_bay,False,0.0,False,0.0,False,sainz,Spanish,mclaren,7,Auto%#,58.0,0.0,,83,0,4,1.5999999999999943,25.0
2754,1989,14.0,jerez,True,0.0,False,0.0,False,sala,,,20,16,1.0,0.0,26.0,5,0,,3.1000000000000085,30.0
2359,1988,15.0,suzuka,False,1.0,False,1.0,,alboreto,Italian,ferrari,9,11,24.0,0.0,4.0,62,1,2,2.0999999999999943,31.0
7977,2003,10.0,magny_cours,False,0.0,False,0.0,False,pizzonia,Brazilian,jaguar,11,10,0.0,0.0,18.0,9,0,8,2.0,22.0
163,1983,7.0,detroit,True,0.0,False,0.0,False,guerrero,Colombian,theodore,,14,0.0,0.0,28.0,1,0,8,3.0,24.0
6562,1999,11.0,hungaroring,False,0.0,False,0.0,False,irvine,British,ferrari,2,3,52.0,3.0,1.0,90,5,1,0.0999999999999943,33.0
2580,1989,7.0,ricard,True,0.0,False,0.0,False,caffi,Italian,dallara,26,24,4.0,0.0,13.0,8,0,5,3.299999999999997,25.0
14268,2019,8.0,ricard,True,0.0,False,,False,raikkonen,Finnish,alfa,12,7,13.0,0.0,11.0,13,0,9,2.200000000000003,39.0
8499,2005,2.0,sepang,False,0.0,False,0.0,False,albers,Dutch,minardi,19,13,0.0,0.0,0.0,0,0,9,15.300000000000011,25.0
8769,2005,16.0,spa,False,0.0,True,,False,ralf_schumacher,German,toyota,5,7,35.0,0.0,7.0,78,0,4,1.0,30.0
7518,2002,4.0,imola,False,,False,0.0,False,frentzen,German,arrows,13,18,0.0,0.0,17.0,0,0,11,,34.0
5179,1995,13.0,estoril,True,0.0,False,0.0,False,berger,Austrian,ferrari,,4,25.0,0.0,6.0,57,1,3,1.5,36.0
14919,2021,3.0,portimao,False,0.0,False,0.0,False,sainz,Spanish,ferrari,5,11,14.0,0.0,6.0,34,0,4,0.7000000000000028,26.0
2409,1989,,jacarepagua,True,0.0,False,0.0,False,grouillard,French,ligier,22,9,0.0,0.0,0.0,0,0,0,5.1000000000000085,30.0
9243,2007,1.0,albert_park,True,0.0,False,0.0,False,,Italian,toyota,8,9,0.0,,0.0,0,0,0,2.300000000000012,32.0
3119,1990,12.0,monza,True,0.0,False,0.0,False,grouillard,French,osella,23,17,0.0,0.0,28.0,0,0,15,5.0,32.0
5338,1996,3.0,galvez,False,0.0,True,0.0,False,alesi,French,benetton,4,3,6.0,0.0,2.0,9,0,2,0.7000000000000028,31.0
10171,2009,11.0,,True,0.0,Auto%#,0.0,False,kubica,Polish,bmw_sauber,10,8,2.0,0.0,15.0,8,0,8,1.0,24.0
1349,1986,8.0,ricard,False,0.0,True,0.0,False,brundle,British,tyrrell,15,10,2.0,0.0,12.0,2,0,7,2.5,27.0
14248,2019,7.0,Auto%#,False,0.0,False,0.0,False,ricciardo,Australian,renault,4,6,8.0,0.0,13.0,14,0,8,0.8999999999999915,29.0
10359,2010,3.0,sepang,False,0.0,True,0.0,False,bruno_senna,Brazilian,hrt,23,16,0.0,0.0,20.0,0,,11,8.0,26.0
5142,1995,11.0,spa,False,0.0,False,1.0,False,katayama,Japanese,tyrrell,15,15,0.0,0.0,19.0,0,0,9,4.199999999999989,32.0
2885,1990,3.0,imola,True,0.0,False,0.0,False,modena,Italian,brabham,14,17,2.0,0.0,8.0,2,0,6,3.799999999999997,27.0
14959,2021,5.0,monaco,True,0.0,False,0.0,False,raikkonen,Finnish,alfa,14,11,0.0,0.0,14.0,0,0,8,1.2999999999999972,41.0
9906,2008,15.0,marina_bay,False,0.0,False,0.0,False,webber,Australian,red_bull,13,18,20.0,0.0,,26,0,7,0.4000000000000057,32.0
6646,1999,14.0,nurburgring,False,0.0,False,0.0,False,wurz,Austrian,benetton,11,21,3.0,0.0,11.0,16,0,6,1.1999999999999886,25.0
6557,1999,10.0,hockenheimring,False,0.0,True,0.0,False,barrichello,Brazilian,stewart,6,20,10.0,0.0,8.0,12,0,6,0.9000000000000057,27.0
2769,1989,15.0,suzuka,False,,False,0.0,True,brundle,British,brabham,13,5,2.0,0.0,23.0,6,0,10,4.200000000000003,30.0
1182,1986,1.0,jacarepagua,True,0.0,True,0.0,False,danner,German,osella,24,14,0.0,0.0,0.0,0,,0,11.099999999999994,27.0
14355,2019,12.0,hungaroring,True,0.0,False,0.0,,kvyat,Russian,,13,15,27.0,0.0,8.0,42,0,5,2.1000000000000085,25.0
231,1983,10.0,hockenheimring,False,0.0,True,0.0,False,prost,French,renault,5,4,39.0,3.0,1.0,53,3,1,1.9000000000000057,28.0
13807,2018,5.0,catalunya,False,0.0,False,0.0,True,raikkonen,Finnish,ferrari,4,17,48.0,0.0,3.0,114,2,1,0.3999999999999915,38.0
615,1984,10.0,brands_hatch,,,False,0.0,False,manfred_winkelhock,German,ats,11,22,0.0,0.0,22.0,0,0,13,2.5,32.0
917,1985,6.0,detroit,True,1.0,False,0.0,False,manfred_winkelhock,German,ram,20,24,0.0,0.0,22.0,0,0,11,5.800000000000011,33.0
7216,2001,7.0,monaco,True,0.0,False,0.0,False,heidfeld,German,sauber,16,22,8.0,0.0,5.0,12,0,5,2.8999999999999915,24.0
6253,1998,12.0,Auto%#,False,0.0,False,0.0,False,tuero,Argentine,minardi,21,21,0.0,0.0,19.0,0,0,9,4.700000000000003,20.0
8387,2004,15.0,monza,False,0.0,True,1.0,False,barrichello,Brazilian,Auto%#,1,1,88.0,0.0,2.0,216,12,1,0.0,32.0
10181,2009,11.0,valencia,True,0.0,True,0.0,False,nakajima,Japanese,williams,17,18,0.0,0.0,18.0,0,0,6,0.2999999999999971,24.0
4853,1994,16.0,adelaide,True,0.0,False,0.0,True,berger,Austrian,ferrari,11,2,35.0,1.0,3.0,64,1,3,1.8999999999999917,35.0
3229,1990,16.0,adelaide,True,0.0,False,0.0,False,suzuki,Japanese,larrousse,24,26,6.0,0.0,12.0,11,0,6,4.299999999999997,30.0
11944,,13.0,marina_bay,False,0.0,True,0.0,False,rosberg,German,mercedes,2,4,104.0,2.0,6.0,245,3,,0.1000000000000085,28.0
8874,2006,2.0,sepang,False,0.0,False,0.0,False,liuzzi,Italian,toro_rosso,13,11,0.0,0.0,11.0,0,0,7,2.799999999999997,25.0
4692,1994,9.0,hockenheimring,True,0.0,False,0.0,False,cesaris,Italian,sauber,18,23,4.0,0.0,13.0,10,0,6,3.6000000000000085,35.0
,2000,,interlagos,False,0.0,False,0.0,False,michael_schumacher,German,ferrari,3,1,10.0,1.0,1.0,,1,1,,31.0
6795,2000,5.0,catalunya,False,0.0,True,0.0,False,verstappen,Dutch,arrows,,18,0.0,0.0,15.0,0,0,8,1.4000000000000057,28.0
2073,1988,,rodriguez,True,0.0,False,0.0,False,sala,,minardi,25,11,0.0,0.0,18.0,0,0,13,6.400000000000006,29.0
10409,2010,,catalunya,False,0.0,True,0.0,False,grassi,Brazilian,virgin,23,19,,0.0,20.0,0,0,12,5.599999999999994,25.0
11045,2011,13.0,monza,,0.0,,0.0,False,barrichello,Brazilian,williams,13,12,4.0,0.0,17.0,5,0,9,2.299999999999997,39.0
5904,1997,13.0,monza,False,0.0,True,0.0,False,magnussen,Danish,stewart,13,19,0.0,0.0,21.0,6,0,9,1.4000000000000057,24.0
10367,2010,,sepang,False,,True,0.0,False,rosa,Spanish,sauber,12,24,0.0,0.0,14.0,0,0,9,-0.5,39.0
4260,1993,8.0,magny_cours,False,0.0,False,0.0,False,barbazza,Italian,minardi,24,23,2.0,0.0,15.0,7,0,7,,30.0
14797,2020,14.0,istanbul,False,0.0,False,1.0,False,sainz,Spanish,mclaren,15,5,65.0,0.0,8.0,134,0,,7.600000000000008,26.0
9038,2006,9.0,villeneuve,True,0.0,False,0.0,False,albers,Dutch,mf1,19,22,0.0,0.0,19.0,0,0,10,2.1999999999999886,27.0
6390,1999,3.0,imola,False,,False,0.0,False,salo,Finnish,bar,19,7,0.0,0.0,0.0,0,0,0,3.0999999999999943,32.0
4651,1994,8.0,silverstone,True,0.0,False,0.0,False,verstappen,Dutch,benetton,10,8,0.0,0.0,0.0,67,6,1,1.7999999999999972,22.0
1816,1987,10.0,osterreichring,False,0.0,True,0.0,False,palmer,British,,24,14,4.0,,,8,0,5,11.199999999999989,30.0
7925,2003,7.0,monaco,True,0.0,False,0.0,False,webber,Australian,jaguar,9,17,4.0,,12.0,4,0,8,0.9000000000000057,26.0
,2019,8.0,ricard,True,0.0,False,0.0,False,kubica,Polish,williams,18,18,0.0,0.0,20.0,0,0,10,4.900000000000006,34.0
11531,2012,14.0,marina_bay,True,0.0,False,0.0,False,maldonado,Venezuelan,williams,2,22,29.0,1.0,15.0,54,1,8,,27.0
13605,2017,15.0,sepang,False,0.0,False,0.0,True,grosjean,French,haas,16,Auto%#,26.0,0.0,,37,,8,3.200000000000003,31.0
6356,1999,1.0,albert_park,,0.0,True,0.0,False,hakkinen,Finnish,mclaren,1,16,0.0,0.0,0.0,0,0,0,0.0,30.0
,,11.0,spa,False,0.0,False,1.0,False,badoer,Italian,minardi,19,17,0.0,0.0,20.0,0,0,10,6.599999999999994,24.0
7069,2001,1.0,albert_park,True,0.0,False,,False,,French,bar,9,7,0.0,0.0,0.0,0,0,0,1.5999999999999943,
15035,2021,9.0,red_bull_ring,False,0.0,False,0.0,True,leclerc,Monegasque,ferrari,12,8,58.0,0.0,6.0,108,0,4,0.8999999999999915,23.0
5887,1997,13.0,monza,False,0.0,True,0.0,False,alesi,French,benetton,1,2,22.0,0.0,4.0,47,1,3,0.0,33.0
7039,2000,16.0,suzuka,False,0.0,False,0.0,False,alesi,French,prost,17,21,0.0,0.0,22.0,0,0,11,2.4000000000000057,36.0
1293,1986,6.0,villeneuve,,0.0,True,0.0,False,keke_rosberg,Finnish,mclaren,6,4,11.0,0.0,5.0,34,2,1,1.4000000000000057,37.0
14069,2018,19.0,rodriguez,False,0.0,False,0.0,False,,German,ferrari,,2,276.0,5.0,2.0,497,6,2,0.2000000000000028,31.0
13929,2018,12.0,hungaroring,False,0.0,False,0.0,False,vettel,German,ferrari,4,2,171.0,4.0,2.0,302,4,2,0.5,31.0
4263,1993,9.0,Auto%#,False,0.0,True,0.0,False,prost,French,williams,1,1,57.0,5.0,1.0,85,5,1,0.0,38.0
11626,2012,18.0,yas_marina,False,0.0,False,0.0,False,karthikeyan,Indian,hrt,23,22,0.0,0.0,24.0,0,0,12,5.800000000000011,35.0
2275,1988,12.0,monza,True,0.0,False,0.0,False,capelli,Italian,march,11,5,8.0,0.0,8.0,13,0,5,3.5,25.0
8210,2004,6.0,monaco,True,0.0,True,0.0,False,barrichello,Brazilian,ferrari,6,3,32.0,0.0,2.0,82,5,1,0.7000000000000028,32.0
557,1984,8.0,detroit,True,0.0,False,0.0,False,,French,renault,9,11,8.0,0.0,9.0,21,,3,2.299999999999997,34.0
6149,1998,8.0,magny_cours,True,,False,0.0,False,villeneuve,Canadian,williams,5,4,8.0,0.0,8.0,16,0,4,0.6999999999999886,27.0
9980,2009,1.0,albert_park,True,0.0,False,,False,kubica,Polish,bmw_sauber,4,14,0.0,0.0,0.0,0,0,0,0.7000000000000028,24.0
1244,1986,3.0,,True,0.0,False,0.0,False,nannini,Italian,minardi,18,26,0.0,0.0,23.0,0,0,13,4.1000000000000085,26.0
8109,2004,1.0,albert_park,False,0.0,,0.0,False,barrichello,Brazilian,ferrari,2,2,0.0,0.0,0.0,0,0,0,0.0999999999999943,31.0
909,1985,6.0,,True,1.0,False,0.0,False,mansell,British,williams,2,16,5.0,0.0,8.0,8,0,5,1.1000000000000083,31.0
843,1985,3.0,imola,False,0.0,False,0.0,False,baldi,Italian,spirit,26,21,0.0,0.0,23.0,0,0,14,9.600000000000009,31.0
4125,1993,3.0,donington,False,0.0,True,1.0,False,,Belgian,jordan,19,13,0.0,0.0,0.0,0,,0,3.700000000000003,35.0
3787,1992,6.0,,False,0.0,True,0.0,False,boutsen,Belgian,ligier,22,12,,0.0,,0,0,9,4.400000000000006,34.0
13314,,21.0,yas_marina,True,0.0,,0.0,False,button,British,mclaren,12,20,21.0,0.0,15.0,75,0,6,2.5,36.0
13340,2017,2.0,shanghai,False,0.0,False,1.0,False,raikkonen,Finnish,ferrari,4,5,12.0,0.0,4.0,37,1,1,0.3999999999999915,37.0
5629,1997,1.0,albert_park,False,0.0,True,0.0,False,frentzen,German,,2,8,0.0,0.0,0.0,0,0,0,1.6999999999999886,29.0
1720,1987,6.0,ricard,True,0.0,False,0.0,False,patrese,Italian,brabham,12,22,0.0,0.0,21.0,4,,5,2.5,33.0
891,1985,5.0,villeneuve,True,0.0,False,0.0,False,manfred_winkelhock,German,ram,14,23,0.0,0.0,21.0,0,0,11,2.700000000000003,33.0
13985,2018,14.0,monza,False,0.0,False,0.0,False,alonso,Spanish,mclaren,13,18,44.0,0.0,9.0,52,0,6,3.5,37.0
8706,,13.0,,False,0.0,False,0.0,Auto%#,trulli,Italian,toyota,3,4,31.0,0.0,6.0,57,0,4,0.8999999999999915,31.0
3293,1991,3.0,imola,False,0.0,True,1.0,False,gugelmin,Brazilian,leyton,15,12,0.0,0.0,28.0,0,0,16,3.899999999999992,28.0
10332,2010,2.0,albert_park,False,0.0,False,1.0,True,alguersuari,Spanish,toro_rosso,17,11,0.0,0.0,13.0,0,0,8,2.1999999999999886,20.0
6312,1998,15.0,,False,,True,0.0,False,nakano,Japanese,minardi,20,15,0.0,0.0,18.0,0,,10,3.5,27.0
13475,2017,9.0,red_bull_ring,False,0.0,False,0.0,True,vettel,German,,2,2,153.0,3.0,1.0,226,3,2,0.0,30.0
7846,2003,3.0,interlagos,False,0.0,False,0.0,False,panis,French,toyota,15,17,0.0,0.0,0.0,0,0,9,1.0,36.0
9259,2007,2.0,sepang,False,0.0,False,0.0,False,raikkonen,,ferrari,3,,10.0,1.0,1.0,13,1,1,0.5,27.0
12579,2015,5.0,catalunya,False,0.0,False,0.0,False,perez,Mexican,force_india,18,13,5.0,0.0,13.0,11,0,8,3.700000000000003,25.0
555,1984,8.0,detroit,True,0.0,False,0.0,False,warwick,British,renault,6,9,13.0,0.0,5.0,21,0,3,1.5999999999999943,29.0
771,1984,16.0,estoril,False,0.0,True,0.0,False,surer,Swiss,arrows,16,26,1.0,0.0,20.0,6,0,9,3.0,33.0
3009,1990,8.0,silverstone,,0.0,False,0.0,False,pirro,Italian,dallara,19,11,0.0,0.0,0.0,,0,14,3.3999999999999915,28.0
9573,2007,16.0,shanghai,False,0.0,False,,False,webber,Australian,red_bull,7,10,10.0,0.0,12.0,23,0,Auto%#,2.299999999999997,31.0
14750,2020,11.0,nurburgring,False,0.0,False,0.0,False,ocon,French,renault,7,18,36.0,0.0,12.0,99,0,5,0.9000000000000057,24.0
12248,2014,8.0,,True,0.0,True,0.0,False,bottas,Finnish,williams,2,3,40.0,0.0,8.0,58,0,6,0.0,24.0
7719,2002,,spa,False,0.0,False,0.0,False,mcnish,British,toyota,13,9,0.0,0.0,18.0,2,0,10,,
1005,1985,10.0,Auto%#,False,0.0,True,0.0,False,rothengatter,,osella,24,9,0.0,0.0,28.0,0,0,,9.799999999999995,30.0
8032,2003,13.0,hungaroring,False,0.0,True,0.0,False,coulthard,British,mclaren,Auto%#,5,41.0,1.0,7.0,103,2,3,1.3999999999999917,32.0
1908,1987,14.0,rodriguez,True,,False,0.0,False,piquet,Brazilian,williams,3,2,70.0,3.0,1.0,122,8,1,0.0999999999999943,35.0
3521,1991,12.0,monza,True,0.0,False,0.0,False,piquet,Brazilian,,8,6,22.0,1.0,5.0,30,1,4,1.6000000000000083,39.0
2334,1988,14.0,jerez,True,0.0,False,0.0,False,sala,Spanish,minardi,24,12,0.0,0.0,21.0,1,0,Auto%#,3.700000000000003,29.0
1115,1985,14.0,brands_hatch,False,,False,0.0,Auto%#,brundle,,tyrrell,16,18,0.0,0.0,18.0,4,0,9,3.5,26.0
2819,1990,1.0,phoenix,False,,False,0.0,True,boutsen,Belgian,williams,9,3,0.0,0.0,0.0,0,0,0,1.3999999999999917,32.0
7325,2001,12.0,hockenheimring,False,0.0,True,0.0,False,rosa,Spanish,jaguar,9,22,1.0,0.0,16.0,5,0,7,2.200000000000003,30.0
6460,1999,6.0,villeneuve,True,0.0,False,0.0,False,frentzen,German,jordan,6,11,13.0,0.0,4.0,16,0,3,0.9000000000000057,32.0
11803,2013,6.0,monaco,True,0.0,False,0.0,False,grosjean,French,lotus_f1,Auto%#,17,26.0,0.0,7.0,111,1,3,4.699999999999989,27.0
4629,1994,7.0,magny_cours,True,0.0,False,0.0,False,katayama,Japanese,tyrrell,14,12,4.0,0.0,11.0,8,0,6,1.9000000000000057,31.0
6557,1999,10.0,hockenheimring,False,0.0,True,0.0,False,barrichello,Brazilian,stewart,6,20,10.0,0.0,8.0,12,0,6,0.9000000000000057,27.0
11922,2013,12.0,monza,False,0.0,False,0.0,True,massa,Brazilian,ferrari,,4,67.0,0.0,7.0,218,2,3,0.2999999999999971,32.0
454,1984,3.0,zolder,False,0.0,False,0.0,False,patrese,Italian,alfa,7,25,3.0,0.0,6.0,6,0,4,1.6000000000000083,30.0
5729,1997,5.0,monaco,False,,False,0.0,False,hakkinen,Finnish,mclaren,8,20,10.0,0.0,7.0,20,1,3,0.8999999999999915,
1145,1985,16.0,adelaide,,0.0,False,0.0,False,laffite,French,ligier,20,2,10.0,0.0,12.0,13,0,8,5.0,41.0
1526,1986,15.0,rodriguez,True,0.0,False,0.0,False,senna,Brazilian,team_lotus,1,3,51.0,2.0,4.0,53,2,3,0.0,26.0
13234,2016,18.0,americas,True,,False,0.0,False,alonso,Spanish,mclaren,12,5,42.0,0.0,11.0,62,0,6,2.4000000000000057,35.0
460,1984,4.0,imola,False,0.0,False,0.0,False,boutsen,Belgian,arrows,20,5,1.0,0.0,13.0,1,0,9,7.5,26.0
14169,2019,3.0,shanghai,False,0.0,False,0.0,False,bottas,Finnish,mercedes,1,2,44.0,1.0,1.0,87,2,1,0.0,29.0
4002,1992,14.0,estoril,False,0.0,False,,False,patrese,Italian,williams,2,19,46.0,0.0,4.0,144,8,Auto%#,0.7000000000000028,38.0
3624,1991,16.0,adelaide,False,0.0,False,1.0,False,patrese,Italian,williams,4,5,52.0,2.0,3.0,121,7,2,1.0999999999999943,37.0
3813,1992,7.0,villeneuve,False,0.0,True,0.0,False,grouillard,French,tyrrell,26,12,0.0,0.0,22.0,2,0,6,3.700000000000003,33.0
12520,2015,2.0,sepang,False,0.0,False,0.0,False,perez,Auto%#,force_india,14,13,1.0,0.0,10.0,7,0,6,-6.299999999999997,25.0
14827,2020,15.0,bahrain,True,0.0,False,0.0,False,kevin_magnussen,Danish,haas,18,17,1.0,0.0,19.0,3,0,9,2.799999999999997,28.0
11294,,4.0,bahrain,True,0.0,False,0.0,False,pic,French,marussia,19,24,0.0,0.0,20.0,0,0,10,5.299999999999997,22.0
11668,2012,20.0,interlagos,False,0.0,False,1.0,False,glock,German,marussia,21,16,0.0,0.0,19.0,,0,10,5.0,30.0
,1996,12.0,hungaroring,True,0.0,,0.0,Auto%#,alesi,French,benetton,5,3,31.0,0.0,3.0,47,0,2,1.7000000000000028,32.0
15067,2021,11.0,hungaroring,False,0.0,False,1.0,False,ocon,French,alpine,8,1,14.0,0.0,13.0,40,0,7,1.2999999999999972,24.0
14075,2018,19.0,rodriguez,False,0.0,False,0.0,False,vandoorne,Belgian,mclaren,15,8,8.0,0.0,16.0,58,0,6,2.200000000000003,26.0
3581,1991,14.0,catalunya,True,0.0,False,0.0,False,morbidelli,Italian,minardi,16,14,0.0,0.0,25.0,6,0,7,3.0,23.0
3281,1991,2.0,interlagos,False,0.0,False,1.0,True,suzuki,Japanese,Auto%#,17,26,1.0,0.0,6.0,1,0,5,3.3999999999999915,
13232,2016,18.0,americas,True,0.0,False,0.0,False,ricciardo,Australian,red_bull,3,3,212.0,1.0,3.0,385,2,2,0.5,27.0
308,1983,13.0,monza,False,0.0,True,0.0,False,cheever,American,renault,7,3,17.0,0.0,7.0,68,4,2,2.5,25.0
1956,1987,15.0,suzuka,False,0.0,Auto%#,0.0,False,capelli,Italian,march,20,24,1.0,0.0,19.0,1,0,12,7.799999999999997,24.0
8662,2005,10.0,magny_cours,False,0.0,False,0.0,False,klien,Austrian,red_bull,16,20,4.0,0.0,19.0,22,0,6,2.0999999999999943,22.0
12132,2014,2.0,sepang,False,0.0,False,0.0,False,gutierrez,Mexican,,12,17,0.0,0.0,12.0,0,0,7,3.0,22.0
5613,1996,16.0,suzuka,True,0.0,True,0.0,False,verstappen,Dutch,footwork,17,11,1.0,0.0,16.0,1,0,9,4.5,24.0
13292,2016,20.0,interlagos,False,0.0,False,1.0,False,raikkonen,Finnish,ferrari,3,,178.0,0.0,5.0,365,0,3,0.7000000000000028,37.0
155,1983,7.0,,True,0.0,False,0.0,False,mansell,British,team_lotus,14,6,0.0,0.0,23.0,0,0,12,3.700000000000003,29.0
9101,2006,12.0,hockenheimring,True,0.0,False,0.0,False,albers,,mf1,21,21,0.0,0.0,20.0,0,0,,3.0,27.0
5955,1997,16.0,suzuka,False,,False,0.0,False,alesi,French,benetton,7,5,34.0,0.0,4.0,62,,3,0.6000000000000085,33.0
12416,2014,15.0,suzuka,False,0.0,False,0.0,False,alonso,Spanish,ferrari,5,22,133.0,0.0,4.0,178,0,4,1.2000000000000028,33.0
14884,2021,1.0,bahrain,False,0.0,False,0.0,False,vettel,German,aston_martin,20,15,0.0,0.0,0.0,0,0,0,3.0999999999999943,33.0
8656,2005,,magny_cours,,0.0,False,0.0,False,heidfeld,German,williams,14,14,25.0,0.0,6.0,47,,4,1.7999999999999972,28.0
10865,2011,5.0,catalunya,True,0.0,,0.0,,massa,Brazilian,ferrari,8,22,24.0,0.0,6.0,65,0,3,1.9000000000000057,30.0
13125,2016,13.0,spa,False,0.0,True,0.0,Auto%#,vettel,German,ferrari,4,6,120.0,0.0,5.0,242,0,3,0.3999999999999915,29.0
169,1983,7.0,,True,,,0.0,False,manfred_winkelhock,German,ats,,20,0.0,0.0,22.0,0,0,13,4.799999999999997,31.0
9026,2006,9.0,villeneuve,True,,False,0.0,False,speed,,toro_rosso,17,10,0.0,0.0,17.0,0,0,9,2.0999999999999943,23.0
2715,1989,13.0,estoril,,0.0,False,0.0,False,johansson,Swedish,onyx,12,3,2.0,0.0,,2,0,14,2.5999999999999943,33.0
5246,1995,15.0,okayama,False,0.0,True,0.0,False,boullion,French,sauber,15,23,3.0,0.0,14.0,18,0,6,2.5999999999999943,25.0
3970,1992,13.0,monza,True,0.0,False,0.0,False,mansell,British,williams,1,13,98.0,8.0,1.0,142,8,1,0.0,39.0
12877,2016,1.0,albert_park,False,0.0,False,0.0,False,button,British,mclaren,12,14,0.0,0.0,0.0,0,0,0,2.5,36.0
12865,2016,1.0,albert_park,False,0.0,False,,False,hamilton,British,mercedes,1,2,0.0,0.0,0.0,0,0,0,0.0,31.0
13788,2018,4.0,BAK,False,,False,0.0,True,hulkenberg,German,renault,14,,22.0,0.0,7.0,25,0,5,1.5999999999999943,30.0
,1993,11.0,hungaroring,False,0.0,False,0.0,False,andretti,American,mclaren,11,25,3.0,0.0,13.0,53,3,2,3.5,30.0
6979,2000,14.0,monza,True,0.0,False,0.0,False,wurz,Austrian,benetton,13,5,0.0,,18.0,18,0,4,1.4000000000000057,26.0
7837,2003,3.0,interlagos,False,,False,0.0,Auto%#,,Italian,renault,5,8,8.0,0.0,7.0,16,0,3,0.2000000000000028,28.0
11205,2012,1.0,albert_park,False,0.0,Auto%#,0.0,,webber,Australian,red_bull,5,4,0.0,0.0,0.0,0,0,0,0.7999999999999972,35.0
9952,2008,18.0,interlagos,False,0.0,False,1.0,False,vettel,German,toro_rosso,7,4,30.0,1.0,8.0,34,1,6,0.6999999999999886,21.0
12312,2014,11.0,hungaroring,False,0.0,False,1.0,False,rosberg,German,mercedes,1,4,190.0,4.0,1.0,366,9,1,0.0,29.0
9450,2007,10.0,nurburgring,False,0.0,False,1.0,False,sutil,German,spyker,21,19,0.0,0.0,21.0,0,0,10,3.0,24.0
,1983,15.0,kyalami,False,0.0,True,0.0,False,,French,renault,5,18,57.0,4.0,1.0,78,4,2,0.6000000000000085,28.0
765,1984,16.0,estoril,False,0.0,True,0.0,False,warwick,British,renault,9,,23.0,0.0,7.0,34,0,5,1.0999999999999943,30.0
5724,1997,5.0,monaco,False,1.0,False,0.0,False,villeneuve,Canadian,williams,3,15,20.0,2.0,1.0,30,3,1,,26.0
825,1985,3.0,imola,False,0.0,False,0.0,False,tambay,French,renault,11,3,6.0,0.0,5.0,6,0,4,1.7999999999999972,35.0
5905,1997,13.0,monza,False,0.0,True,0.0,False,verstappen,Dutch,tyrrell,20,20,0.0,0.0,22.0,2,0,10,2.799999999999997,25.0
12667,2015,10.0,hungaroring,False,0.0,False,0.0,False,kvyat,Russian,red_bull,7,2,27.0,0.0,8.0,63,0,4,1.2999999999999972,21.0
,1992,13.0,monza,True,0.0,,0.0,False,grouillard,French,tyrrell,18,17,0.0,0.0,22.0,4,0,7,3.200000000000003,34.0
5166,1995,12.0,monza,True,0.0,False,0.0,False,badoer,Italian,minardi,18,15,0.0,0.0,20.0,0,0,10,5.099999999999994,24.0
,1987,5.0,detroit,True,0.0,False,1.0,,fabre,French,ags,26,12,0.0,0.0,22.0,0,0,13,14.299999999999995,27.0
1986,1988,1.0,jacarepagua,True,0.0,Auto%#,0.0,True,berger,Austrian,ferrari,4,2,0.0,0.0,0.0,0,0,0,0.9000000000000057,28.0
14117,2018,21.0,yas_marina,False,0.0,False,0.0,False,kevin_magnussen,Danish,haas,13,10,55.0,0.0,9.0,,0,5,2.5,26.0
2829,1990,1.0,phoenix,False,1.0,False,0.0,True,moreno,Brazilian,eurobrun,16,13,0.0,0.0,0.0,0,0,0,2.5,31.0
11459,2012,11.0,hungaroring,True,0.0,False,0.0,False,rosa,Spanish,hrt,23,22,0.0,0.0,24.0,0,0,12,4.900000000000006,41.0
4533,1994,3.0,imola,True,0.0,,0.0,False,martini,Italian,minardi,,17,0.0,0.0,13.0,0,0,10,2.5999999999999943,33.0
8456,2004,,interlagos,False,0.0,False,0.0,Auto%#,villeneuve,Canadian,renault,13,10,0.0,0.0,21.0,100,1,3,1.2000000000000028,33.0
3520,1991,12.0,monza,True,,False,0.0,False,michael_schumacher,German,benetton,7,5,0.0,0.0,0.0,30,1,4,1.4000000000000057,22.0
6156,1998,8.0,magny_cours,True,0.0,False,0.0,False,panis,,prost,16,11,0.0,0.0,20.0,0,0,11,2.799999999999997,31.0
8638,2005,9.0,indianapolis,False,0.0,False,0.0,False,villeneuve,Auto%#,sauber,12,16,5.0,0.0,14.0,12,0,7,1.1000000000000083,34.0
,2012,4.0,bahrain,True,0.0,False,0.0,False,hamilton,British,mclaren,2,8,45.0,0.0,1.0,88,1,1,0.0999999999999943,27.0
1740,1987,7.0,silverstone,True,0.0,False,0.0,False,ghinzani,Italian,ligier,19,26,0.0,0.0,19.0,1,0,10,6.300000000000011,
12037,2013,17.0,yas_marina,True,0.0,False,0.0,,perez,Mexican,mclaren,8,9,33.0,0.0,12.0,93,0,5,1.0999999999999943,23.0
7728,2002,14.0,,False,0.0,False,0.0,False,davidson,British,minardi,20,18,0.0,0.0,0.0,2,0,9,4.5,23.0
15036,2021,9.0,red_bull_ring,False,0.0,False,0.0,True,gasly,French,alphatauri,6,9,37.0,0.0,8.0,46,0,5,0.3999999999999915,25.0
13757,2018,3.0,shanghai,False,0.0,False,0.0,False,alonso,Spanish,mclaren,13,7,16.0,0.0,4.0,22,0,3,2.1000000000000085,
6224,1998,11.0,hockenheimring,False,0.0,True,0.0,True,takagi,Japanese,tyrrell,15,13,0.0,0.0,22.0,0,0,10,3.200000000000003,24.0
11853,2013,9.0,nurburgring,True,0.0,False,0.0,False,vettel,German,red_bull,2,1,132.0,3.0,1.0,219,3,1,,
12897,2016,2.0,bahrain,False,0.0,False,0.0,False,wehrlein,German,manor,16,13,0.0,0.0,,0,0,11,3.299999999999997,21.0
2650,1989,10.0,hungaroring,False,0.0,False,0.0,True,patrese,Italian,williams,1,16,25.0,0.0,4.0,38,1,2,0.0,35.0
12780,2015,15.0,sochi,False,0.0,False,0.0,False,ricciardo,Australian,red_bull,10,15,73.0,0.0,7.0,139,0,4,2.6000000000000085,26.0
13551,2017,12.0,spa,False,0.0,True,0.0,True,max_verstappen,Dutch,red_bull,5,19,67.0,,6.0,184,1,3,0.8000000000000114,19.0
5553,1996,13.0,spa,False,0.0,True,0.0,True,lamy,Portuguese,minardi,19,10,0.0,0.0,20.0,0,0,10,6.200000000000003,24.0
1139,1985,15.0,kyalami,,0.0,True,0.0,False,fabi,Italian,toleman,7,16,0.0,0.0,30.0,0,0,15,1.8000000000000045,30.0
10706,2010,18.0,interlagos,False,0.0,False,0.0,False,button,British,mclaren,11,5,189.0,2.0,5.0,399,5,2,4.799999999999997,30.0
4601,1994,6.0,villeneuve,False,,,0.0,False,blundell,British,tyrrell,13,Auto%#,4.0,0.0,8.0,8,0,6,,28.0
12234,2014,7.0,villeneuve,False,0.0,False,0.0,False,raikkonen,Finnish,ferrari,10,10,17.0,0.0,12.0,78,0,3,1.2999999999999972,34.0
10811,,3.0,shanghai,True,,False,0.0,False,kovalainen,Finnish,lotus_racing,19,16,0.0,0.0,18.0,0,0,9,4.200000000000003,29.0
3557,,13.0,estoril,True,0.0,False,0.0,False,boutsen,Belgian,ligier,20,Auto%#,0.0,0.0,23.0,0,0,14,3.799999999999997,34.0
1523,1986,14.0,estoril,False,0.0,True,0.0,False,capelli,Italian,ags,25,27,0.0,0.0,0.0,0,0,14,7.299999999999997,23.0
2681,1989,11.0,spa,False,1.0,False,0.0,False,caffi,,dallara,12,21,4.0,0.0,15.0,8,0,8,5.0,25.0
9068,2006,11.0,magny_cours,,0.0,False,0.0,False,coulthard,British,red_bull,9,9,10.0,0.0,10.0,11,0,,3.200000000000003,35.0
3080,1990,11.0,spa,False,0.0,True,,False,nannini,Italian,benetton,6,4,13.0,0.0,8.0,35,0,,2.1999999999999886,31.0
11736,2013,3.0,shanghai,False,0.0,False,0.0,False,pic,French,caterham,20,16,0.0,0.0,18.0,0,0,11,5.099999999999994,23.0
8957,2006,6.0,catalunya,True,0.0,False,0.0,False,button,British,honda,8,6,13.0,0.0,7.0,19,0,4,1.4000000000000057,26.0
9049,2006,10.0,indianapolis,True,0.0,False,0.0,False,,Canadian,bmw_sauber,6,12,7.0,0.0,12.0,19,0,5,1.7000000000000028,35.0
8632,2005,9.0,indianapolis,False,0.0,False,0.0,False,fisichella,Italian,renault,4,10,17.0,1.0,9.0,76,5,1,0.7000000000000028,32.0
11492,2012,13.0,monza,False,0.0,True,0.0,False,rosberg,German,mercedes,6,7,77.0,1.0,7.0,112,1,5,0.7999999999999972,27.0
8287,2004,10.0,magny_cours,True,0.0,False,0.0,False,michael_schumacher,German,ferrari,2,1,80.0,8.0,1.0,142,8,1,0.2999999999999971,35.0
202,1983,,silverstone,False,0.0,False,0.0,,prost,French,,3,1,30.0,2.0,1.0,,2,1,0.7000000000000028,28.0
2438,1989,2.0,imola,True,0.0,False,0.0,False,larini,Italian,osella,14,12,0.0,0.0,0.0,,0,18,3.5,25.0
1245,1986,4.0,monaco,False,,True,0.0,False,,French,mclaren,1,1,13.0,1.0,3.0,18,1,,0.0,
11413,2012,9.0,silverstone,False,,False,0.0,False,petrov,Russian,caterham,18,24,0.0,0.0,20.0,0,0,10,-2.700000000000003,27.0
9167,2006,15.0,monza,True,0.0,False,0.0,False,yamamoto,Japanese,super_aguri,22,21,0.0,0.0,0.0,0,0,11,4.5,24.0
876,1985,5.0,villeneuve,True,0.0,False,0.0,False,,French,ligier,19,8,2.0,0.0,12.0,5,0,,4.200000000000003,41.0
8324,2004,11.0,silverstone,False,0.0,False,0.0,False,trulli,Italian,renault,5,18,46.0,1.0,4.0,79,1,2,0.5,29.0
5629,1997,1.0,albert_park,False,0.0,True,0.0,False,frentzen,German,williams,2,8,0.0,0.0,0.0,0,0,0,1.6999999999999886,29.0
6386,1999,3.0,imola,False,0.0,False,0.0,False,barrichello,Brazilian,stewart,6,3,2.0,0.0,7.0,2,0,6,1.0,26.0
5640,1997,1.0,albert_park,False,0.0,True,0.0,False,villeneuve,Canadian,williams,1,19,0.0,0.0,0.0,0,,0,0.0,25.0
7823,2003,2.0,sepang,False,0.0,False,0.0,False,pizzonia,Brazilian,jaguar,15,14,0.0,0.0,0.0,0,0,0,1.5,22.0
9767,2008,8.0,magny_cours,False,0.0,True,1.0,False,nakajima,Japanese,williams,15,15,7.0,0.0,11.0,15,0,Auto%#,-0.2000000000000028,23.0
10293,2009,17.0,yas_marina,False,0.0,True,0.0,False,alonso,Spanish,renault,15,14,26.0,0.0,9.0,26,0,8,0.7999999999999972,28.0
,1995,2.0,galvez,False,0.0,False,0.0,True,verstappen,Dutch,simtek,14,18,0.0,0.0,0.0,0,0,0,4.0,23.0
14648,2020,6.0,catalunya,False,,False,0.0,True,giovinazzi,Italian,alfa,20,16,2.0,0.0,15.0,2,0,8,3.1000000000000085,26.0
13170,2016,15.0,marina_bay,False,0.0,False,0.0,,alonso,Auto%#,mclaren,9,7,30.0,0.0,11.0,48,0,6,2.0,35.0
5163,1995,12.0,monza,True,0.0,False,0.0,False,barrichello,Brazilian,jordan,,12,8.0,0.0,8.0,14,0,5,1.4000000000000057,23.0
1470,1986,13.0,monza,False,0.0,True,0.0,False,piquet,Brazilian,williams,6,1,47.0,3.0,4.0,102,7,1,1.0,34.0
5964,1997,16.0,suzuka,False,0.0,False,0.0,False,villeneuve,Canadian,williams,1,14,77.0,7.0,1.0,112,8,1,0.0,26.0
2877,1990,3.0,imola,True,0.0,False,0.0,False,alliot,French,ligier,Auto%#,9,0.0,0.0,16.0,0,0,10,4.0,35.0
6287,1998,14.0,monza,True,0.0,False,0.0,False,rosset,Brazilian,tyrrell,18,12,0.0,0.0,19.0,0,0,11,3.0,30.0
7537,2002,5.0,catalunya,False,0.0,False,0.0,False,fisichella,Italian,jordan,12,17,0.0,0.0,20.0,0,0,10,1.8999999999999917,29.0
14681,2020,8.0,monza,True,0.0,False,0.0,False,kvyat,Russian,alphatauri,11,9,2.0,0.0,16.0,20,0,7,1.2999999999999972,26.0
10005,2009,2.0,sepang,False,0.0,True,1.0,False,kubica,Polish,bmw_sauber,6,19,0.0,0.0,14.0,0,0,7,0.8999999999999915,24.0
12194,2014,5.0,catalunya,True,0.0,False,0.0,False,massa,Brazilian,williams,9,13,12.0,0.0,11.0,36,0,6,2.200000000000003,33.0
3476,1991,10.0,hungaroring,True,0.0,False,0.0,False,morbidelli,Italian,minardi,23,Auto%#,0.0,0.0,21.0,3,0,8,5.6000000000000085,23.0
13423,2017,6.0,monaco,False,0.0,False,0.0,False,grosjean,French,haas,8,8,5.0,0.0,12.0,9,0,8,1.0999999999999943,31.0
4475,1994,1.0,interlagos,True,0.0,False,0.0,False,panis,French,ligier,19,11,0.0,0.0,0.0,0,0,0,3.299999999999997,27.0
11720,2013,2.0,sepang,False,0.0,True,1.0,True,alonso,Spanish,ferrari,3,22,18.0,0.0,2.0,30,0,1,1.0,31.0
4726,1994,11.0,spa,True,,False,0.0,False,blundell,British,tyrrell,12,5,6.0,0.0,10.0,11,0,7,2.800000000000012,28.0
1671,1987,4.0,monaco,True,0.0,False,0.0,False,streiff,French,tyrrell,23,Auto%#,0.0,0.0,16.0,0,0,10,7.099999999999994,31.0
10977,2011,10.0,nurburgring,False,0.0,False,1.0,False,kovalainen,Finnish,lotus_racing,18,16,0.0,,22.0,0,0,10,5.5,29.0
7011,2000,15.0,indianapolis,False,0.0,False,0.0,False,ralf_schumacher,German,williams,10,,24.0,0.0,5.0,34,0,3,1.2000000000000028,25.0
,1994,15.0,suzuka,False,0.0,False,1.0,False,mansell,British,williams,4,4,0.0,0.0,0.0,95,5,2,0.5999999999999943,41.0
14640,2020,6.0,catalunya,False,0.0,False,0.0,True,albon,Thai,red_bull,6,8,36.0,0.0,6.0,113,1,2,1.4000000000000057,24.0
15025,2021,8.0,red_bull_ring,False,0.0,False,0.0,False,mazepin,Russian,haas,20,18,0.0,0.0,19.0,0,0,10,2.4000000000000057,22.0
1463,1986,12.0,osterreichring,False,0.0,Auto%#,0.0,False,brundle,British,tyrrell,17,20,5.0,0.0,11.0,6,0,7,4.5,27.0
7517,2002,4.0,imola,False,0.0,False,0.0,False,salo,Finnish,toyota,16,17,,0.0,10.0,2,0,8,3.200000000000003,35.0
4287,1993,9.0,silverstone,False,0.0,True,0.0,False,comas,French,larrousse,Auto%#,25,0.0,0.0,21.0,2,0,,5.099999999999994,29.0
144,1983,6.0,spa,False,0.0,False,0.0,False,manfred_winkelhock,German,ats,7,21,0.0,0.0,20.0,0,0,12,1.7000000000000028,31.0
8436,2004,17.0,suzuka,True,0.0,False,0.0,False,villeneuve,Canadian,renault,9,10,0.0,0.0,23.0,96,1,3,2.799999999999997,33.0
8042,2003,13.0,hungaroring,False,0.0,True,0.0,False,wilson,British,jaguar,12,15,0.0,0.0,20.0,12,0,7,2.0,25.0
13659,2017,18.0,rodriguez,False,0.0,True,0.0,False,kevin_magnussen,Danish,haas,14,8,15.0,0.0,14.0,43,0,8,2.9000000000000057,25.0
14874,2021,1.0,bahrain,,0.0,,0.0,False,norris,British,mclaren,7,4,0.0,0.0,0.0,0,0,0,1.0,21.0
14697,2020,9.0,mugello,True,0.0,False,0.0,False,perez,Mexican,racing_point,7,5,34.0,0.0,11.0,82,0,,1.2000000000000028,30.0
13662,2017,18.0,rodriguez,False,0.0,True,0.0,False,massa,Brazilian,williams,10,11,36.0,0.0,10.0,68,0,5,1.5999999999999943,36.0
274,1983,11.0,osterreichring,False,0.0,True,0.0,False,alboreto,Italian,tyrrell,18,21,9.0,1.0,10.0,11,1,6,6.199999999999989,26.0
14108,2018,21.0,yas_marina,,,,0.0,False,hamilton,British,mercedes,1,1,383.0,10.0,1.0,620,10,1,0.0,
14756,2020,12.0,portimao,False,0.0,False,,True,leclerc,Monegasque,ferrari,4,4,,0.0,8.0,80,0,6,0.3999999999999915,23.0
928,1985,7.0,ricard,False,0.0,False,0.0,False,cheever,American,alfa,18,10,0.0,0.0,20.0,0,0,10,,27.0
12867,2016,1.0,albert_park,False,0.0,False,0.0,False,ricciardo,Australian,red_bull,8,4,0.0,0.0,0.0,0,0,0,1.7999999999999972,26.0
2946,1990,5.0,,True,0.0,False,0.0,True,martini,Italian,minardi,16,26,0.0,0.0,14.0,0,0,10,3.3999999999999915,29.0
2954,1990,,rodriguez,False,0.0,False,0.0,False,donnelly,British,team_lotus,12,8,0.0,0.0,,1,0,8,1.7999999999999972,26.0
5417,,6.0,monaco,,0.0,False,1.0,False,lamy,Portuguese,minardi,19,19,0.0,0.0,17.0,0,0,10,3.0,24.0
638,1984,11.0,hockenheimring,False,0.0,True,0.0,False,keke_rosberg,Finnish,williams,19,20,0.0,1.0,5.0,0,1,5,5.0,35.0
12285,2014,9.0,silverstone,False,0.0,False,0.0,True,ericsson,Swedish,caterham,21,Auto%#,0.0,0.0,18.0,0,0,,13.600000000000009,23.0
1157,,16.0,adelaide,True,0.0,False,0.0,False,surer,Swiss,brabham,6,14,5.0,0.0,13.0,26,1,5,2.799999999999997,34.0
1360,1986,8.0,ricard,False,0.0,True,0.0,False,johansson,Swedish,ferrari,10,21,7.0,0.0,7.0,13,0,5,1.4000000000000057,29.0
9934,2008,17.0,Auto%#,,0.0,,,False,kubica,Polish,bmw_sauber,11,Auto%#,72.0,1.0,3.0,128,1,3,-0.5,23.0
6396,,3.0,imola,False,0.0,False,0.0,False,panis,French,prost,11,13,1.0,0.0,9.0,1,0,8,1.7999999999999972,32.0
8757,2005,15.0,monza,True,0.0,False,0.0,False,coulthard,,red_bull,10,15,21.0,0.0,12.0,27,0,6,1.2000000000000028,34.0
7988,2003,11.0,silverstone,True,0.0,False,0.0,True,barrichello,Brazilian,ferrari,1,1,39.0,0.0,5.0,103,4,1,0.0,31.0
14420,2019,16.0,sochi,False,0.0,False,0.0,True,bottas,Finnish,mercedes,4,,231.0,2.0,2.0,527,10,1,1.0,30.0
8768,2005,16.0,spa,False,0.0,True,1.0,False,villeneuve,Canadian,sauber,14,6,6.0,0.0,16.0,14,0,8,2.5,34.0
14219,2019,,catalunya,False,,False,0.0,False,,British,williams,19,17,0.0,0.0,19.0,0,0,10,3.6999999999999886,21.0
14784,2020,13.0,Auto%#,False,0.0,False,0.0,True,vettel,German,ferrari,14,12,18.0,0.0,,93,0,6,1.8000000000000114,33.0
4067,1993,1.0,kyalami,True,0.0,False,0.0,False,berger,Austrian,ferrari,15,6,0.0,0.0,0.0,0,0,0,3.700000000000003,33.0
13540,2017,12.0,spa,False,0.0,True,0.0,True,massa,Brazilian,williams,16,8,23.0,,11.0,,0,5,3.200000000000003,36.0
12240,2014,7.0,villeneuve,False,0.0,False,0.0,False,hamilton,British,mercedes,2,17,118.0,4.0,2.0,240,6,1,0.0999999999999943,29.0
9427,2007,9.0,silverstone,,0.0,True,0.0,False,davidson,British,super_aguri,19,18,0.0,0.0,20.0,4,0,7,1.4000000000000057,28.0
738,1984,15.0,nurburgring,True,0.0,False,0.0,False,laffite,French,williams,14,19,5.0,0.0,14.0,0,1,6,3.6999999999999886,40.0
8078,2003,15.0,,False,0.0,False,1.0,False,kiesa,Danish,minardi,20,11,0.0,0.0,23.0,0,0,10,3.899999999999992,25.0
6590,1999,12.0,Auto%#,False,0.0,True,0.0,False,alesi,French,sauber,16,9,1.0,0.0,16.0,4,0,7,2.6000000000000085,35.0
15046,2021,9.0,red_bull_ring,False,0.0,False,0.0,True,mazepin,Russian,haas,20,,0.0,0.0,19.0,0,0,10,2.299999999999997,22.0
2287,1988,12.0,monza,True,0.0,False,0.0,False,schneider,German,zakspeed,15,17,0.0,0.0,29.0,0,0,18,4.200000000000003,24.0
10062,2009,5.0,catalunya,True,0.0,False,,False,kovalainen,Finnish,mclaren,18,16,4.0,0.0,10.0,13,0,4,1.2000000000000028,27.0
12373,2014,14.0,marina_bay,False,0.0,False,0.0,False,hamilton,British,mercedes,1,1,216.0,6.0,2.0,454,10,1,0.0,29.0
12576,2015,5.0,catalunya,,0.0,False,0.0,False,kvyat,Russian,red_bull,8,10,4.0,0.0,15.0,23,0,4,1.8999999999999917,21.0
10204,2009,13.0,monza,True,,False,0.0,False,barrichello,Brazilian,brawn,5,,56.0,1.0,,128,7,1,0.9000000000000057,37.0
10897,2011,7.0,villeneuve,False,0.0,False,1.0,False,kobayashi,Japanese,sauber,13,7,19.0,0.0,10.0,21,0,6,2.299999999999997,24.0
13654,2017,18.0,rodriguez,False,0.0,True,0.0,False,raikkonen,Finnish,ferrari,5,3,163.0,0.0,5.0,428,,2,0.7000000000000028,38.0
1399,1986,10.0,hockenheimring,False,0.0,True,0.0,False,tambay,French,lola,13,8,0.0,0.0,19.0,0,0,11,3.0,37.0
8071,2003,15.0,indianapolis,False,0.0,False,1.0,False,trulli,Italian,renault,10,4,24.0,0.0,8.0,79,1,4,0.8999999999999915,29.0
10836,2011,4.0,istanbul,True,0.0,False,0.0,False,maldonado,Venezuelan,williams,14,17,0.0,0.0,22.0,0,0,10,2.200000000000003,26.0
14557,2020,2.0,red_bull_ring,True,0.0,False,0.0,False,bottas,Finnish,mercedes,4,2,25.0,1.0,1.0,37,1,1,1.4000000000000057,30.0
14832,2020,16.0,bahrain,True,0.0,False,0.0,False,ocon,French,renault,Auto%#,2,42.0,0.0,12.0,144,0,5,0.6000000000000014,24.0
6096,1998,5.0,catalunya,True,0.0,False,0.0,False,tuero,Argentine,minardi,19,15,0.0,0.0,13.0,0,0,7,4.0,20.0
12717,2015,12.0,monza,False,0.0,False,0.0,False,,Brazilian,sauber,17,13,16.0,0.0,13.0,23,0,8,,23.0
11055,2011,13.0,monza,True,0.0,False,0.0,False,,Russian,renault,7,22,34.0,0.0,9.0,68,0,,1.2000000000000028,27.0
6586,1999,12.0,spa,False,0.0,True,0.0,False,ralf_schumacher,German,williams,5,5,,0.0,6.0,22,0,4,1.1000000000000083,24.0
3467,1991,10.0,hungaroring,True,0.0,False,0.0,,berger,Austrian,mclaren,5,4,19.0,0.0,5.0,70,4,2,1.6000000000000083,31.0
12749,2015,14.0,suzuka,False,0.0,False,0.0,False,raikkonen,Finnish,ferrari,6,4,107.0,0.0,4.0,310,3,2,0.7000000000000028,35.0
4724,1994,11.0,spa,True,0.0,False,0.0,False,,,benetton,6,3,4.0,0.0,15.0,81,7,1,1.0,22.0
8846,2006,1.0,bahrain,False,0.0,True,,False,montoya,Colombian,mclaren,5,,0.0,0.0,0.0,0,0,0,0.7999999999999972,30.0
307,1983,13.0,monza,False,0.0,True,0.0,False,arnoux,French,ferrari,3,2,43.0,3.0,2.0,80,4,1,0.8000000000000114,35.0
415,1984,2.0,,False,0.0,True,0.0,False,baldi,Italian,spirit,20,8,0.0,0.0,23.0,0,0,13,5.0,30.0
,1989,12.0,monza,True,0.0,False,0.0,False,grouillard,French,ligier,21,18,1.0,0.0,21.0,3,0,12,5.0,31.0
7864,2003,4.0,imola,False,0.0,,0.0,True,fisichella,Italian,jordan,17,15,10.0,1.0,4.0,10,1,5,2.0,30.0
8759,2005,15.0,monza,True,0.0,False,0.0,False,monteiro,Portuguese,jordan,17,17,6.0,0.0,14.0,11,0,9,3.6000000000000085,29.0
4429,1993,15.0,suzuka,False,0.0,False,0.0,True,lamy,Portuguese,team_lotus,20,13,0.0,0.0,28.0,12,0,6,4.399999999999992,21.0
2539,1989,6.0,villeneuve,False,1.0,False,,False,,Brazilian,coloni,26,9,0.0,0.0,0.0,0,0,19,4.0,30.0
2515,1989,5.0,phoenix,False,0.0,False,0.0,False,caffi,Italian,dallara,6,11,3.0,0.0,10.0,3,0,9,2.1000000000000085,25.0
13238,2016,18.0,americas,True,0.0,False,0.0,False,button,British,mclaren,19,9,19.0,0.0,15.0,62,0,6,3.299999999999997,36.0
4309,1993,10.0,hockenheimring,False,,True,0.0,False,suzuki,Japanese,footwork,8,22,0.0,0.0,22.0,1,0,10,2.3999999999999915,32.0
7349,2001,14.0,spa,False,0.0,False,0.0,False,coulthard,British,mclaren,Auto%#,2,51.0,2.0,2.0,72,3,2,5.900000000000006,30.0
14886,2021,1.0,bahrain,False,0.0,False,0.0,False,gasly,French,alphatauri,5,17,0.0,0.0,0.0,0,0,0,0.7999999999999972,25.0
13084,2016,11.0,,True,0.0,Auto%#,0.0,False,sainz,Spanish,toro_rosso,,,26.0,0.0,12.0,41,0,6,1.0999999999999943,21.0
1226,1986,3.0,imola,True,,False,0.0,False,brundle,British,tyrrell,13,8,2.0,0.0,9.0,2,0,6,,26.0
7632,2002,10.0,silverstone,,0.0,False,0.0,False,montoya,Colombian,williams,1,3,27.0,0.0,3.0,57,1,2,0.0,26.0
5273,1995,17.0,adelaide,False,0.0,False,0.0,False,morbidelli,Italian,footwork,13,3,1.0,0.0,17.0,1,0,9,2.9000000000000057,27.0
107,1983,5.0,monaco,,0.0,False,1.0,False,tambay,French,Auto%#,,4,14.0,1.0,3.0,22,1,1,1.5,33.0
11518,2012,14.0,marina_bay,True,0.0,False,0.0,False,ricciardo,Australian,toro_rosso,15,9,4.0,0.0,18.0,12,0,9,2.3999999999999915,23.0
1621,1987,2.0,imola,True,0.0,False,0.0,False,prost,French,mclaren,,24,9.0,1.0,1.0,13,1,1,0.2000000000000028,32.0
13744,2018,2.0,bahrain,False,0.0,False,0.0,False,stroll,Canadian,williams,20,14,0.0,0.0,14.0,0,,8,3.5,19.0
3316,1991,4.0,monaco,False,0.0,True,0.0,False,bernard,French,lola,13,9,0.0,0.0,30.0,0,0,17,2.700000000000003,26.0
11310,2012,5.0,catalunya,False,0.0,False,0.0,False,kovalainen,Finnish,caterham,19,16,0.0,0.0,22.0,0,0,11,3.200000000000003,30.0
1638,1987,,spa,False,1.0,False,0.0,True,capelli,Italian,march,21,16,0.0,0.0,25.0,0,0,14,10.0,
3525,1991,12.0,monza,True,0.0,False,0.0,False,pirro,Italian,dallara,16,10,1.0,0.0,16.0,5,0,7,3.200000000000003,29.0
11028,2011,12.0,spa,False,0.0,True,0.0,False,liuzzi,Italian,hrt,22,19,0.0,0.0,20.0,0,0,11,23.3,31.0
6480,1999,7.0,magny_cours,False,0.0,True,1.0,False,zonta,Brazilian,bar,10,9,0.0,0.0,0.0,,0,10,3.799999999999997,23.0
938,1985,7.0,ricard,False,0.0,False,0.0,False,alliot,French,ram,23,21,0.0,0.0,21.0,0,0,12,9.599999999999994,30.0
11917,2013,11.0,spa,False,0.0,False,0.0,False,raikkonen,Finnish,lotus_f1,,21,,1.0,2.0,183,1,4,2.4000000000000057,33.0
4900,1995,1.0,interlagos,False,0.0,False,,True,schiattarella,Italian,simtek,26,23,0.0,0.0,0.0,0,0,0,8.0,27.0
314,,13.0,monza,False,0.0,True,0.0,False,jarier,French,ligier,19,9,0.0,0.0,20.0,0,0,12,7.1000000000000085,37.0
9416,2007,9.0,silverstone,True,0.0,True,0.0,False,heidfeld,German,bmw_sauber,9,6,30.0,0.0,5.0,48,0,2,0.9000000000000057,30.0
9106,2006,,hungaroring,False,1.0,False,1.0,Auto%#,barrichello,Brazilian,honda,3,Auto%#,16.0,0.0,,37,0,4,0.5,34.0
10042,2009,,bahrain,True,0.0,False,0.0,False,sutil,German,force_india,19,16,0.0,0.0,14.0,0,0,,0.2999999999999971,26.0
13277,2016,20.0,interlagos,False,0.0,False,1.0,False,vettel,German,ferrari,5,5,187.0,0.0,4.0,365,0,3,0.7999999999999972,29.0
10737,2010,19.0,yas_marina,False,0.0,False,0.0,False,barrichello,Brazilian,williams,7,12,47.0,0.0,10.0,69,0,6,0.7999999999999972,38.0
14822,2020,15.0,bahrain,True,0.0,False,0.0,False,russell,British,williams,14,12,0.0,0.0,21.0,0,0,10,3.9000000000000057,22.0
7148,2001,4.0,imola,False,0.0,False,0.0,False,raikkonen,Finnish,sauber,10,20,1.0,0.0,11.0,8,0,3,1.6000000000000083,21.0
14970,2021,6.0,BAK,True,0.0,False,0.0,False,vettel,German,aston_martin,11,2,10.0,0.0,11.0,19,0,5,1.0,33.0
7476,2002,,sepang,True,0.0,True,,False,bernoldi,Brazilian,arrows,16,19,0.0,0.0,0.0,0,0,0,3.0,23.0
12373,2014,14.0,marina_bay,False,0.0,False,0.0,False,hamilton,British,mercedes,1,1,216.0,6.0,2.0,454,10,1,0.0,29.0
3358,1991,5.0,villeneuve,True,0.0,False,0.0,False,suzuki,Japanese,lola,22,25,1.0,0.0,15.0,,0,15,3.799999999999997,30.0
7382,2001,15.0,monza,False,0.0,False,0.0,False,alonso,Spanish,minardi,21,13,0.0,0.0,23.0,0,0,11,4.0,20.0
13408,2017,5.0,catalunya,False,0.0,False,0.0,False,massa,Brazilian,williams,9,13,18.0,0.0,8.0,18,0,5,2.1000000000000085,36.0
14923,2021,3.0,portimao,,0.0,False,0.0,False,tsunoda,Japanese,alphatauri,14,15,2.0,0.0,11.0,8,0,5,1.2000000000000028,20.0
2916,1990,4.0,monaco,True,0.0,False,0.0,False,martini,Italian,minardi,8,22,0.0,0.0,12.0,0,0,8,1.7999999999999972,29.0
10152,2009,10.0,hungaroring,False,0.0,False,0.0,False,trulli,Auto%#,toyota,11,8,0.0,0.0,6.0,0,0,3,-0.5,35.0
14314,2019,10.0,,False,0.0,False,0.0,True,russell,British,williams,19,14,0.0,0.0,,0,0,,2.700000000000003,21.0
2145,1988,7.0,ricard,True,0.0,False,0.0,False,piquet,Brazilian,team_lotus,7,5,11.0,,5.0,12,0,4,2.1000000000000085,35.0
5197,1995,13.0,estoril,,0.0,False,,False,lamy,Portuguese,minardi,17,22,0.0,0.0,25.0,0,0,10,4.200000000000003,23.0
8325,2004,11.0,Auto%#,False,0.0,False,0.0,False,baumgartner,Hungarian,minardi,Auto%#,19,1.0,0.0,18.0,1,0,10,5.899999999999992,23.0
12144,2014,3.0,bahrain,False,0.0,Auto%#,0.0,False,massa,Brazilian,williams,7,7,6.0,0.0,10.0,20,0,4,1.2999999999999972,32.0
7108,2001,3.0,interlagos,False,0.0,True,1.0,False,,German,ferrari,1,2,20.0,2.0,1.0,30,2,1,0.0,32.0
2559,1989,7.0,ricard,True,0.0,False,0.0,False,patrese,Italian,williams,8,3,18.0,0.0,3.0,31,1,2,1.7999999999999972,35.0
1455,1986,12.0,osterreichring,False,0.0,,0.0,False,mansell,British,williams,6,12,55.0,4.0,1.0,102,7,1,1.0999999999999943,33.0
13303,2016,21.0,yas_marina,True,0.0,False,0.0,False,massa,Brazilian,williams,10,9,51.0,0.0,11.0,136,0,5,2.4000000000000057,35.0
11562,2012,16.0,yeongam,True,,False,0.0,,raikkonen,Finnish,lotus_f1,5,5,157.0,0.0,3.0,239,0,4,0.3999999999999915,32.0
11975,2013,14.0,yeongam,False,0.0,False,0.0,True,maldonado,Venezuelan,,18,13,1.0,0.0,16.0,1,0,9,2.799999999999997,28.0
5303,1996,1.0,albert_park,False,0.0,True,0.0,False,diniz,Brazilian,ligier,20,Auto%#,0.0,0.0,0.0,0,0,0,3.899999999999992,25.0
3326,1991,4.0,monaco,False,0.0,True,0.0,False,alboreto,Italian,footwork,22,19,0.0,0.0,28.0,0,0,16,3.799999999999997,34.0
7367,2001,14.0,spa,False,0.0,False,0.0,False,irvine,British,jaguar,17,20,4.0,0.0,13.0,5,0,8,7.600000000000008,35.0
8948,2006,5.0,nurburgring,False,0.0,False,0.0,False,klien,Austrian,red_bull,,19,1.0,0.0,,2,0,,3.1000000000000085,23.0
,2004,18.0,interlagos,False,0.0,False,0.0,False,michael_schumacher,German,ferrari,18,7,146.0,13.0,1.0,254,15,1,0.8000000000000114,35.0
1342,1986,8.0,ricard,False,,True,0.0,False,piquet,Brazilian,williams,3,3,19.0,1.0,,48,3,1,0.2999999999999971,33.0
14378,2019,13.0,spa,False,0.0,False,0.0,True,sainz,Spanish,mclaren,15,19,58.0,0.0,7.0,82,0,4,4.0,25.0
9238,,1.0,albert_park,True,0.0,False,0.0,False,heidfeld,German,bmw_sauber,3,4,0.0,0.0,,0,0,0,0.5,29.0
9661,2008,3.0,Auto%#,False,0.0,True,0.0,False,barrichello,Brazilian,honda,12,11,0.0,0.0,16.0,0,0,9,-0.5999999999999943,35.0
13293,2016,20.0,interlagos,False,0.0,,1.0,False,ericsson,,sauber,20,21,0.0,0.0,21.0,0,0,11,2.8999999999999915,26.0
6380,1999,2.0,interlagos,False,0.0,True,0.0,False,coulthard,British,mclaren,2,18,0.0,0.0,0.0,0,0,0,0.1000000000000085,28.0
10847,2011,5.0,catalunya,True,0.0,False,0.0,False,webber,Australian,red_bull,1,4,55.0,0.0,3.0,148,3,1,0.0,34.0
6299,1998,15.0,nurburgring,False,0.0,True,0.0,False,michael_schumacher,German,ferrari,1,2,80.0,6.0,2.0,118,6,2,0.0,
14345,2019,12.0,hungaroring,True,0.0,False,,False,sainz,Auto%#,mclaren,8,Auto%#,48.0,0.0,7.0,70,0,4,1.3000000000000114,24.0
5460,1996,8.0,,True,0.0,False,0.0,False,rosset,Brazilian,,21,20,0.0,0.0,19.0,1,0,9,4.1000000000000085,27.0
4317,1993,11.0,hungaroring,False,0.0,False,0.0,False,warwick,British,footwork,9,4,1.0,0.0,17.0,1,,10,3.1000000000000085,38.0
855,1985,4.0,monaco,False,0.0,True,0.0,False,mansell,British,,2,7,4.0,0.0,7.0,4,0,6,0.0999999999999943,31.0
4595,1994,6.0,villeneuve,False,0.0,False,0.0,False,berger,Austrian,ferrari,3,4,10.0,0.0,3.0,25,0,2,0.8999999999999915,34.0
13730,2018,1.0,albert_park,True,0.0,False,0.0,False,sirotkin,Russian,williams,19,20,0.0,0.0,0.0,0,0,0,3.700000000000003,22.0
9340,2007,5.0,monaco,False,0.0,False,0.0,False,davidson,British,super_aguri,17,18,0.0,0.0,17.0,1,0,7,2.5999999999999943,28.0
8341,2004,12.0,,True,0.0,False,0.0,False,pantano,,jordan,17,15,0.0,0.0,21.0,5,0,8,2.9000000000000057,25.0
13102,2016,12.0,hockenheimring,False,0.0,True,0.0,True,vettel,German,ferrari,6,5,110.0,0.0,5.0,224,0,2,0.8999999999999915,29.0
4045,1992,16.0,adelaide,False,0.0,False,,True,morbidelli,Italian,minardi,16,10,0.0,0.0,21.0,1,0,11,3.5999999999999943,24.0
13784,2018,4.0,BAK,False,0.0,False,0.0,True,bottas,Finnish,mercedes,3,14,40.0,0.0,3.0,85,0,1,0.2999999999999971,28.0
5069,1995,8.0,silverstone,False,0.0,False,0.0,False,michael_schumacher,German,benetton,2,14,46.0,4.0,1.0,58,4,1,0.3000000000000113,26.0
2523,1989,5.0,phoenix,False,0.0,False,0.0,False,martini,Italian,minardi,15,19,0.0,0.0,27.0,0,0,16,2.9000000000000057,28.0
8889,2006,3.0,albert_park,True,0.0,False,0.0,True,heidfeld,German,bmw_sauber,8,4,0.0,0.0,18.0,2,0,6,2.3999999999999915,28.0
12551,2015,4.0,,False,0.0,False,0.0,False,vettel,German,ferrari,2,5,55.0,1.0,2.0,79,1,2,0.4000000000000057,27.0
13318,2017,1.0,albert_park,False,0.0,False,0.0,False,hamilton,British,mercedes,1,2,0.0,0.0,0.0,0,0,0,0.0,32.0
2954,1990,6.0,rodriguez,False,0.0,False,0.0,False,donnelly,British,team_lotus,12,8,0.0,0.0,17.0,1,0,8,1.7999999999999972,26.0
4420,1993,15.0,suzuka,False,0.0,False,0.0,True,damon_hill,British,williams,6,4,62.0,3.0,2.0,149,10,1,1.2000000000000028,33.0
3260,1991,2.0,interlagos,False,0.0,False,1.0,True,piquet,Brazilian,benetton,7,5,4.0,0.0,3.0,4,0,4,2.1999999999999886,38.0
3862,1992,9.0,silverstone,False,0.0,True,0.0,False,capelli,Italian,ferrari,14,9,2.0,0.0,13.0,13,0,4,5.599999999999994,29.0
11198,2011,19.0,interlagos,True,0.0,False,,False,liuzzi,Italian,hrt,21,21,0.0,0.0,23.0,0,0,11,4.699999999999989,31.0
9065,2006,11.0,magny_cours,True,0.0,False,0.0,False,fisichella,Italian,renault,7,6,43.0,1.0,3.0,131,7,Auto%#,0.7999999999999972,33.0
10264,2009,16.0,interlagos,False,0.0,True,0.0,True,button,,brawn,14,5,85.0,6.0,1.0,156,,1,2.9000000000000057,
7511,2002,4.0,imola,False,0.0,False,0.0,False,heidfeld,German,sauber,7,10,2.0,0.0,9.0,3,0,6,1.7000000000000028,24.0
5981,1997,17.0,jerez,True,0.0,Auto%#,0.0,False,nakano,Japanese,prost,15,10,2.0,0.0,19.0,21,0,6,1.3000000000000114,26.0
10171,2009,11.0,valencia,True,0.0,True,0.0,False,kubica,Polish,bmw_sauber,10,8,2.0,0.0,15.0,,0,,1.0,24.0
864,1985,4.0,monaco,False,0.0,True,0.0,False,senna,Auto%#,team_lotus,1,16,9.0,1.0,4.0,25,2,1,0.0,25.0
6194,,10.0,osterreichring,True,0.0,False,0.0,False,ralf_schumacher,German,jordan,9,5,1.0,0.0,13.0,,0,8,2.300000000000012,23.0
1238,1986,3.0,imola,True,0.0,False,0.0,False,laffite,French,ligier,14,20,4.0,0.0,4.0,7,0,3,3.300000000000012,
3432,,,silverstone,True,0.0,False,0.0,False,alboreto,Italian,footwork,26,21,0.0,0.0,0.0,0,0,17,5.299999999999997,34.0
4227,1993,7.0,villeneuve,False,0.0,False,0.0,False,,Italian,,25,15,0.0,0.0,18.0,,0,11,5.400000000000006,22.0
4293,1993,10.0,hockenheimring,False,0.0,True,0.0,False,berger,Austrian,ferrari,9,6,5.0,0.0,11.0,9,0,6,2.5,33.0
14003,2018,15.0,marina_bay,False,0.0,False,0.0,False,perez,Mexican,force_india,7,16,46.0,0.0,9.0,32,0,7,,28.0
8417,2004,16.0,shanghai,True,0.0,False,0.0,False,villeneuve,Canadian,renault,12,11,0.0,0.0,0.0,91,1,3,1.4000000000000057,33.0
7645,2002,10.0,silverstone,False,0.0,False,0.0,,bernoldi,Brazilian,arrows,,16,0.0,0.0,22.0,2,0,10,2.799999999999997,23.0
2876,1990,3.0,imola,True,0.0,False,0.0,False,donnelly,British,team_lotus,11,8,0.0,0.0,24.0,0,0,14,3.5,26.0
12188,2014,5.0,catalunya,True,0.0,False,0.0,False,raikkonen,Finnish,,6,7,11.0,0.0,12.0,52,0,4,1.8999999999999917,34.0
1921,1987,14.0,rodriguez,True,0.0,False,0.0,False,campos,Spanish,,19,14,0.0,0.0,26.0,0,0,14,5.599999999999994,27.0
9234,2006,18.0,interlagos,False,0.0,False,0.0,False,rosberg,German,williams,13,22,4.0,0.0,17.0,11,0,8,1.0,
2035,1988,2.0,imola,True,0.0,False,0.0,False,,Italian,march,9,25,0.0,0.0,22.0,0,0,15,4.400000000000006,24.0
9114,2006,13.0,hungaroring,False,1.0,False,1.0,False,trulli,Italian,toyota,8,12,10.0,0.0,12.0,23,0,5,1.5,32.0
5107,1995,10.0,hungaroring,True,0.0,False,0.0,False,herbert,British,benetton,9,4,25.0,1.0,4.0,81,6,1,3.0999999999999943,31.0
9782,2008,9.0,silverstone,False,0.0,False,0.0,False,bourdais,French,toro_rosso,13,11,2.0,0.0,18.0,7,0,9,-0.5,29.0
8346,2004,12.0,hockenheimring,True,0.0,False,0.0,False,raikkonen,Finnish,mclaren,3,20,18.0,0.0,7.0,32,0,5,0.4000000000000057,24.0
243,1983,10.0,hockenheimring,False,0.0,True,0.0,False,ghinzani,Italian,osella,26,16,,0.0,30.0,0,0,15,9.200000000000005,31.0
9030,2006,9.0,villeneuve,True,0.0,False,0.0,False,monteiro,Portuguese,mf1,18,14,0.0,0.0,20.0,0,0,10,2.1999999999999886,29.0
8849,2006,1.0,bahrain,False,0.0,True,0.0,,klien,Austrian,red_bull,8,8,0.0,0.0,0.0,0,0,0,1.6999999999999886,23.0
10680,2010,17.0,yeongam,False,0.0,False,0.0,False,massa,Brazilian,ferrari,6,3,,0.0,6.0,334,4,3,1.0,29.0
12667,2015,10.0,hungaroring,False,0.0,False,0.0,False,kvyat,Russian,red_bull,7,2,27.0,0.0,,63,0,4,1.2999999999999972,21.0
12145,2014,3.0,bahrain,False,,True,,,bottas,Finnish,williams,3,8,14.0,0.0,8.0,20,0,4,1.0,24.0
10176,2009,11.0,valencia,True,0.0,True,0.0,False,trulli,Italian,toyota,18,13,0.0,0.0,6.0,0,0,4,0.2999999999999971,
4851,1994,15.0,suzuka,False,,False,,False,noda,Japanese,larrousse,23,26,0.0,0.0,0.0,2,0,11,3.799999999999997,25.0
5909,1997,14.0,osterreichring,True,0.0,False,0.0,False,coulthard,British,mclaren,10,2,24.0,2.0,5.0,38,2,4,0.7999999999999972,26.0
6479,1999,7.0,magny_cours,False,,True,1.0,False,panis,French,prost,3,8,1.0,0.0,13.0,2,0,7,2.0,32.0
11608,2012,18.0,yas_marina,False,0.0,False,0.0,False,button,British,mclaren,5,4,141.0,2.0,6.0,306,5,3,0.7000000000000028,32.0
8013,2003,12.0,hockenheimring,True,0.0,,0.0,False,matta,Brazilian,toyota,9,6,5.0,0.0,13.0,7,0,9,1.2999999999999972,29.0
6403,1999,3.0,imola,False,0.0,False,0.0,False,wurz,Austrian,benetton,17,20,0.0,0.0,11.0,3,0,5,2.3999999999999915,25.0
11943,2013,13.0,marina_bay,False,0.0,True,0.0,False,raikkonen,Finnish,lotus_f1,13,3,,1.0,4.0,191,1,4,1.9000000000000057,33.0
10129,2009,9.0,nurburgring,True,0.0,False,0.0,True,button,British,brawn,3,5,64.0,6.0,1.0,105,6,1,0.2999999999999971,29.0
7107,2001,3.0,interlagos,False,0.0,True,1.0,False,,British,mclaren,5,1,10.0,0.0,3.0,11,0,2,0.4000000000000057,30.0
5995,1998,1.0,albert_park,True,0.0,False,0.0,False,,British,mclaren,2,2,,,0.0,0,0,0,0.0999999999999943,26.0
5430,,7.0,catalunya,False,0.0,False,1.0,False,herbert,British,sauber,9,10,4.0,0.0,12.0,7,0,7,2.299999999999997,31.0
4000,1992,14.0,estoril,False,0.0,False,0.0,False,comas,French,ligier,14,17,4.0,0.0,11.0,4,0,8,4.299999999999997,28.0
1088,1985,13.0,Auto%#,False,0.0,,0.0,False,rothengatter,Dutch,osella,23,14,0.0,0.0,23.0,0,0,11,10.5,30.0
13325,2017,1.0,albert_park,False,0.0,False,0.0,False,kvyat,Russian,toro_rosso,9,9,0.0,0.0,0.0,0,0,0,2.299999999999997,22.0
13371,2017,3.0,bahrain,False,,,0.0,False,sainz,Spanish,toro_rosso,16,16,10.0,0.0,7.0,12,0,4,3.299999999999997,22.0
5761,1997,7.0,villeneuve,True,0.0,False,0.0,False,diniz,Brazilian,Auto%#,16,8,0.0,0.0,21.0,0,0,11,2.1000000000000085,
7531,2002,5.0,catalunya,False,0.0,Auto%#,0.0,False,trulli,Italian,renault,9,10,0.0,0.0,18.0,8,0,4,1.5,27.0
6295,1998,14.0,monza,True,0.0,False,0.0,False,nakano,Japanese,minardi,21,20,0.0,0.0,18.0,0,0,10,3.799999999999997,27.0
1817,1987,10.0,osterreichring,False,0.0,True,0.0,Auto%#,brundle,British,zakspeed,17,15,2.0,0.0,16.0,2,0,9,6.5,28.0
2739,1989,14.0,jerez,True,0.0,False,0.0,False,senna,Brazilian,mclaren,,1,,5.0,2.0,128,9,1,0.0,29.0
4340,1993,12.0,spa,True,0.0,False,0.0,False,damon_hill,British,Auto%#,2,1,38.0,1.0,3.0,115,8,1,0.9000000000000057,32.0
4284,1993,9.0,silverstone,False,,True,0.0,False,berger,Austrian,ferrari,13,22,5.0,0.0,11.0,9,0,5,4.299999999999997,33.0
8009,2003,12.0,hockenheimring,True,0.0,False,0.0,False,coulthard,British,mclaren,10,2,33.0,1.0,7.0,95,2,3,1.5,32.0
4800,1994,14.0,jerez,,0.0,False,0.0,False,michael_schumacher,German,benetton,1,1,76.0,7.0,1.0,87,7,2,0.0,25.0
6799,2000,5.0,catalunya,False,0.0,True,0.0,False,diniz,Brazilian,,15,22,0.0,0.0,16.0,1,0,7,1.7999999999999972,29.0
7691,2002,13.0,hungaroring,True,0.0,False,0.0,False,barrichello,Brazilian,ferrari,1,1,35.0,1.0,4.0,141,10,1,0.0,30.0
3800,1992,6.0,monaco,False,0.0,True,0.0,False,morbidelli,Italian,minardi,12,25,0.0,0.0,,0,0,11,3.200000000000003,24.0
7415,2001,17.0,suzuka,False,0.0,False,0.0,False,montoya,Colombian,Auto%#,2,2,25.0,1.0,6.0,73,4,3,0.7000000000000028,26.0
7652,2002,11.0,magny_cours,True,0.0,False,0.0,False,raikkonen,Finnish,mclaren,4,2,11.0,0.0,6.0,37,1,3,0.2000000000000028,22.0
4808,1994,14.0,jerez,True,0.0,False,0.0,False,panis,French,ligier,11,9,7.0,0.0,11.0,11,0,7,1.6000000000000083,28.0
14613,2020,5.0,silverstone,True,0.0,False,0.0,False,max_verstappen,Dutch,red_bull,4,1,52.0,0.0,3.0,78,0,2,1.0,22.0
13293,2016,20.0,interlagos,False,0.0,False,1.0,False,ericsson,Swedish,sauber,20,21,0.0,0.0,21.0,0,0,11,2.8999999999999915,26.0
10307,2010,1.0,bahrain,True,0.0,False,0.0,False,webber,Australian,red_bull,6,,0.0,0.0,0.0,0,0,0,1.2000000000000028,33.0
14320,2019,10.0,silverstone,False,0.0,False,0.0,True,kevin_magnussen,Danish,haas,16,20,14.0,0.0,12.0,,0,9,1.6000000000000083,26.0
12573,,5.0,catalunya,False,0.0,False,0.0,False,ricciardo,Australian,red_bull,10,7,19.0,0.0,7.0,23,0,4,2.0999999999999943,25.0
14317,2019,10.0,silverstone,False,0.0,False,0.0,,perez,Mexican,racing_point,15,17,13.0,0.0,13.0,19,0,7,1.8000000000000114,29.0
2624,1989,9.0,,False,0.0,False,0.0,True,gugelmin,Brazilian,march,14,16,4.0,0.0,13.0,4,0,10,5.1000000000000085,26.0
5123,1995,10.0,hungaroring,True,0.0,False,0.0,False,diniz,Auto%#,forti,23,20,0.0,0.0,24.0,0,0,13,7.700000000000003,25.0
8969,2006,6.0,catalunya,True,,False,0.0,False,albers,Dutch,mf1,18,18,0.0,0.0,19.0,0,0,10,3.4000000000000057,27.0
14860,2020,17.0,yas_marina,True,0.0,False,,False,stroll,Canadian,racing_point,8,10,74.0,0.0,10.0,,1,3,0.7999999999999972,22.0
1282,1986,5.0,spa,False,0.0,True,0.0,False,arnoux,French,ligier,7,18,5.0,0.0,8.0,10,0,4,1.2999999999999972,37.0
12234,2014,7.0,villeneuve,False,0.0,False,0.0,False,,Finnish,ferrari,10,10,17.0,0.0,12.0,78,0,3,1.2999999999999972,34.0
14269,2019,8.0,ricard,True,0.0,False,0.0,False,hulkenberg,German,renault,13,8,12.0,0.0,13.0,28,0,5,2.200000000000003,31.0
2441,1989,2.0,imola,True,0.0,,,False,sala,Spanish,minardi,15,Auto%#,0.0,0.0,25.0,0,0,15,3.5,29.0
14380,2019,14.0,monza,False,0.0,False,0.0,True,leclerc,Monegasque,ferrari,1,1,157.0,1.0,5.0,326,1,2,0.0,21.0
10496,2010,9.0,valencia,False,,,0.0,False,massa,Brazilian,ferrari,5,11,67.0,0.0,8.0,161,1,3,0.5,29.0
1415,1986,10.0,hockenheimring,False,0.0,True,0.0,False,,French,tyrrell,18,24,1.0,0.0,14.0,,0,7,5.400000000000006,31.0
3917,1992,11.0,hungaroring,False,0.0,True,0.0,False,michael_schumacher,German,benetton,4,12,33.0,0.0,3.0,49,0,2,1.0,23.0
2308,1988,,estoril,True,0.0,False,0.0,False,larini,Italian,osella,25,12,0.0,0.0,25.0,0,0,15,4.699999999999989,24.0
2097,1988,5.0,villeneuve,True,0.0,False,0.0,False,cesaris,Italian,rial,12,9,0.0,0.0,25.0,0,0,17,3.299999999999997,29.0
6448,1999,5.0,catalunya,False,0.0,True,0.0,False,gene,Spanish,minardi,21,21,0.0,0.0,19.0,0,0,11,3.6000000000000085,25.0
2673,,11.0,spa,False,1.0,False,0.0,False,grouillard,French,ligier,26,13,1.0,0.0,21.0,3,0,12,6.099999999999994,30.0
5990,1997,17.0,jerez,True,0.0,False,0.0,False,damon_hill,British,arrows,4,19,7.0,0.0,13.0,9,0,8,0.0,37.0
,1994,14.0,jerez,True,0.0,False,0.0,False,bernard,French,team_lotus,22,18,4.0,0.0,16.0,0,0,12,2.799999999999997,
3611,1991,15.0,suzuka,True,0.0,False,0.0,False,morbidelli,Italian,minardi,8,18,0.0,0.0,25.0,6,0,7,3.5,23.0
6513,1999,8.0,silverstone,False,0.0,True,0.0,False,badoer,Italian,minardi,21,20,0.0,,20.0,0,0,11,3.9000000000000057,28.0
14460,2019,18.0,rodriguez,False,0.0,,,True,leclerc,Monegasque,ferrari,1,4,223.0,2.0,3.0,435,3,2,0.0,22.0
9807,2008,10.0,hockenheimring,,0.0,False,0.0,False,fisichella,Italian,force_india,20,16,0.0,0.0,19.0,0,0,10,1.2999999999999972,35.0
8327,2004,12.0,hockenheimring,True,0.0,False,0.0,,michael_schumacher,German,ferrari,1,Auto%#,100.0,10.0,,174,10,1,0.0,35.0
8073,2003,15.0,indianapolis,False,0.0,False,1.0,False,montoya,Colombian,williams,4,6,79.0,2.0,2.0,141,4,1,0.2000000000000028,28.0
,2014,13.0,monza,False,0.0,False,0.0,False,ricciardo,Australian,red_bull,9,5,156.0,3.0,3.0,254,3,2,1.6000000000000083,25.0
14272,2019,8.0,ricard,True,,False,0.0,False,ricciardo,Australian,renault,8,11,16.0,0.0,8.0,28,0,5,1.6000000000000083,29.0
13882,2018,9.0,red_bull_ring,True,0.0,False,0.0,False,sainz,Spanish,renault,9,12,28.0,0.0,9.0,62,0,4,1.6000000000000014,23.0
2206,1988,9.0,hockenheimring,False,1.0,False,1.0,False,ghinzani,Italian,Auto%#,23,14,0.0,0.0,29.0,0,0,18,8.100000000000009,36.0
12854,2015,19.0,yas_marina,False,0.0,False,0.0,False,kvyat,Russian,red_bull,9,10,94.0,0.0,7.0,178,0,4,1.7000000000000028,21.0
12297,2014,,hockenheimring,False,0.0,False,0.0,True,kevin_magnussen,Danish,mclaren,4,9,35.0,0.0,9.0,90,0,6,0.7000000000000028,21.0
5734,1997,6.0,catalunya,True,0.0,False,0.0,Auto%#,alesi,French,benetton,4,Auto%#,3.0,0.0,13.0,13,0,4,1.2000000000000028,32.0
14390,2019,14.0,monza,False,0.0,False,0.0,True,gasly,French,toro_rosso,17,11,65.0,0.0,6.0,51,0,5,1.7999999999999972,23.0
1167,,16.0,adelaide,True,0.0,False,0.0,False,cheever,American,alfa,13,24,0.0,0.0,23.0,0,0,10,3.799999999999997,27.0
5448,1996,8.0,villeneuve,True,0.0,False,0.0,False,fisichella,Italian,minardi,16,8,0.0,0.0,22.0,0,0,10,2.4000000000000057,23.0
2950,1990,6.0,rodriguez,False,0.0,False,0.0,False,nannini,Italian,benetton,14,4,4.0,0.0,9.0,16,0,4,2.0,30.0
2025,1988,2.0,imola,True,0.0,False,0.0,False,gugelmin,Brazilian,march,20,15,0.0,0.0,24.0,0,0,15,,25.0
,1987,11.0,monza,False,0.0,True,0.0,False,cheever,,arrows,13,20,,0.0,13.0,7,0,7,,29.0
3832,,8.0,magny_cours,False,0.0,,0.0,False,comas,French,ligier,10,5,1.0,0.0,13.0,,0,10,3.0,28.0
11671,2012,20.0,interlagos,False,0.0,False,1.0,False,resta,British,force_india,10,19,46.0,0.0,13.0,,0,7,1.5999999999999943,26.0
5345,1996,3.0,galvez,False,0.0,True,0.0,False,montermini,Italian,forti,22,10,0.0,0.0,0.0,0,0,10,5.400000000000006,31.0
2372,1988,15.0,suzuka,False,1.0,False,1.0,False,capelli,Italian,march,4,24,16.0,0.0,8.0,21,0,5,1.6999999999999886,25.0
2280,1988,12.0,monza,True,0.0,False,0.0,False,senna,Brazilian,mclaren,1,10,75.0,7.0,1.0,147,11,1,0.0,
3414,1991,8.0,silverstone,True,0.0,False,0.0,False,prost,French,ferrari,5,3,17.0,0.0,4.0,25,0,3,1.5999999999999943,36.0
3266,1991,2.0,interlagos,False,0.0,False,1.0,True,pirro,Italian,dallara,12,,,0.0,23.0,0,0,16,2.8999999999999915,29.0
6424,1999,4.0,monaco,False,0.0,True,0.0,False,rosa,Spanish,arrows,21,19,1.0,0.0,11.0,1,0,7,3.799999999999997,28.0
4065,,1.0,kyalami,True,0.0,False,0.0,False,fittipaldi,Brazilian,minardi,13,4,0.0,0.0,0.0,0,0,0,3.5999999999999943,22.0
12071,2013,18.0,americas,False,0.0,False,0.0,False,chilton,British,marussia,21,21,0.0,0.0,22.0,0,0,10,5.1000000000000085,22.0
10503,2010,9.0,valencia,False,0.0,False,0.0,False,chandhok,Indian,hrt,23,18,0.0,0.0,20.0,0,0,11,5.0,26.0
742,1984,15.0,nurburgring,True,0.0,False,0.0,False,senna,Brazilian,toleman,,23,9.0,0.0,11.0,12,0,7,3.5,
955,1985,8.0,silverstone,False,0.0,False,0.0,True,lauda,Austrian,mclaren,10,12,3.0,0.0,13.0,29,2,3,2.1000000000000085,36.0
3514,1991,11.0,spa,False,0.0,False,,False,gugelmin,Brazilian,leyton,15,25,0.0,0.0,23.0,1,0,10,4.799999999999997,28.0
10502,2010,9.0,valencia,False,0.0,False,0.0,False,grassi,Brazilian,virgin,21,17,0.0,0.0,21.0,0,0,12,4.5,25.0
5777,1997,8.0,,False,0.0,True,1.0,False,frentzen,German,williams,2,Auto%#,13.0,1.0,5.0,43,4,2,0.2000000000000028,30.0
332,1983,14.0,brands_hatch,False,0.0,True,0.0,False,piquet,Brazilian,brabham,4,1,46.0,2.0,3.0,50,,3,0.6000000000000085,31.0
1844,1987,11.0,Auto%#,False,0.0,True,0.0,False,nannini,Italian,minardi,18,16,0.0,0.0,24.0,0,0,14,6.200000000000003,28.0
,1985,16.0,adelaide,True,0.0,False,0.0,False,ghinzani,Italian,toleman,21,18,0.0,0.0,24.0,0,0,15,,33.0
8209,2004,6.0,monaco,True,0.0,True,0.0,False,button,British,bar,2,2,24.0,0.0,3.0,32,0,3,0.4000000000000057,24.0
4780,1994,13.0,estoril,True,0.0,False,0.0,False,irvine,British,jordan,13,7,1.0,0.0,24.0,17,0,5,1.7000000000000028,28.0
2462,1989,3.0,,True,0.0,False,0.0,False,boutsen,Belgian,williams,3,10,3.0,0.0,8.0,3,0,6,2.0,31.0
695,1984,14.0,monza,False,0.0,True,0.0,False,alboreto,Italian,ferrari,11,2,0.0,1.0,8.0,0,1,3,3.200000000000003,27.0
14853,2020,17.0,yas_marina,True,0.0,False,0.0,False,hamilton,British,mercedes,,3,332.0,11.0,,540,13,1,0.0999999999999943,35.0
4878,,1.0,interlagos,False,0.0,False,0.0,True,michael_schumacher,German,benetton,2,1,0.0,0.0,0.0,0,0,0,0.3000000000000113,26.0
5059,1995,8.0,silverstone,False,0.0,False,0.0,False,panis,French,ligier,13,4,4.0,0.0,10.0,7,0,6,3.700000000000003,28.0
3740,1992,4.0,catalunya,False,0.0,True,1.0,False,gachot,Belgian,larrousse,24,17,0.0,0.0,18.0,0,0,11,5.5,29.0
7651,2002,11.0,magny_cours,True,0.0,False,0.0,False,michael_schumacher,German,ferrari,2,1,86.0,7.0,1.0,118,8,1,0.0,33.0
14501,2019,20.0,interlagos,True,0.0,False,0.0,Auto%#,ricciardo,Australian,renault,11,6,46.0,0.0,9.0,83,0,5,1.4000000000000057,30.0
2268,1988,11.0,spa,False,0.0,True,,True,dalmas,French,larrousse,23,24,0.0,0.0,18.0,0,0,11,,27.0
13516,2017,11.0,hungaroring,True,0.0,,0.0,False,hamilton,British,mercedes,4,4,176.0,4.0,2.0,330,6,1,0.4000000000000057,32.0
10542,,11.0,hockenheimring,False,0.0,False,0.0,False,michael_schumacher,German,mercedes,11,9,36.0,0.0,9.0,126,0,4,1.2000000000000028,41.0
3444,1991,9.0,hockenheimring,True,0.0,False,0.0,False,senna,Brazilian,mclaren,2,7,51.0,4.0,1.0,67,4,1,,31.0
6092,1998,5.0,catalunya,True,0.0,False,0.0,False,ralf_schumacher,German,jordan,11,11,0.0,0.0,11.0,0,0,6,2.6000000000000085,22.0
14471,2019,18.0,rodriguez,False,0.0,False,0.0,True,kevin_magnussen,Danish,haas,17,,20.0,0.0,16.0,28,0,9,3.4000000000000057,27.0
7848,2003,3.0,interlagos,False,0.0,False,0.0,False,wilson,British,minardi,20,19,0.0,0.0,0.0,0,0,8,2.799999999999997,24.0
9649,2008,2.0,sepang,False,0.0,False,0.0,True,glock,German,toyota,10,21,0.0,0.0,0.0,0,0,0,4.0,26.0
9316,2007,4.0,catalunya,True,0.0,False,0.0,False,ralf_schumacher,German,toyota,17,16,1.0,0.0,11.0,5,0,4,1.2999999999999972,31.0
14841,2020,16.0,bahrain,True,0.0,False,0.0,False,gasly,French,alphatauri,9,11,71.0,1.0,,97,1,7,0.8000000000000043,24.0
6915,2000,11.0,hockenheimring,False,0.0,Auto%#,0.0,False,ralf_schumacher,German,williams,14,7,14.0,0.0,6.0,19,0,Auto%#,3.0999999999999943,25.0
13340,2017,2.0,shanghai,False,0.0,False,1.0,False,raikkonen,Finnish,ferrari,4,5,12.0,0.0,4.0,37,1,1,0.3999999999999915,37.0
9375,2007,7.0,indianapolis,True,0.0,Auto%#,0.0,False,fisichella,Auto%#,renault,10,9,13.0,0.0,6.0,21,0,3,1.7000000000000028,34.0
8459,2004,18.0,interlagos,False,0.0,False,0.0,False,zonta,Brazilian,toyota,Auto%#,13,0.0,0.0,22.0,9,0,8,1.4000000000000057,28.0
3517,1991,12.0,monza,True,0.0,False,0.0,False,senna,Brazilian,mclaren,1,2,71.0,6.0,1.0,99,6,1,0.0,31.0
6661,1999,15.0,sepang,False,0.0,True,0.0,False,rosa,Spanish,arrows,20,14,1.0,0.0,,1,0,9,3.899999999999992,28.0
10169,2009,11.0,valencia,True,0.0,True,0.0,False,alonso,Spanish,renault,8,6,13.0,0.0,11.0,13,0,7,0.7000000000000028,28.0
2057,1988,3.0,monaco,True,0.0,True,0.0,False,cheever,American,arrows,9,21,0.0,0.0,10.0,3,0,5,4.200000000000003,30.0
8900,2006,3.0,albert_park,True,0.0,False,0.0,True,monteiro,Portuguese,mf1,20,15,0.0,0.0,19.0,0,0,10,5.5,29.0
12899,2016,2.0,bahrain,False,0.0,False,0.0,False,hulkenberg,German,force_india,8,15,6.0,0.0,7.0,6,0,6,2.0999999999999943,28.0
4004,1992,14.0,estoril,False,0.0,False,0.0,False,capelli,Italian,ferrari,16,21,3.0,,13.0,16,0,4,4.299999999999997,29.0
10773,2011,2.0,sepang,False,0.0,True,0.0,False,button,British,mclaren,4,2,8.0,0.0,6.0,26,0,2,0.2999999999999971,31.0
8929,2006,4.0,imola,True,0.0,False,0.0,False,albers,Dutch,mf1,20,22,0.0,0.0,19.0,0,0,10,4.299999999999997,27.0
8139,2004,2.0,sepang,False,,False,1.0,False,panis,French,toyota,Auto%#,12,0.0,0.0,13.0,0,0,8,2.5,37.0
9645,2008,2.0,sepang,False,0.0,False,0.0,True,nakajima,Japanese,williams,22,17,3.0,0.0,6.0,9,0,2,0.7000000000000028,23.0
7670,2002,12.0,hockenheimring,False,0.0,False,0.0,False,michael_schumacher,German,ferrari,1,1,96.0,8.0,1.0,128,9,,0.0,33.0
1505,1986,14.0,estoril,False,0.0,True,0.0,False,dumfries,British,,15,9,2.0,0.0,13.0,50,2,3,4.899999999999992,28.0
8510,2005,3.0,bahrain,False,0.0,False,0.0,False,ralf_schumacher,German,toyota,6,4,4.0,0.0,8.0,12,0,2,1.4000000000000057,29.0
14832,2020,16.0,bahrain,True,0.0,False,0.0,False,ocon,French,,11,2,42.0,0.0,12.0,144,0,5,0.6000000000000014,24.0
13034,2016,8.0,BAK,False,0.0,False,0.0,,sainz,Spanish,toro_rosso,18,21,18.0,,14.0,32,0,6,2.200000000000003,
6774,2000,4.0,silverstone,False,0.0,False,0.0,False,zonta,Brazilian,bar,,19,,0.0,10.0,6,0,6,2.0999999999999943,24.0
8633,2005,9.0,indianapolis,False,0.0,False,0.0,False,alonso,Spanish,renault,6,11,59.0,4.0,1.0,76,5,1,0.8000000000000114,23.0
3301,1991,3.0,imola,False,0.0,True,,False,satoru_nakajima,Japanese,tyrrell,10,20,2.0,0.0,7.0,5,0,5,3.3999999999999915,38.0
3082,1990,,spa,False,0.0,True,0.0,False,gugelmin,Brazilian,leyton,14,6,0.0,0.0,20.0,6,0,6,3.6999999999999886,27.0
3835,1992,8.0,magny_cours,False,0.0,False,0.0,False,morbidelli,Italian,minardi,16,8,0.0,0.0,19.0,0,0,12,3.799999999999997,24.0
1355,1986,8.0,ricard,False,0.0,True,0.0,False,streiff,French,,17,16,0.0,0.0,15.0,2,0,7,3.200000000000003,31.0
920,1985,7.0,ricard,False,0.0,False,0.0,False,keke_rosberg,Finnish,williams,1,2,12.0,1.0,5.0,17,1,4,0.0,36.0
345,1983,14.0,brands_hatch,False,0.0,True,0.0,,johansson,,spirit,19,14,0.0,0.0,25.0,0,0,13,3.8000000000000114,27.0
947,1985,,silverstone,False,0.0,False,0.0,True,piquet,Brazilian,brabham,2,4,10.0,1.0,7.0,,1,6,0.6000000000000085,32.0
11175,2011,18.0,yas_marina,True,0.0,True,0.0,False,,Swiss,Auto%#,13,22,15.0,0.0,15.0,41,0,8,2.5,23.0
13849,2018,7.0,villeneuve,False,0.0,False,0.0,False,brendon_hartley,New Zealander,toro_rosso,12,19,1.0,0.0,18.0,19,0,7,1.7999999999999972,28.0
,2009,14.0,marina_bay,True,0.0,True,0.0,False,glock,German,toyota,6,2,16.0,0.0,12.0,0,0,5,1.2999999999999972,27.0
1901,1987,13.0,,True,0.0,False,0.0,False,nannini,Italian,minardi,21,21,0.0,0.0,24.0,0,0,14,6.099999999999994,28.0
3915,1992,11.0,hungaroring,False,0.0,True,0.0,False,gugelmin,Brazilian,jordan,21,10,0.0,0.0,20.0,0,0,13,4.5,29.0
5771,1997,7.0,villeneuve,True,0.0,False,0.0,False,katayama,Japanese,minardi,22,18,0.0,0.0,20.0,0,0,10,2.9000000000000057,34.0
9211,2006,17.0,suzuka,True,0.0,False,0.0,False,coulthard,British,red_bull,17,21,14.0,0.0,,16,0,7,2.700000000000003,35.0
8315,2004,11.0,silverstone,False,0.0,False,0.0,False,massa,Brazilian,sauber,10,9,5.0,0.0,12.0,15,0,6,2.0,23.0
14969,2021,6.0,BAK,True,0.0,False,0.0,False,perez,Mexican,red_bull,6,1,44.0,0.0,5.0,149,2,1,0.7000000000000028,31.0
1308,1986,6.0,villeneuve,False,0.0,True,0.0,False,dumfries,British,team_lotus,16,19,0.0,0.0,19.0,25,1,,4.5,28.0
12201,2014,5.0,catalunya,True,0.0,False,0.0,False,ericsson,Swedish,caterham,19,20,0.0,0.0,21.0,0,0,11,5.099999999999994,23.0
11479,2012,12.0,spa,True,0.0,False,0.0,False,rosa,Spanish,hrt,21,18,0.0,0.0,24.0,0,0,12,5.400000000000006,41.0
697,1984,14.0,monza,False,0.0,True,0.0,False,johansson,Swedish,toleman,,4,0.0,0.0,0.0,9,0,7,4.6000000000000085,28.0
10797,2011,3.0,shanghai,True,0.0,False,0.0,False,vettel,German,red_bull,1,2,50.0,,1.0,72,2,1,0.0,23.0
6571,1999,11.0,hungaroring,False,0.0,,0.0,False,salo,Finnish,ferrari,18,12,6.0,0.0,9.0,90,5,1,2.200000000000003,32.0
10950,2011,9.0,silverstone,False,0.0,False,1.0,False,barrichello,Brazilian,williams,15,13,4.0,0.0,15.0,4,0,9,2.6999999999999886,39.0
9526,2007,14.0,spa,True,0.0,True,0.0,False,webber,Australian,red_bull,7,7,8.0,0.0,11.0,16,0,5,1.5,31.0
,1984,8.0,detroit,True,0.0,False,0.0,False,angelis,Italian,team_lotus,5,Auto%#,16.0,0.0,4.0,21,0,4,1.4000000000000057,26.0
12392,2014,14.0,marina_bay,False,0.0,False,0.0,False,gutierrez,Mexican,sauber,14,20,0.0,0.0,20.0,0,0,10,1.5999999999999943,23.0
4884,1995,1.0,interlagos,False,0.0,False,0.0,True,salo,Finnish,tyrrell,12,7,0.0,0.0,0.0,0,0,0,2.300000000000012,28.0
11885,2013,10.0,,True,0.0,False,0.0,False,hulkenberg,German,sauber,12,11,7.0,0.0,15.0,7,0,8,1.1999999999999886,25.0
10822,2011,4.0,istanbul,True,0.0,False,0.0,False,alonso,Spanish,ferrari,5,3,26.0,0.0,5.0,50,0,3,0.9000000000000057,29.0
12821,2015,17.0,rodriguez,False,,False,,False,nasr,Brazilian,sauber,15,17,27.0,0.0,13.0,36,0,Auto%#,2.299999999999997,23.0
4803,,,jerez,True,0.0,,0.0,False,irvine,British,jordan,10,4,1.0,0.0,24.0,20,0,,1.4000000000000057,28.0
3958,1992,13.0,monza,True,0.0,False,0.0,False,senna,Brazilian,mclaren,2,1,36.0,2.0,4.0,60,3,3,0.5999999999999943,32.0
2121,1988,6.0,detroit,True,0.0,False,0.0,False,dalmas,French,larrousse,24,7,0.0,0.0,14.0,0,0,9,5.800000000000011,26.0
2311,1988,13.0,estoril,True,0.0,False,0.0,False,palmer,British,tyrrell,22,15,5.0,0.0,13.0,5,0,Auto%#,4.399999999999992,31.0
7686,2002,12.0,hockenheimring,False,0.0,False,0.0,,button,British,renault,13,17,11.0,0.0,7.0,15,0,4,,22.0
940,1985,7.0,ricard,False,0.0,False,0.0,False,alboreto,Italian,ferrari,3,23,31.0,1.0,1.0,47,1,1,0.7999999999999972,28.0
6606,1999,13.0,monza,True,0.0,True,0.0,False,salo,Finnish,ferrari,6,3,6.0,0.0,10.0,97,5,2,1.2999999999999972,32.0
5090,1995,9.0,,False,0.0,False,0.0,False,frentzen,Auto%#,sauber,,11,5.0,0.0,12.0,5,,7,2.3999999999999915,28.0
7682,2002,12.0,hockenheimring,False,0.0,False,,False,bernoldi,Brazilian,arrows,18,13,0.0,0.0,22.0,2,0,11,2.1999999999999886,23.0
7174,2001,6.0,osterreichring,False,0.0,,0.0,False,michael_schumacher,German,ferrari,1,2,36.0,3.0,1.0,50,3,1,0.0,32.0
7526,2002,5.0,catalunya,False,0.0,False,0.0,False,massa,Brazilian,sauber,11,5,1.0,0.0,12.0,3,0,6,1.6999999999999886,21.0
15032,2021,9.0,red_bull_ring,False,0.0,False,0.0,True,sainz,Spanish,ferrari,10,5,50.0,0.0,7.0,108,0,4,0.8999999999999915,26.0
6181,1998,9.0,silverstone,False,0.0,False,1.0,False,verstappen,Dutch,stewart,15,14,0.0,0.0,23.0,5,0,5,3.6000000000000085,26.0
8663,2005,11.0,silverstone,False,0.0,False,0.0,False,montoya,Colombian,mclaren,3,1,16.0,0.0,11.0,71,3,2,0.5,29.0
9143,2006,14.0,istanbul,True,0.0,False,0.0,,yamamoto,Japanese,super_aguri,20,19,0.0,0.0,,0,0,11,3.6999999999999886,24.0
14795,2020,14.0,istanbul,False,0.0,False,1.0,False,vettel,German,ferrari,11,3,18.0,0.0,14.0,103,0,6,7.400000000000006,33.0
11684,2013,1.0,,True,0.0,False,0.0,Auto%#,resta,British,,9,Auto%#,0.0,0.0,0.0,0,0,0,1.8999999999999917,26.0
4281,1993,9.0,silverstone,False,,True,0.0,False,badoer,Italian,lola,25,19,0.0,0.0,20.0,0,0,12,7.200000000000003,22.0
5646,1997,2.0,interlagos,False,0.0,True,,True,panis,French,prost,5,3,2.0,0.0,5.0,2,0,4,0.7999999999999972,30.0
5567,1996,14.0,monza,False,0.0,True,0.0,False,barrichello,Brazilian,,10,5,12.0,0.0,9.0,15,0,5,2.0,24.0
10420,2010,6.0,monaco,False,0.0,True,0.0,False,rosberg,German,mercedes,6,7,50.0,0.0,5.0,72,0,4,0.7000000000000028,24.0
7055,2000,17.0,sepang,False,0.0,True,0.0,False,zonta,Brazilian,bar,11,15,3.0,0.0,14.0,18,0,5,1.7999999999999972,24.0
5028,1995,6.0,villeneuve,True,0.0,False,0.0,True,montermini,Auto%#,pacific,21,21,0.0,0.0,21.0,0,0,12,5.200000000000003,31.0
10735,2010,19.0,yas_marina,False,0.0,False,0.0,False,massa,Brazilian,ferrari,6,10,143.0,0.0,6.0,389,5,3,0.7999999999999972,29.0
3628,1991,16.0,adelaide,False,0.0,False,1.0,False,zanardi,Italian,jordan,,9,0.0,0.0,,13,0,5,3.4000000000000057,25.0
8573,2005,6.0,monaco,True,0.0,False,0.0,False,massa,Brazilian,sauber,11,9,2.0,0.0,16.0,7,0,7,4.799999999999983,24.0
14444,,17.0,suzuka,True,0.0,False,0.0,False,gasly,French,toro_rosso,9,7,69.0,0.0,6.0,55,0,6,1.7000000000000028,23.0
7976,2003,10.0,magny_cours,False,0.0,False,0.0,False,villeneuve,Canadian,bar,12,9,3.0,0.0,14.0,13,0,5,2.0,32.0
14353,2019,12.0,hungaroring,,0.0,False,0.0,False,kevin_magnussen,Danish,haas,14,13,18.0,0.0,13.0,26,0,8,2.5,26.0
4662,1994,8.0,silverstone,True,0.0,False,0.0,False,berger,Austrian,ferrari,3,19,17.0,0.0,3.0,36,0,2,0.0,34.0
13362,2017,3.0,bahrain,False,0.0,False,0.0,False,perez,Mexican,force_india,18,7,8.0,0.0,9.0,,0,5,3.5,27.0
13833,2018,7.0,villeneuve,False,0.0,False,0.0,False,max_verstappen,Auto%#,red_bull,3,3,35.0,0.0,6.0,107,2,3,0.1000000000000085,20.0
4815,1994,14.0,jerez,True,0.0,False,0.0,False,zanardi,Italian,team_lotus,21,16,0.0,0.0,29.0,0,0,12,2.799999999999997,27.0
14009,2018,16.0,sochi,False,0.0,False,0.0,False,bottas,Finnish,mercedes,1,2,171.0,0.0,4.0,452,7,1,0.0,29.0
3684,1992,2.0,rodriguez,False,0.0,False,0.0,Auto%#,alboreto,Italian,footwork,25,13,0.0,0.0,10.0,0,0,6,4.799999999999997,35.0
2925,1990,5.0,villeneuve,True,0.0,False,0.0,True,prost,French,ferrari,3,5,12.0,1.0,4.0,15,1,3,0.3999999999999915,35.0
8909,2006,4.0,imola,True,0.0,False,0.0,False,alonso,Spanish,renault,Auto%#,2,28.0,2.0,1.0,42,3,1,0.9000000000000057,24.0
12870,2016,1.0,albert_park,False,0.0,,0.0,False,hulkenberg,German,force_india,10,7,0.0,0.0,0.0,0,0,0,2.1000000000000085,28.0
6915,2000,11.0,hockenheimring,False,0.0,False,0.0,False,,German,williams,14,,14.0,0.0,6.0,19,0,3,3.0999999999999943,25.0
13547,2017,12.0,spa,False,0.0,True,0.0,True,kevin_magnussen,Danish,haas,12,15,11.0,0.0,14.0,29,0,7,2.800000000000012,24.0
13988,2018,15.0,marina_bay,False,0.0,False,0.0,False,hamilton,British,mercedes,1,1,256.0,6.0,1.0,415,6,1,0.0,33.0
2956,1990,6.0,rodriguez,False,0.0,False,0.0,False,warwick,,team_lotus,11,10,1.0,0.0,12.0,1,0,8,1.7999999999999972,35.0
10959,2011,9.0,silverstone,False,0.0,False,1.0,False,kobayashi,Japanese,sauber,8,22,,0.0,11.0,27,0,6,1.6999999999999886,24.0
3050,1990,9.0,hockenheimring,True,0.0,False,0.0,False,alliot,French,ligier,24,26,0.0,0.0,20.0,0,0,13,6.399999999999992,36.0
4180,1993,5.0,catalunya,True,0.0,False,0.0,False,cesaris,Italian,tyrrell,24,18,0.0,0.0,0.0,0,0,0,6.6000000000000085,33.0
9036,2006,9.0,villeneuve,True,0.0,False,0.0,False,montagny,French,super_aguri,21,20,0.0,0.0,23.0,0,0,11,4.299999999999997,28.0
6769,2000,4.0,silverstone,False,0.0,,0.0,False,gene,Spanish,minardi,21,14,0.0,0.0,18.0,0,0,10,2.5999999999999943,26.0
3520,,12.0,monza,True,0.0,False,0.0,False,michael_schumacher,German,benetton,7,5,0.0,0.0,0.0,30,1,4,1.4000000000000057,22.0
4305,1993,10.0,hockenheimring,,0.0,True,0.0,False,barrichello,Brazilian,,17,18,0.0,0.0,19.0,0,0,11,3.299999999999997,21.0
6273,1998,13.0,spa,False,1.0,False,1.0,False,panis,French,prost,14,20,0.0,0.0,21.0,0,0,11,4.0,31.0
4419,1993,15.0,suzuka,False,0.0,False,0.0,True,,Finnish,mclaren,3,3,0.0,0.0,0.0,60,3,Auto%#,0.0999999999999943,25.0
3362,1991,6.0,rodriguez,False,0.0,False,0.0,,senna,Brazilian,mclaren,3,3,40.0,4.0,1.0,50,4,1,0.5999999999999943,31.0
1616,1987,2.0,imola,True,0.0,False,0.0,False,campos,Spanish,minardi,16,19,0.0,0.0,0.0,0,0,12,5.299999999999997,26.0
9578,2007,16.0,shanghai,False,0.0,False,1.0,False,barrichello,Brazilian,honda,16,15,0.0,0.0,19.0,2,0,8,1.3999999999999917,35.0
2597,1989,8.0,silverstone,True,0.0,False,0.0,False,berger,Austrian,ferrari,4,15,0.0,0.0,0.0,,1,3,0.8000000000000114,29.0
7304,2001,12.0,hockenheimring,,0.0,True,0.0,,ralf_schumacher,German,williams,2,1,31.0,2.0,4.0,46,2,3,0.0,26.0
,2005,15.0,monza,True,0.0,False,0.0,False,massa,Brazilian,sauber,15,Auto%#,,0.0,13.0,14,0,8,2.0,24.0
421,1984,2.0,kyalami,False,0.0,True,0.0,False,laffite,French,williams,11,16,0.0,0.0,21.0,6,0,2,1.8999999999999917,40.0
7301,2001,11.0,silverstone,False,0.0,False,0.0,False,coulthard,British,mclaren,3,19,47.0,2.0,2.0,56,2,2,0.5,30.0
10433,2010,6.0,monaco,False,0.0,True,0.0,False,grassi,Brazilian,virgin,21,20,0.0,,21.0,0,0,,4.1000000000000085,25.0
3813,1992,7.0,villeneuve,False,0.0,True,0.0,False,grouillard,French,tyrrell,26,12,0.0,0.0,22.0,2,0,6,3.700000000000003,33.0
4253,1993,8.0,magny_cours,False,0.0,False,0.0,False,,French,larrousse,9,16,0.0,0.0,20.0,2,0,9,2.799999999999997,29.0
8529,2005,4.0,imola,True,0.0,False,0.0,True,wurz,Austrian,mclaren,7,3,0.0,0.0,0.0,19,0,3,1.799999999999983,31.0
9955,2008,18.0,interlagos,False,0.0,False,1.0,False,kovalainen,Finnish,mclaren,5,7,51.0,1.0,7.0,145,6,2,0.5,27.0
13398,2017,5.0,catalunya,False,0.0,False,0.0,False,ricciardo,Australian,red_bull,6,3,22.0,0.0,6.0,57,0,3,1.1000000000000083,27.0
6246,1998,12.0,hungaroring,False,0.0,False,0.0,False,takagi,Japanese,tyrrell,18,14,0.0,0.0,22.0,0,0,,3.4000000000000057,24.0
5877,1997,12.0,spa,False,0.0,False,,,,Japanese,minardi,20,14,0.0,0.0,24.0,0,0,11,4.0,34.0
9900,2008,15.0,marina_bay,False,0.0,False,0.0,False,kubica,Polish,bmw_sauber,4,11,64.0,1.0,3.0,117,1,3,1.0,23.0
1900,1987,13.0,jerez,True,0.0,False,0.0,False,danner,German,zakspeed,22,20,0.0,0.0,22.0,2,0,9,6.200000000000003,29.0
2867,1990,2.0,interlagos,True,0.0,,0.0,False,grouillard,French,,21,,0.0,0.0,20.0,0,0,,3.6000000000000085,31.0
6748,2000,3.0,imola,False,0.0,False,0.0,False,trulli,Italian,jordan,8,15,3.0,0.0,6.0,7,0,3,1.2999999999999972,25.0
11893,2013,10.0,Auto%#,True,0.0,False,0.0,False,rosberg,German,mercedes,4,19,84.0,2.0,6.0,183,2,2,0.2999999999999971,28.0
8209,2004,6.0,Auto%#,True,0.0,True,0.0,False,button,British,bar,2,2,24.0,0.0,3.0,32,0,3,0.4000000000000057,24.0
4886,1995,1.0,interlagos,False,0.0,False,,True,montermini,Italian,pacific,22,9,0.0,0.0,0.0,0,0,0,5.800000000000011,
9823,2008,11.0,hungaroring,False,0.0,False,0.0,False,button,British,honda,12,12,3.0,0.0,17.0,14,0,8,-0.6000000000000085,28.0
7338,2001,13.0,hungaroring,False,0.0,True,0.0,True,fisichella,Italian,benetton,15,13,4.0,0.0,14.0,6,0,7,2.5,28.0
8911,2006,4.0,imola,True,0.0,False,0.0,False,massa,Brazilian,ferrari,4,4,4.0,0.0,10.0,15,0,3,0.9000000000000057,24.0
14488,2019,19.0,americas,True,0.0,False,0.0,False,stroll,Canadian,racing_point,14,13,21.0,0.0,15.0,64,0,7,2.0999999999999943,21.0
6640,1999,14.0,nurburgring,False,0.0,False,0.0,False,takagi,Japanese,arrows,21,15,0.0,0.0,19.0,1,0,9,3.5,25.0
13198,2016,16.0,sepang,False,0.0,False,0.0,False,massa,Brazilian,williams,10,13,41.0,0.0,10.0,111,0,5,1.9000000000000057,35.0
7589,2002,8.0,villeneuve,True,0.0,False,0.0,False,raikkonen,Finnish,mclaren,5,4,,0.0,8.0,24,1,3,1.1000000000000083,22.0
116,1983,5.0,monaco,False,0.0,False,,False,jarier,French,ligier,Auto%#,13,0.0,0.0,17.0,0,0,8,3.1000000000000085,36.0
6481,1999,7.0,magny_cours,False,0.0,True,1.0,False,badoer,Italian,minardi,20,10,0.0,0.0,20.0,0,0,Auto%#,9.899999999999991,28.0
11497,2012,13.0,monza,False,0.0,True,0.0,False,ricciardo,Australian,toro_rosso,14,12,4.0,0.0,18.0,12,0,9,1.2999999999999972,23.0
2001,,1.0,jacarepagua,True,0.0,False,0.0,True,senna,Brazilian,mclaren,1,17,0.0,0.0,0.0,0,0,0,0.0,28.0
10852,2011,5.0,catalunya,True,0.0,False,0.0,False,perez,Mexican,sauber,12,9,0.0,0.0,18.0,8,0,6,2.4000000000000057,21.0
3653,1992,1.0,kyalami,False,0.0,True,0.0,False,suzuki,Japanese,footwork,16,8,,0.0,0.0,0,0,0,4.0,31.0
14143,2019,1.0,albert_park,False,0.0,False,0.0,False,russell,British,williams,19,16,0.0,0.0,0.0,0,0,0,3.9000000000000057,21.0
9756,2008,8.0,magny_cours,False,0.0,True,1.0,False,kovalainen,Auto%#,mclaren,10,4,15.0,0.0,,53,2,3,0.5,26.0
21,1983,,jacarepagua,False,0.0,True,0.0,False,jarier,French,ligier,Auto%#,22,0.0,0.0,0.0,0,0,0,1.9000000000000057,36.0
12403,2014,15.0,suzuka,False,0.0,False,0.0,False,vergne,French,toro_rosso,20,9,19.0,0.0,13.0,27,0,Auto%#,2.5,24.0
12059,2013,18.0,americas,False,0.0,False,0.0,False,rosberg,German,mercedes,12,9,159.0,2.0,6.0,334,3,2,2.1000000000000085,28.0
3341,1991,5.0,villeneuve,True,0.0,False,0.0,,comas,French,ligier,26,8,0.0,0.0,25.0,0,0,10,4.700000000000003,27.0
5319,1996,2.0,interlagos,False,0.0,False,0.0,False,panis,French,ligier,15,6,0.0,0.0,7.0,0,0,6,2.300000000000012,29.0
8456,2004,18.0,interlagos,False,0.0,False,0.0,False,villeneuve,Canadian,renault,13,10,0.0,0.0,21.0,100,1,3,1.2000000000000028,33.0
14384,2019,14.0,,False,0.0,False,0.0,True,hulkenberg,German,renault,6,5,,0.0,14.0,43,0,6,0.7000000000000028,32.0
2071,1988,4.0,rodriguez,True,0.0,False,0.0,False,dalmas,French,larrousse,Auto%#,9,0.0,0.0,13.0,0,0,Auto%#,6.099999999999994,26.0
14342,2019,12.0,hungaroring,True,0.0,False,0.0,False,max_verstappen,Dutch,red_bull,1,2,162.0,2.0,3.0,217,2,3,0.0,21.0
9761,2008,8.0,,False,0.0,True,1.0,False,coulthard,British,red_bull,7,9,6.0,0.0,12.0,21,0,4,1.0,37.0
8983,2006,7.0,Auto%#,True,0.0,False,0.0,False,button,British,honda,13,11,16.0,0.0,6.0,24,0,4,1.0,26.0
3861,1992,9.0,silverstone,False,0.0,True,0.0,False,comas,French,ligier,10,8,3.0,0.0,,3,0,9,5.0,28.0
1320,,7.0,detroit,True,0.0,False,0.0,True,dumfries,British,team_lotus,14,7,0.0,0.0,19.0,27,1,3,4.200000000000003,28.0
9367,2007,7.0,indianapolis,True,0.0,False,0.0,False,hamilton,,mclaren,1,1,48.0,1.0,1.0,88,3,11,0.0,22.0
2742,1989,14.0,jerez,True,0.0,False,0.0,False,alesi,French,tyrrell,9,4,5.0,0.0,13.0,13,0,5,2.1000000000000085,25.0
7668,2002,11.0,magny_cours,True,0.0,False,0.0,False,sato,Japanese,jordan,14,18,0.0,0.0,21.0,6,0,6,1.5,25.0
1759,1987,8.0,hockenheimring,False,0.0,False,0.0,False,ghinzani,Italian,ligier,17,9,0.0,0.0,20.0,1,0,10,6.6000000000000085,35.0
12648,2015,9.0,silverstone,False,0.0,False,,False,vettel,German,ferrari,6,3,120.0,1.0,3.0,192,1,2,1.2999999999999972,28.0
8713,2005,13.0,hungaroring,False,,False,,False,alonso,Spanish,renault,6,,87.0,6.0,1.0,117,7,1,1.1999999999999886,24.0
10941,2011,9.0,silverstone,,0.0,False,1.0,False,hamilton,British,mclaren,10,4,97.0,1.0,4.0,206,2,2,2.0,26.0
14232,2019,6.0,monaco,False,0.0,False,0.0,True,grosjean,French,haas,13,10,1.0,0.0,17.0,15,0,6,1.7999999999999972,33.0
10733,2010,19.0,yas_marina,False,0.0,False,0.0,False,webber,Australian,red_bull,5,8,238.0,4.0,2.0,469,8,1,0.5,34.0
11198,2011,19.0,interlagos,True,0.0,False,0.0,False,liuzzi,Italian,hrt,21,21,0.0,0.0,23.0,0,0,11,4.699999999999989,31.0
9754,2008,8.0,magny_cours,False,0.0,True,1.0,False,raikkonen,Finnish,ferrari,1,2,35.0,2.0,4.0,73,4,1,0.0,28.0
4235,1993,7.0,villeneuve,False,0.0,False,0.0,False,blundell,British,ligier,10,23,6.0,0.0,5.0,11,0,4,3.0999999999999943,27.0
11727,2013,3.0,shanghai,False,0.0,False,0.0,False,ricciardo,Australian,toro_rosso,7,7,0.0,0.0,21.0,1,0,8,,23.0
6282,1998,14.0,monza,True,0.0,False,0.0,False,frentzen,German,williams,12,7,13.0,0.0,9.0,33,0,3,1.5,31.0
10832,2011,4.0,istanbul,True,0.0,False,0.0,False,sutil,German,force_india,12,13,2.0,0.0,13.0,,0,8,2.0,28.0
6763,2000,4.0,silverstone,False,0.0,False,0.0,False,salo,Finnish,sauber,18,8,1.0,0.0,12.0,1,0,7,2.3999999999999915,33.0
7019,2000,16.0,suzuka,False,0.0,False,0.0,False,michael_schumacher,German,ferrari,1,1,88.0,7.0,1.0,143,8,1,0.0,31.0
5951,1997,16.0,suzuka,False,0.0,False,0.0,False,michael_schumacher,German,ferrari,2,1,68.0,4.0,2.0,86,4,2,0.0,28.0
9200,,17.0,suzuka,True,0.0,False,0.0,False,rosberg,German,Auto%#,10,10,4.0,0.0,17.0,11,0,8,2.300000000000012,
724,1984,15.0,nurburgring,True,0.0,False,0.0,False,arnoux,French,ferrari,6,5,25.0,0.0,4.0,0,1,2,2.299999999999997,36.0
9862,2008,13.0,spa,False,0.0,False,1.0,False,sutil,German,force_india,Auto%#,13,0.0,,21.0,,0,10,0.9000000000000057,25.0
11197,2011,19.0,interlagos,True,0.0,False,0.0,False,ricciardo,Australian,hrt,22,20,0.0,0.0,,0,0,11,5.0,22.0
3142,1990,13.0,estoril,False,0.0,False,0.0,False,suzuki,Japanese,larrousse,11,14,1.0,0.0,16.0,6,0,7,2.4000000000000057,30.0
3487,1991,10.0,hungaroring,True,0.0,False,0.0,False,suzuki,Japanese,lola,22,24,1.0,0.0,18.0,1,,10,5.5,30.0
,1992,16.0,adelaide,False,0.0,False,0.0,True,mansell,British,williams,1,20,108.0,9.0,1.0,164,10,Auto%#,0.0,39.0
4154,1993,,imola,False,0.0,True,1.0,False,katayama,Japanese,tyrrell,22,17,0.0,0.0,0.0,0,0,0,4.800000000000011,29.0
10733,2010,19.0,yas_marina,False,0.0,False,,False,webber,Australian,red_bull,5,8,238.0,4.0,2.0,469,8,1,0.5,34.0
5369,1996,4.0,nurburgring,False,0.0,True,0.0,False,lamy,Portuguese,minardi,19,12,0.0,0.0,18.0,0,0,11,4.199999999999989,24.0
5218,1995,14.0,nurburgring,False,0.0,False,0.0,False,,Austrian,ferrari,4,19,28.0,0.0,6.0,62,1,3,1.0999999999999943,
299,1983,12.0,zandvoort,False,0.0,False,0.0,True,laffite,French,williams,17,20,11.0,0.0,9.0,36,1,4,4.400000000000006,39.0
11030,2011,,spa,False,0.0,True,0.0,False,,Australian,hrt,23,21,0.0,0.0,26.0,0,0,11,24.8,22.0
10066,2009,5.0,catalunya,True,0.0,False,0.0,False,sutil,German,force_india,19,20,0.0,0.0,16.0,0,0,10,1.2000000000000028,26.0
4064,1993,1.0,kyalami,True,0.0,False,0.0,False,blundell,British,ligier,8,,0.0,0.0,0.0,0,0,,3.0,26.0
5893,1997,13.0,monza,False,0.0,True,0.0,False,irvine,British,ferrari,10,8,18.0,0.0,6.0,84,4,1,0.9000000000000057,31.0
9746,2008,7.0,villeneuve,True,0.0,False,0.0,False,fisichella,Italian,force_india,17,14,0.0,0.0,18.0,0,0,10,1.2999999999999972,35.0
434,1984,3.0,zolder,False,0.0,False,0.0,False,arnoux,French,ferrari,2,3,0.0,0.0,23.0,0,0,11,0.6000000000000085,35.0
8554,2005,5.0,catalunya,True,0.0,False,0.0,False,coulthard,British,red_bull,9,8,9.0,0.0,7.0,,0,6,2.799999999999983,34.0
